-0.32338773282372928107201761279853278900863122860977260641339522643486722594881271317216693525069641048 1.7469945025235796092068016693540545439016501228369088165703305484198403225908470695319018923398035033 0.26790832190635137079766514885223734071102347585163029904158572871817525301168408079126214890939653764
0.68323765939737615886757526181431835475684098056577984850272633510500615086004509426201087604285729526 0.20052878358687426852003186747696407252297491079080698906494515411320214195583735515232067037222197539 0.17050056168405310020524117620701422279965904734359546532538135556324464122253751676917030027863084424
-0.53525484870309674673419467389468917736272122522682757266582513592529076304831364275765806352732284008 0.23088133732133525000247847500989307926838635076983430910445967919565789258500684854766142290667027589 0.20738903650115487431114169080354033909347556265059957823024403980793867758450544391837842222726821473
0.86463388109347988372426309700305003659558463706238894096640443374879345479274485750676420559856450355 -1.0277998374440486393101822144440339023533724822624059978819949934937958366911449126541062526932617073 0.05194928990905442386343275408104678398767637498648119871000024613015838491563542797684184323947092128
0.40746014580766533646896156700213808629462962331666946818203339190545073354605017823885768441058665859 1.0288675209180172944575616878404362486115591147274429879387506354311941105404993683178474548275134169 0.031315333575038662291036950037400374477585389010399492496428673065181944957955868792762839649794008853
-0.067230496547446656958401589019056577619160681911079868641209477963183148964449197977849883190389267628 -0.48881716460212746616927473446575046138256322606079178358782389974794026171654497049116601055050249145 0.045873606903744655299068226976929987773324599341362199911912216668491610148267225862098839482630992832
1.278835321643530848104378744563021353201830658445207871064466791787750302456247730706277376483959634 0.60280235163009600164830714097425921814632927169924012950965690615381265475336050350972220361975328255 0.25924237081185466698993832304642041824317727491725679061417341478980730934447720867303912614282845059
-1.7759583904883525931781337332348654787243610680274227633843660330369837297091114288170172688486381287 -0.31489868985936719748803077985054073046017886873850374405210444044895185297449365048608407820378887671 0.076965049396418689479807692168742430428372823516973172600726456297541380145473950905873118327793015309
1.4569644406381043937312209114758702636930703248648658947840517822210510654223238263836870989868687441 -0.6835168433476010639498210418789500886906404185142093934840377893528949659863774133365200425749901301 0.26733102871339827378319747141015542734040308603187654114588007520702578172959042371651789845644961821
-0.15377786243017752446885079335307002548648306576835369344420395805229424809072265356608565240290660384 -0.0010270244374450150005139235064968232792380762526682630431083765691691016636456141365527759214132897167 0.18216438222164005501625506682095269732497279713272972728120325776227643064414358642406563366109690802
0.094259805998920712495211226564064577007661711522188538816419069698318226052002340175411102898550161917 0.45189063027235640428430458101552484100207485588679368065394240013934868793859040022799576473202160284 0.041144078597162501049854469738815580261899695663297340664948223968020899714214650439806997864069780916
0.12758369039613034433514674615865256770354083971121836583949979169241779697338212536959487083688981548 0.85879730798619748391714533805890400588175172040240484378729516983525580387935001889410062146461454515 0.26358260977961070680460117627388210128182885484742277607584050404173978256446145368244844142768646
-0.057570737927497272643348189475672281214469523652572895894914059095055804928976417051303641878689133134 0.0060509369317556884630488101527596641739818449237095021986914347984078572581217983655136973681471945114 0.095071769841768171445038246249122173032131351217562853062273944019535178336123887944144506214139718553
0.72166716016848125114792614294121378895843346190891441577594090772871224590307688082694479287161574496 1.1939709518045324640866063039040613865917196653814313281158037111857601064128904445142708710790652023 0.259700510931037081987697576698267464345564673405950716067121547624009960849280539691436263299111969
-0.86660266332750968046818585541028928062314539617383067216519343752000305052581075817605799849648874252 -0.68158694982497064366998575348229612640640246042014525337029540448162703696303886567895078766760284702 0.17728979829012087305182702820813475254301565816313477823624141127837315035395348736691353793226567351
-0.76710891042060864266686459748939306214089335048160326665666576931633594423799299609769931442725600838 -0.22375173999411840217601012587373274333073887838577706107763715466723460942214684261286076875745450544 0.022013945951496295792089989665593676743414348037900878768072629658931250225995320478508096153675761831
1.2038310983219156726098328347181008627293117322238378693913362876812370322093428904266107506746363571 -1.11189547278963019684369285615011048511124581377749536536076725336069727057734253115893471571842725 0.15884864669645212197813213892141388071414356848582716693918526328729108319658757114937816252251695124
-1.0699827612491737271640553343326017550622829481960864795328730277258018230604429153712661019830770457 1.6569319345286834171622402525208589713484076713414756448814214036451171812683172225688677516422985321 0.16795503254200036676000999644969749697317435377539388862885088750979427249484015096760287445066689243
-0.0029388571754156477535897455402107708864399837063195877116770521170150953000454645087878294496389615327 -0.22305732666209229360917764491898102111220261765984968259922948421930757024253912547440701275900884963 0.21074736463242790870483940653636935597454162640752464403946223590139783033810975957815995869236616565
0.57188738759814404648666197719194788711510235506811626780998710106462425134986204051810342760692982842 0.95565960601659497041722038557711395286897959880953620211427911996497270890419999939778121513045360207 0.21070576363790403604596126108978375634293611303426456389372196046605316022906320736573666115654533182
0.74869011585844942459327244017515351746746048003905517694465275896603556365625472930475282663809067587 -0.51454763882470731710588190990686736572835688652808479954237976073668582274846986315009062469217873955 0.20840451513127201018996243061754789526163202722072579896756675930170400708229590351627156192631308365
-0.46521633335823131681287854004232509521026189569357743683213072195252801023087157058769702298499541838 0.69134982648214111462417964834344823784375479313248697853813468893169251690741886618640035432886347701 0.14018981880007635336210105716879756429650485471424361064634276698943087451716473392469794669972052337
0.069435362559445140177161501114345727216522404273958913316654073743261304942491402948774927507515915752 -0.11173843863231037017611243588333672420174003058353116500547096099254716224118101301191481703063174286 0.2244576968153770592815389097084528278485343863509696030927237910539131272498366577251097557527949247
-1.4816410784512588880416376281316542310643537197788871605039177017540905438783453195398197681244418598 1.0046638730406258406345620763113504400105147191098230540385864958370186233558850198694736842625764264 0.1731444837414695079618180888097310987291964736786096877699426576360495699748286849961615711094585776
-0.23038180650303643242263409416201367400895688692208846018319156915709845899370182809107550183774133799 -1.9676906591724827431037492261033727655091207651999606345093151091925220348289080799253466970582257838 0.16434957315458325899373140496043612500363728274395189673263249638022812485240171355626911609245675218
-1.3822361103439229623569305444912637594234020082670410795099706985769484357677127540909612136237435797 0.35948990159186366984503797180471607563375300509734213899369996674073693143880813476114919096856230987 0.19722313919399115102320862939198605078691471525660912760930248075956831738405182522733145071248579979
1.7826185307283944782509165753884613511599724061966639908593751035245272560161688010989590601413649993 -0.86624286771220070020357945854066566169635867034023031148787594349554400617836655007012253542663041689 0.065772893353231551099391507624942319338159519662633159195464839289803562352052818827980685860998745353
-0.97952432072080454811926517409558677921612369175426018957521899056316735014351982317608336249923813644 -1.0684661232723278492467768201842243564266444209006548896884271648840676862810595643933524193545620549 0.25290703804042949777842457020458834330746779040639953987756231416686981852940116590242358784094479301
-1.2993521864192858739576242719321584678411634381778378881629005090321810686422840760617400265438617621 -1.0550360316196160813323341022993413423812565614942200400455153433469996549604577972473537688257824212 0.017965370222639994779503522624506564024137671500676564453877271706342007091613032989246148117124129046
0.80464165700903739261615199789073276870197224003233230469504484151471493690509219524292514042807069304 0.7474645167179960397903451355799790490713187279475810437644691609513826082325933721356809948883644218 0.10031173363394050088956098962935675798788898503516286116660111374442392022636218241375371025339549516
0.54756065110733989072670691808940482527587948425574485155954067907074302669270009056545740599148937894 -0.42503461813195900270930628484593589914908970654031521726813289008415554315152818751474338413336476479 0.16118789385127533532259609707506606601439778082275561067494899867232725168988525702162427508790539764
-1.5987385419740134297349058492012936542870040106766646672863899016428064355134528996529875140420985268 0.78731478543776788948453674381589720663647292960862451623448647355197750597912782442178676190951415574 0.16720410894978312945666388916428121195569059811100672469694584462398886057833481849920210498836509235
0.030201961864287981542821378420842417429084111278970746924180507032109957380290320888029761979686862432 -1.4985254540858255084841436687216484693785607912141800198528405493243807722537058920442091942494251926 0.2723770108343707812136611965303207409560730498602168822443990366347934600458467310083285081324775694
-1.5016565373947805243306896778649631569686797939684167550107201208320573401180663370074347221642163242 0.62837684629227952756929508317854998604745972598117604115125353473448451737016550690696514114076506822 0.031569778324004101268796976628555995992529093919319356300907658018537900269630193896163210282566695586
0.41003193279133690253665733500391581845571308041944998060603510665995905559013219801852431843477955936 -0.16408803426493356951105905405725485758344057694629104173203997708573820448346065954825055438467991097 0.13122318304301227299099084782128693748113194728717862967451565499254930145952622686957899105583820774
0.10074366495921036461370759228533851382881547700295097738934065302835037844865729082872189532865756904 1.6099912443161852770703880549798562929272016151067976394477855861882759134617916088826512760977448089 0.017007034919574863554254782604731262775858481946597868759658564508351625864787288337097821055139573952
-0.57624010201022502794020526734619810839223865511515763184349107315793402721658831202230846119190698471 1.2557057729873717749799032256573507709358438891511617511880449420316654317906346856744062658911678398 0.1422575312625319130920585217265391508896285359480650610620236432395274152391529436836546913222097487
0.61171189911498258992645630854111238780006155213128093481196427272145510001102968134736271612093826375 1.0239598338466949058792210948549077022173037567937740268145948518155407033121008963363517088475194961 0.095587889719635676615348970858543075255126988803685792555049163393913008025266371748657267148153607171
1.5320631057325186026325271933672949794721011328354589472164656293002760543140895748428679519280257026 0.99758824218006857647616238555326300162170914339756269220354985498042007740851456655931178091994307387 0.06835047558138826397461278194864103098669283117925810146314174531045718436837262642175222103897734156
-0.63172377982136141819565476120229758218185002122537774219590559996573107529044107557490818307435998029 0.99255039409161721895026596930184609647444837822910567245888220830749847601673317554080734811187709559 0.033746462493523801368380863782866033388752918555672834094432310380844508411180247543369404125108892011
0.10193337275988908713918884204948523277322460950579957963628993626967456347692953082820084817548126773 -0.26889724916991232761696465245918907336212043594375401650683633616560293819752980240180224015693266431 0.18168249457458423578153058117576164586084917708834095518864905349624633072058226804492542614867156934
0.005911736305104763304181528802938939897929639344994443042114324661412482250661221834659106572769661102 0.4226231059489880263743504055908884683405744129236217023135589158978494897544701658956701255696264085 0.18549049354142046921478445103987577217363582217663838226525445522375057334654947057456330543700372734
1.142993524215159507144690997289511637363294906731164542606671711127359407903418078107402115840537015 -1.0271213170447727341877149590493540572492581253941295213329114170114522865719939731400729018373762506 0.11828149161689854938766415269920530688931936988787821711949262119909449349930173068362835956493086543
0.081828446698599030582991030237524339101692323296249541657461527051207235886759039515257997163673444458 -0.55969128813140386319052580912030704681796128486351123682024879486735967193449271765312917297825220005 0.1346642149509210283752186587652214836335357285194358076802004673862333763585216448592089591649408161
0.27811901604014520393614591236763221376943927007035853131316821625244943107413586749309300012891597728 1.4248348326054700130062143233670886574592400169235666894691906691585385282482159352770586005803141207 0.066132844103546692582516487949584756049568703461484413661226000308337880578542194710065552307286768609
