-0.28138011117868111941295656310976130908407280212204680753521911613843195430909921611923257360332262929 1.9435740665006323295497337261256293807293081914508093548087638652690503235483574710809803086621850056 0.021568981125344365659003442249839159903965980175938666498654735376053006056165959188786318254780122301
0.3031670348020915280332224822430446938221054849417472603413660970594274724366318932032785965561745405 0.53551737884023135615467972865254174022656114213002934787414459873537896045671351194395212733863491851 0.026925947914699894066156057317941237462162120522920807405914244974091275835094693186242476299878444377
-0.26533463718774906054340360530683360449437114457910133588611855552750865887946860881202070042310305603 0.28298746428873610635286200146562483068478234288549087004192718132645340292230997029653406072143854645 0.15026399605931101751848345411831101619699703692529723480618457364964640113096308858587481980330571191
0.88249826689214772377476386327907728594764369379379653804968367517799707392716813193279223935988525968 0.76997193403108534118561124703045354399083539132349940975741359688135882398044684826538370805737276731 0.13065190875728043544935679093898457364183789701345838818089750127673152276437820237559904292620486821
-0.58946528001767742732690742007478419444415342930400601390656529016725089441329025972328790639708901804 -1.2789776164877342072090519358082055609368138699931175567752892013297204599809581576403292142696831468 0.046523076941897609586341918124945463562617674630861393985907324737236566685654650604741447532478798993
0.21514536341146547463778589543586689019302212560088083606621818977923640874888832859771116615208933458 -0.059685632287880812605294156637855657942995751474883712969162955246867978305962172009303384104800233638 0.046206500644053344300679624008643401388173286669412211119205609728042957991322377519141993234465449172
-0.94972421816262852666467351136383619755553267427098845200545337611115633946193548529765939608025670229 1.0027997065047849807357839108795908095182412377025054928038912061636426447805345828667558829981700175 0.25926012084539798688050441734881425468016461652481293451026412805893130531786702567767779882726463629
-1.005286485331313475345025819062381735815736593841774985863493944982861759972005985595248150230176979 1.5330395751833485707167945165917432180136774241920871590462212055551656692833640991969684556921039378 0.0020132356737097163978516519710441518116973872707697849505553567029564781174989286142417036904234636179
-0.2713088903625369107634228172443691527624856189039798987293857009415388502016650638119935536226586422 -1.5240764130799106666526950181741470230329462766587207647100194644180556607207914892726963997189386507 0.040210648223831989637844877560166283583913998358841795165777404159078302060005371707683467209272672637
-0.35212232499864323598372553977870191158736604442569054862132074582159691070869258812097837254337423511 -0.62676510912416977792194907229636176110259532887648052152300339324535926318109086876098830118383366788 0.14048393990459249431942422468275361864585346305459270687942363455136461840089034148004931893850471749
1.7724060826731699773009283365675133011738848291990805903622045504954506140615522314215849549864978318 0.66700314412907835098512031592392885976154661511293382623227865954199372976026227454909481979588742233 0.2540503601184453392088629068724894705683971185096841465998357202411623406068836863697803080540119437
0.91074905434771072641577136677833144707323626549126798457813790697723732140146271607012106704676867827 -0.082291227718197405434305108457527971113544059674250133662606450609112271656899166556680825840563695219 0.023022869265496749690582419106814718010543748072296975161287618063366352949292458067020931307846108019
0.88993794169534263214468874989687374456507617985938447700103320913159628381339149380868060932030086426 1.6293247541817032250336812612420713788401708739395564590295258940706712426615818309005425828591585873 0.096031649025537066186137515310680982542615965544661379106876489784355029506581927082576149442911838377
-0.67199102588849849530256574918241187442275091205986116725070864579543472320390133141187733532809095813 0.54480614612491730929299462279252462947215078861528371211261269804936306242720863027463968525650170321 0.21000565441534408659200612045519805872415856544041167987526502235113335508103863026070550973691916225
0.74592001537067162200214733160630654541485151611096804810215133857862410683603138432663125979426663644 0.47192287816876198731621896723266535341320485466610782977901400000972707817463729209435068454243270278 0.098789698023991113624531582809601482348546870153308764170228993889454575132027179595011572061380786896
-1.4791961963928063121475511001666452241217278449480350019900867781145522441433244420643422769290978897 -0.91523645355297010372707764140769722798122608407750189693416218469083189383509372310190812881567916926 0.091998162533053649696606772745820744425794413208932006851783570030554611825354111521966469840276507053
-0.91912392772566135839266689468801380186059127197346424691026195615928143519725387469845530376586742236 -0.81679413295689587545384079281058543124557422479939383165036442464946985856705754548769336749947180019 0.14521203966199378667960878253829710462279719922263049819434103060598404701314226718105456253062447523
1.4048567370258489851565144036251067022454823631368971386385968918308227997730503237459991338037091494 0.63317237101568521542191355619825451280819538076711625735605099462850181887922581177406176365714485632 0.23390000117488190811495247378347717694806503922006669683006779580440105192066878379117579187649561352
0.89597409089012290548448918181692000616343899498408776572587340973113244539688459927169670678860517141 0.34804015827040993157590672510892571479157626119522817174077567490663664757796174783293706607951157189 0.0033365376994706506057032545548866828346750021252878719269128507808529511527479300985823515314197422123
-0.28714906042805445397689116115969262134043236073843683996914087523687436182687368040773901314829308881 -0.58390792145976568393942889307682043433330200935517670636165280475491788967868700663154445309011606318 0.19943115587795980034203021258076330499204845361048480178536782160187439501298841779587313572113562407
0.021027173215179757602273867013339893027128924350196809460472946733766808167327987809875755211321551809 0.96124383981156968059405600730341070967085507796794315024858728814535222415348327698053889275251836082 0.09231270272016976651988267554246866504424570430167174566214965182839416702466067158626888528235550733
-0.49426152308320397090816118248159394301157316825144877900501917662653804317570674364809196017260304266 0.96798377566611639286693425417878140608375745373497576540202016926789638472327142278637378596638759534 0.26921453099269399477053022267108934831638277988052587275115921670445242746643850056998740733743846666
-0.17198528520563690575026008891027520373989294623466796280157162697907151567951116550758481798390438286 -0.41016516032015551390394168034142263034498637411134898789622100676096653374462202622971704959426275488 0.21808280988267270834258418241609725142276801515951550965692698142768250936824031560315604385206048535
-1.416902877706931037824608602130160221259774128735680139124597343846002837316249375361527728767393954 0.63030616348088259259118425383004766461656079618592637504864236858213404337299338394194349424667572041 0.24480315592948870788781019349276383063245305896718904394640411737569037390657827903777232973035344418
1.1968256272695619666154804752977076794920934048737943169273912956393779014024543006347741624665476584 0.13423681386331100754232867436762319716443823584200386879307966181843581021942094332612243864466424501 0.060413919556584833299712717081578952747937664365677142687653314208716408628825313597103462309093231105
-0.47554987362145440738825578206271519426984620554718523736091028960160872283328795157282304589598939757 -0.25007716570404673189159515379725194618673081837351637279792777988323756401287841314778712131526169459 0.12579507803008563636957501054635119706432517626398876999970929576971807019357009090955560202619598475
-1.1803739191008496325363041881823094538839410182150763395007517846759092647524676940263916601405426913 0.090604922501447398248948019178197677991921886563556070666346437270412513883887008025763186911993870654 0.23237786860410109519551971178876518968130606354732452946063261658301140006694030336962077138202145378
0.66435928600769921267731911447309357026172966073078308128126040018312526781827337738521707682357301475 0.2266390690851880050500440426020718084209459552144699203430419284140639290012449787248432987560582774 0.1959194581806164305909556614381016368822042488158253063875841932876243527864102808179331270317379223
-0.5209040507928639765950528724423741672546831918542047764303620318071564970644423529534228947307861546 -0.51656749816802462726170047954807012000799981177558121726155484810255673101245842241317856739820904186 0.16841580901477830771821364585913541198058460757272902034567389066016496441940305388604918331417582996
0.1853428684057417174227572713073912649452200138613485580176498764877261976365242473304463582545770283 0.61552229347359300649903309846366838496183307732636427992052007478172178409019071660081328251378348501 0.10938211129754629095030726205239453223065289872047417767369123573154661908967356711073389856157185527
-0.017376149498806860453789780657128427013749543501073170754246765478501480709698894344810563752119485955 -0.84823103100462471932668489163488099479726928876349583335684607262026600947380413185918274476678348312 0.16350583787176013866617984085284482995092389446718236282936055786334506457715027077157570267802940667
-0.72049242558699745214347085450728307609811029235468893316529469939992805654017252575157924600217228581 0.22136714595693255084423711008188548905953506246052757272703708187888208201066159796272091662317136271 0.14817697164767101938491273531583315332275641074466557200096743382194519548907093713194480567197926249
0.043938464334355683172627492338550411673097815203642988591323604349765728256130877518866297479557527195 0.60933644027174275724834775430597526060120900126268682459140063125602288409134862865316019448438493217 0.26930804630429155105831754512567430364513566444434270384601236321241529495207460369787401943795184723
0.56307571423843710088854427065994774451800102616705049474863457152972122495750412033508006883524066328 0.18304060655428450476716930529428594406916685200098504160415896728567441917555011957276422905020127017 0.16606803020811293039008397329046264348281867170963750671841135122130829434450556049842888432145249112
-0.053800809259004648588583709682162889274625007001655286924018566875359388634266024515229756198099675956 0.074303189637901565352739817664599410979604631041065256585736414144974121241767779310537656191108544793 0.088341124573959248794090676774028121959901114270151884034023461074030894132018887948994988881218188208
-0.43934741769588208264085477770706998394892351351686797339265534005826164569246260073552586483991316249 -1.04605797261313861658423506626256374961976647740596242437606647049467488293895540581285746633312414 0.19742353625661985427145918774605774210492394399890198646894868469331909629776005565775989774816026382
-0.37719943047550260280618147310321034160678440071906337279511338783434937145030913023075980236003558728 -0.0092650847700504231265907848803253510381317568602596607312371021177511921843457819274652040335673080829 0.2736157867385963116967535229888376554789456448284039464113054508230183176068001883755532084696294191
1.1484586913373123680675329105941228626972620515847941503831697044560757663940228714884089823028774623 0.82576114744982321557477289760652318272443091160318435628580327689422359309329723381063961479043535127 0.11648065167357021100331633255593094075728455946814364683759395081391678556151958350707115969548901918
1.8718646776868977222660231993704080420253880648358405292968169210564490252905345087332702749470558374 0.28365025108195386799289549766278974842234819895691172921545707000857008818858261892178767021098588483 0.21671305035110344050799011845437966058634501535015808846717657708024499068275960577137825497453753816
-0.039925698296771782389442561349628615795018505740630523459706361745786717368938067229262365293841800251 0.29620191236877365666777430207478658982478073922492922721854867805659424764044178731160146492779954773 0.081370264324837681786135997742134690452856598222548119794652180094852691335817180587932473127482160757
0.0042480370944660881631155312125830631486985187118774281893427409958704106142135161901976331021438394293 -1.3588112396055318025480405540545381966341878877426958610134557067674024000522305831714123639916128291 0.27439773583692943140396215322835753723674235272883826104094832533788955363741930485582551630068856869
0.018409796149297825052091348249652225488563265236347278989902394949332995834597169753826597428868454 0.030169605024251118756579637090833579707352917154753771922934469017710019603464332829517974607241948038 0.078670105373376271174003635300352155874767040725558325645391123833054325574299044093591768913322197854
0.0095876957562625724879524998577794833928804941903234785040031741168935050214038019012124257670885868307 0.93525700102562455856206926039294447567160414107682105214513474614368483365017353553412877340524104347 0.24898027103946504241360613023100937174223940668758286804553825318334738880357174806809376540757453507
-0.59533789489165446579650451263440823160989456623296141283398858614187239526314766911564231847500217791 0.34457545326438065552511238705531091370546099622618228412531091589505960766497481033299244756952206199 0.1648586598803099323164779688040997245174353954228118178428045085164656240501236100467831789282558706
0.18428101933797573821716726261594237176193894951549377096091619574649478441293526948959569779212034013 0.87594694903419243235639746261898367110110458961224618585220198751781631612602568613204295470309219405 0.21925426550719112924913415829802360053011992672067230478586092465999229711486819533839114866559789551
