1.5141125213472478226609447787757079114473185072931697790007328596645116539920949066121192398242338867 -0.49054901618238665683937201178998899155042725082770273940309559672058788718040646054510091929425157101 0.20459376451107786063335975970282362547657086160029678563762257383586827951191428771149438291166736378
0.79466703687467401746150029381409045343247079374828907207298344846688644347787152326540967987136865958 1.2802857824163611249324911204862978992981448094297089582098455676603605372886964881593388318844840857 0.26311521143348360808867241665383872874538008249236649939233190838735761967497738455837867289162533284
-0.18428644934087916973134633893809139927662337714899010957200456811227069497020813585839459553880147464 -0.16619370855586584814316532899320578482772251354687637532257375209736886121030918927940107645651795594 0.071870826481284898731908616067466626973151172991506389554163048454665840197850001423491519612084428794
0.69522972744564527370829160587097407564965114813535327413712269900374452316838848151333027963698946708 0.52046470743423513048625119797335515866759908081347291629149823384869009021940157532357753139955220386 0.082299829769095555313195733517194471590070824426305223821462700188652509224710399539624213613356785835
0.4670729156829114228167842898651643241345521404366601369889584411677109774084177267406796085087876632 0.57933876534390465498846855759658277931605956221658141959086190054896079499305803333436043726143625969 0.27780775039020974542083325887411522481036502382438260852452782409714822378633149759621086447448398523
0.3897995068664320350302891563635536055535887983843722055332483631998602432488589890710605555420208044 -0.49045782824707210790767444314735523585767728914552553261367434171937920382707044969441065083976484439 0.15825266667333583516233187857924884760818030629195425477862515069624887589607647007291926116986970651
-0.24483246644450554826407464348409121402074790748976317067636893189033157092288463904819375679128284479 -1.5840381678877708547998001246807399088030631950353580448640251930197390069519868343327992388481883739 0.26569189299169928623163735891643001179344241782530853007122682493676651110663240871722746086971179375
-0.84850057317017589314334434018373618287869262290803459056034537504068844759349539448590575314886678688 0.78097981098354195945438806160784990339981275344503768823652824950476649890097237546567257313033688476 0.1824937560694678286580484407849685062150175797554036111288974188856536374043494994071791249869944835
-1.2190768396930520914387605355439322724699327156800007383290519931038556500139853949654298000170381562 0.11132790132288977150071097135129409438317936689975439161353756373207108854808788965870749543426099732 0.01058080833197182848129330060899146770052998317485917395274280774225472168588602379817102655901830661
0.15133486440221760702482843798847034670827479253982374362458578942227906533477852779181141483298702078 0.15076070238771026620901106460046875309529213105388490334247340251758771761843767950052311956853515278 0.11171863427033435888701036596805620285408075498845084771761767831252965511678222155256086539269862569
-0.75781202024143365607916695572940767519245130628730019035254823984844243666550020967372159924581856322 0.60665674042866910375075600788268155586397023842992368620671124756489250081916551580284408042822880622 0.13094559561353151456178582995747738103018667134014350866502061528246483121448021131936156597068027724
0.044864232355388303898578792707599746637020129525003000246447396424950665889581433497075451426924580151 1.3582951538698794143991841145723146178732353327084511498193793492191128529425661405561871319249130001 0.10181730052843534091738659240168591702427237749028243389221751758835330370371052984695971835873826136
0.68349337289258092748390475140624473072429182391637339632265744895479513139909435624916205517439929903 -0.57090891705169489293108229449358140215674567308038903051867010995107841158165268930912832884275209764 0.23671124979416235228607151867835076693128897976603504446712279325237370238385148137179672789581580044
1.0613498119539159096108642111843980778839749764729853053889685795551095643930127827029834674527751213 -0.3490852823939673277924641495792567416104060324654438923128670697830026916406036937038460090701773666 0.058641030066043845303324237813997284100113963097195452050016932819253379339911563068174097384362098717
-0.38199342266218158153489421967007251032601474813814429845601415522120510523118512063770867726099287901 0.90378347452136906507731190999081155045199189271990042791997946323434379005479627046916700913955128104 0.23288657046339864559802698968335182154439452309145253956649032180172968733666401526169223570783820217
-1.1883564080500815305648140923849112173676610743179314659847911190234087614802592974660263972686662048 0.1284215111509101596960550848422386589144005160811815155004333565046959919536946911978191600657389497 0.069216435426858785352928224899357549290930094576501557230333776191550902963234533905851647635284970102
-0.020620114686955083469269698813005706574449753899408149541775836911411291028026132018184835472424222959 1.1770382333455097310738026008024838233042038257314739605173727636271085004881464657958174212083020362 0.1672934358995832035540087376917967837322099698722286311416143462752876520074357096631581193588944494
0.51093633432147552182180545401756698858316392512826751888861042402911959991003940163473505630593826835 0.99294193199368715054429448789764316052801481069339268106052859384844062661150755773888904629194607099 0.18098890784140075514379938257125102291338984896258902582714323452301806918245289447800458669060363467
0.67988775385482175534690368499878100109907515389510374096205778388877994055334264528107206661032741785 0.85631788516689743512239764721321688224436194072579151914603907251959717779159382449431259285778805896 0.113082796092397071694951927327392413979178578261413306883610833133054062526768236756917026669161848
1.0071625440640920403729461172238246570446706629991176053527358776156362887785154513865620163195139898 -1.3170077216514085168085136904523389518117859182174633032953049017558153212634204332917296561676254566 0.14307499697114125795133041123096883558819998954053473472355117509179913401340972853303458673419996232
-0.054665882980660853402424642627848954537495495581889881498227305859995352133360063702336072537614584673 -0.359341698432293540506822423420335668994146872336541617526702914028217414998425230001070809819757335 0.25613154838518368049892163056177103921127092566241347661990648901676392360630398051076843156987026134
-0.44111535886307084942151459869521016920061958465487521326310442233201521297593804931599284772118673363 -0.4556681189326213031808345133368955295921268997314510315722925369919505512052096795507392320851422401 0.23197902928252567696926710392155312494564371870105260664545755687451204636480363194513736950483199227
0.25270025072384038302263356260274280714168342624616260023065843888997200013981720434334563737629868584 -1.3082047292778387840245978799800546943281512225056935943507923630030241211473951382897102938592277649 0.042727757955855686876286767185549931752267753200616499982600654120103236391495388627810534669016308242
1.0406767556286617108531984516874883057978278939714421819866874331300973346181558461923532662997536278 0.16461702187956310452894031642292477811328391354457139638747511688864564060052182675259163790516795867 0.0055753737882674674935499604457317840426722445932904806669928306489141607421953529749580103355402198889
-0.4864873088174937953030550581219292128666616516045988206712526997956988158686727330121823935658983984 1.2666424279119982912492645444383531203242214314398775422354461339135023854678002590448758268094060636 0.19384199810881864644087689151894223041557361853002792866011412769641261948698533896937242621531836186
-0.0040513995773194571375214135959396513562523987042891943806256318406546327811771264999251228543635771147 0.39591405750137255146806220937082006529655271131218510108126977566173048754660510083400468294776233365 0.1952221394380821306474062919088456440917799348853721225406676172935924073280924064458671764916028562
-0.33396128236379694865314664982324258299501599924652502007844234027439192669057977531847694694847609698 -0.82172624010559922264520048232190795915447357837375120174711681610150918149066588999896772813991810956 0.13675486969259907764084163842710432106517572477543169297477497491208227095157263281896402627092267808
-0.8697518846156357572410084057773907580846961223254701466572612687942996581636097733281728499269813812 1.454665633679192864209639732271957333314748456514183593028234976287794896304840642933128904590849835 0.013963458782768028277734434317459192970173804335568964989631323644236623089177825677488410222229592514
0.12539323562877837039478944410413613416191003837723645865146467131103544235533895709027262706673459472 -0.19305824726797705690789391121709900664262328011866815233400855267196228105245573221253946576360763812 0.19583134153579722873903786593609497441230100833024818076691674834747384418422401218181710362859912136
1.6866913745690951896308229178238841598064647239719213039308258839908548002273560223443665106693182539 -0.43100023036184975186986901877354319871827459715355243312147807149415629494297381100442548954096311764 0.12761346763275883449590200221482914165675242630023371549220571998044130167033198612122935608601539213
-0.61608647414589755815483594639396292911586196804674970301367540456671307175614179665986855967805091693 0.33167036198853687897482039125387767689205813242993658368558590899066442564709070048409007199024339895 0.25534415808236002926671024557591513976430585080400144350763530117434930141245640866598813277210451859
0.53484119610670740375593824313702195863729963291172435143418847750748566753932372677330179807913570671 -0.59045481363078639733101442092213111412817697818186183359872309556134867151272302871880813430895583475 0.04021200097876260371908024613569112470673018761607630360284811504402498618698702776135694043125003402
0.72055952164330031266343165342045011714695701451676489453097469513009941685136471462022266591647657346 -0.86932641950341466853387151256541000789455185123465267461333410093385129216758019686918344641680701672 0.073946070905322710995624284742874370527631895914992794969461806631008891439462040251302761372173486225
-1.0132460566085830642924900630605077433702911711439015816201438582446540080403118362191454195154174447 -0.62132809182279475284517828408683136065023456198905190751870499021409335415639108803464575273071993077 0.18122466857434911319898298665939638436275069386722726926467080581639528548924446484407026619600620411
-0.24299811091978742206644914583167661464307209237928360861877185131181723294077221040423997155517887587 1.8248828690470345214126346529820453573555918049381380339773313218959868731271654834130144333186398731 0.16118155070003330605967689662667827206322103438018583402933276366468279854081274420553925640353605732
1.6480979820322323719657956786808683212360151039271036438267748940781938698833198322815499748556597356 0.17259056724431416883508097412571149868561991223525678141304741004271891255708840941713953969113354897 0.22956627028213980907745270551765018913571797287036758662150503399155699528647166363887469716225174025
-0.58439894169251231340827088980008220419183801025950997241955035515939414631734709377228398475926974558 0.13405538339246603016198739532457643953551960820071214981411113785127932585806227388005505051250699247 0.018665359790519586209761584965124165667703662350783074791953117226883044115502128584150269588013615623
0.43374290797135101507940648656629425277560464761782576742241588931194047215700801989372619505674157773 -0.13709779410802235614668287005038160947627787477277927081969545898035017883166909635143782883967689562 0.20293794368484005542846367100125311605646005758352044851589976995917166814404434713953337979228454419
-0.27432478550241762699251745501408874252670815759946189235183191658137472460348762286204143930030940011 1.3954560423962487160697572105300073777243647879334985246653120324761891006729229852789943978797736628 0.0454440865832218299421131796599975337682606810520433873741035134070368520640427748670235245027559456
-0.91622518766116543614239433890053709801868097801905741229174651816882065425014696689214824926302774951 -1.6253961254672122939357553007883614710977249018385076933075893547140171188642483517386478013276793518 0.025426154342144213832798940412599647151627271268842633448301357488376263858550959113715243496627602439
-0.55511346150081322162391450238483507648918245295854752436441933143510463151253233963640480955106929561 1.3654841963585462575455360428744687258243528591472129368533263754704476867934747930664839590752930937 0.23524087413275711535386985920980584683188122434945772384880589260291749455163473813138277642851782696
0.22415629738331905833987956820211562102318371815839360043961000997136218317271302824652020941420975518 -0.0041965241248357637615346167137277396670113246967673402752522435926754176438574118834419037977072512899 0.05744399318985745765141804327446349127115221001996613898778172893041677767294911393759696201506123852
0.099900853069587784858020589319178981920805612800208907469797736099195566521022138974935627269513916223 1.1010658112136840947928767095678638491659027853330882046622890382017397734561461137897361285380044253 0.070664585731498054392157289322379578888409304456648956623896245467682916370157866619467649851802261638
-0.92676265157505969986104841424566892790163884629650741947474805078365126780132299083573638579298618825 0.39491033808682642048236159081157735814947866076483562533478156502192116950183819420134538718453756362 0.14157884263864844759389782158925159394435774549985189900531230636883038640704663812299538422558390379
-1.5334895764935229443140724948015969068503332714402799779146158827877084242973289947047507721350801529 -0.21686713732367397534747097668417932255367063951504402238512706495830748985974456173527862406958298755 0.039965104992879989452611000761081434827489545067127913599782395377576284261477948095602584019938516656
