-0.10421692554050250027370955088054739065647643734742178219937427184261113285164042591438107920643184588 -0.19763491327469305334237270325022498925296659636801439617399413558590439330342586658097685112614287542 0.19845951348550629774131950481789670925230167445660183636312886401079931673756582113155128530142999266
-0.079553856535055261875138798220042697297561158096519684194325809754413084156686638656751752668928930124 0.05181587244620769292718092924956209899202160205542091489188601665286460271000132265088636464421771257 0.044250118258727638598302031579915099316450068839187803931662411736252434442994738344025634544336447217
-0.80440474437941396346021585602556814898684689894286960787007306878655798913332535772761008359846500252 0.45547007435356575146730882871468447561089136059815432894635300832015228403539823943117492762008364551 0.094546215937866924772766919993854049114172845106494780063640292436734952671953135727674137386770711842
1.2168364573308166741909778257082767697811507890240206582240695642126388414387697292296107878322203622 -1.2020273178688232071120373282747651937495455127843984194110172688992302983911683519170538407670662569 0.22822340792532730515154225946148240353332491110987823868819554787188651533789359147594575285150206245
0.12242583165268584712699629183993192118300699038475150053283487740241684265324622029530699788121965143 0.59513578015487569099780934531979251828368073849957949464696582812492387891474980965531612717577969855 0.018190545912966052344949149538451992259860231960096579497232957439860902082692917129750308292152949448
0.88111641492121133024735118110609908526259771346783387608351790250971965292322399538892262830911966429 -0.57650610897674879953684385009225190119451342207951059953960404220957410363214842710081569206718801907 0.23643564098757889280372187453315635878484457212430911053099301246174094750228234013619539308780920956
-0.27228507408158970402324663594617713826653724111445442413051151725710819599052215689550697387473228867 -1.6698660292769028418179097854375926063644544277258648015283609679956965457733413384081929162048911613 0.25331663089893611945473344547856103956737349508038273368683564839344601861344273233401190651705199101
0.24492100338745323373709472827452417775462879881528051737514461866018537436388826506414971529648343173 -0.32879660399331098422751579330883611290402933172599865361789526047263732066530769325397686676563233394 0.047594731574273250078835238731101508979623554701404341971769118708142265940074121952699689757239620814
-0.012488955127753924818989214535423520212271112479348531223526571194725620587553469703619690321159713951 -1.5303869159309975726054600822616283685402353474229361676748616927902453903448519384362829557639966538 0.094177428163722465270788195641308578870663018597749467789371508994821631928944666984872446211599114585
-0.29083580133007881181191123444355310746508380005168947577346629686279153565523182223484389193427456271 0.20340496117676969616551138941792760016076964168619072864829682845157219442296544249010229299917814534 0.04661139316070384967579966607874066556871531401473132087914170256214298016761106673022281400238065304
-0.83830222169220660665444848810749653363881880410638236036670789384803173740705631423565566117007078003 -0.89393582407536255090124013619364389726726652045665844623101420827762260412211727815129774034287752349 0.23525731022932484096104115056978726373819896966872480432904599847799192951804347617595566252803043233
-0.55336335471949707459768249900313246567869844347328470720282621330090677906247015945482362757827015803 0.23262031521561577274105754861841367582380283671730013773127326311829126301851890035929691125305004611 0.25056646651112647485489918010648701608541917006921636068037327227218624670514006823131296493264593836
0.085738464262674523803477020003887183614762252385634955036838981952956894741331608046567964084574537852 0.013558174340989631236742808722936060626138236163457327091742458142454913491654991106197794999735591879 0.16554508765385050356566402555328482929989587391634129310389957537284294701584920652125604948290209408
0.74053454662064164064693583469075882115860576716336597964505555754653640586067415329613232194434106956 0.42286994440394341503399731821166930776304087330332233260420846900037977753724184093748101907130142937 0.24437264950693728619011950377475673123475480029814841891623601329919817376014768419587597535371001735
0.46536331225045471742597097363030217697179139961972293892157994325938830821602091769181869160017200859 1.6022364312111434338439420391570199992844778577567634715238830461029155461441934629521197147715539872 0.048263769439045907748132832628335011465570266416130305738277591742746406389687144979719640798479433095
-1.0600470710290798104000840198931553752731730068714918697096162408845907525928867219628182248549829124 0.86879197031214143179264430005828296298017281810685445810876622903306872443774654757516223292802244173 0.14389831794867351253880621629062294687765363423341443031025091964902386648008052531960657840273534972
0.84478044169260896723610774745934281657050108109344492638118399301238623987542255905011790878078657206 0.47926105438006374277627370610442697901640103495663621487955527670441735937037094538227630820815053004 0.11664540621981551631497444670617605767409134437845155870207628080503564592725155170278205612744101375
1.8538520257828711758119026927987764336607069136754305591925397751236375906829251963501749877012607235 0.19246039315152117831631858952066342148936725738706183292390133389183343533825192030106930802304697024 0.033782074457047608154436253607729977986055811023653725177075379857903418078468857612685923055930690018
-0.042687987446410348104262446520153891565443328599908573119912830931409494109610248569202203044286158139 0.37448882436569892555070291897037546926457430715006693637144655374337235331573675026099531747849253607 0.27098436513703281760352836276661235663789527775236881654691531657393326833176548394808606637873371285
0.91616312501290061728692230467704022082730460208115040891504949482469937781487796983138672817726730888 -0.053104878061912433959172339389135194047988500703660980213064431900742171159647788345812143602938196498 0.023367744041099601495298456435962700060196889291149491183237377069147494772132350099387008597139303622
0.036033432658000360874103320985964823334373360702400901354797135080030535974536424821740500396797651441 1.4066610838973638328978501100005038173725437558034064997450927384946917206399156171036516592269668125 0.20624449333417865378201656825542451023739546435428178513613054379300841805411996143583067981388361615
-0.14895904578696671055747224306748538103769526440951969382067552129565745275797714658207747067549972681 0.041410107894855076261350661821032274863636692453277635685563749935630000413588191682634743758918353764 0.0054551005601151347574453690777861515772852306559545732949023117251700999123142712478457637782055781783
-0.067998720500534008364289066863534120006205035507605387725208349326458076318008466408150930152237155434 0.56176465502389722691458946603662856084545301622222025339361961228963278499270360050638902869013903903 0.079209454105271092187520417343458268957707741997364764605738064052873306885667503446226513960643251635
0.41731512311693344793280086688230407220742080066488666281736036245979746573357415646849709264331138518 0.010325020071864831358028946632193587252822023118283729422025016648703483817987985432843926894788576927 0.1618771808458215807617701576355786416401131829937397557430479260918891743512306098327789650709551544
0.55991921755138477636961756430971760658339153922436878430561259006591724667731347322067415996035856321 -0.39743543674418505007650759293929607760953953929710979140013828363523574406158774546212915575772154758 0.15276333996355620642754447294785995606668701937865544341295274200358944526055794586862055082857542311
-0.016043130543780750819726524715528861452175677120547089554266961787590442638166482444016864734554410627 -1.7134118004678423317380053627168694560430868950600112957533414886277834499166165948609062666479781242 0.0165535999276241315572356205564081331929309591177788535262261291378740231781073250133509368062706857
-0.51536133896337622808263422451166758971226403126032739550654462145916446476645985018212915407723647139 -0.82455277475192101531677608315094763760612949529534003567685755035528106459123090138089411746553266888 0.15265878980742322837408943660947318903436536177933093377823706701248969509769387833990830762292611409
0.013450316314724342161981684348693647766107805900199995663000459490144839171446749848893431992062684473 -0.075386072021837422605838141567801636791370343408688298166457786011302960265896048463895822640729955965 0.08310852432093614101075408474393651088008961017589530985471907348157905189432732592703365772683805126
0.95518146932067972412099213368541856781860383608623021208112622928259074676439548674894040467768552624 1.6754082598930286779388750153533972658984128642041145838379041766145018002535285900921049772366294448 0.11902029967807030012933825194887350428348177687095631655214863024885097790324363123227475176380787225
0.12302010894654710051954074254565982885127292017260309510603158371636134034180122652525140073133183922 -0.80344989280467276275021848255149769185090172335414676412472943862342255463386295563939712037527036834 0.032145239318521212133965269918402729070033833335983859113021145477840257799545753505001634653501499194
-1.136972406050336399138677929649989253114010508393313025550955373231663445159558150559707958662717068 -0.39592040781306123085548450575779337562691208556486470083468394637267521924628110417248475406920983655 0.25603904258656159387951957918586349627198753641743063350857316105668126435894265439879210010110375323
0.87133969314868182342626503582804365849505541366141603999344995639548443810818952513895857172662633828 1.3518068027593687973855984437285136401685461140875805661263654419437799513310744317946853979101416256 0.093960513589847638735233724145311511231039723528761511179835845572259988120064022612614903589237377335
-0.0039150594962235424417227248853978990182705251268939463865136060139091531271326229163643775747497154104 1.6472283673736087988159026299920698824049131689369793728277128553006141520074406457991787346303815442 0.1586596820558803558249110349544794406533566398377732898406578373012036015858499453482944902564262937
-0.22522003545985906480607580332281737392495998994283462598222033951105905830022260368812144368498077592 0.31641365842634502344763836097855649664791090155700955739275015574279863479799136885981190259989620089 0.15522520353421739510368249303475511527691121323444096228175924608403409446458225168405083788618341344
0.47527430407386132677785456156552489396851695933315083379205740221567529152065056146902373816290319449 -0.90566618142212508245204192265505430421410475095324428798983132772847224200369726182504106828051773657 0.10532870176249437562931619700480120581450192739069977107086786203814341098615330893544520530404830287
0.53724914013408851039183081212211011783999874465138250209854442182859933351193627582008335523248181747 -0.069941571534144331972837045561271216111286433946685459505625719019242053988725183040995962786165900881 0.18240641703430579663351658299446514915671702457041556108098218352060814361465035550097531058639611573
-1.9327995032118999334469684765027799932113849353196843435832217905887925103318382646883999371259698035 0.33235404326409014020461172207640032775080076285403633388840432938703702054814690650510479426098809258 0.032425523785554492073303856278779644893114263678942460027844097770395574139217665145956155586900049802
1.2295895698064530106433168148711465449315746897822030082580983605621582291696444918992202697838270739 0.67305698287089651704334089203863837117290499732452478189294174567483762177616096735843209280468159087 0.013551142261260652448548136872271917203555653418390483636273728671529902577038677966383364542339210041
0.097868130914754595072387521902027876009979266963103673017149699433192878287054588568025046159531920249 0.11072606340234114873590520383643247672737342425605396072468954709272514303852553348614599741844209088 0.0089535824887189683756912020626034714980887336731760189836852175083376089733607157419581725391859303855
0.22921433423143623432182938584435370714138445970565337785563607321387388921280032031746703966546813905 -0.76943010092314267730378947089722185022283770296237265860011143553625118765571504628339281774129682314 0.26408335801209419779797314598677541144503082689426778924648223997218365700879559674489916150620732535
-0.5946289391054327961952383920248949364009077980905491736377743069231438096371629947912027675922753849 1.2544044216416458264994648518240297430023087073175747549628681704379674549960731235559695447226374307 0.090664516362603455522853733928175718097233402842864694155228168765892796002339911102085656867297169938
0.21980133052624887047516767230268905394160117611175817570603391467567459387606113479665385049000563208 -0.47816706761601936246177239171860789158042848375621764947286042041400243514643658690080287994305482564 0.069604266387983398656239064039160596306699274830353758210737828408454344135928171884986080478960484091
-1.3962626390732369234536287277142438835944821546620173161938861741112781135827633314540086882513352662 0.41699798966708494186621104424966406602975753081394743499611582329141466805072368109037574961232627854 0.1511968680862908484500911294874116434397542214354859476239783256635596489701485620970251890734056549
-1.6569692179327136153732944117025994112210285953664516051194951301879014035139376254364591401921555139 -1.065946883645499472109953647870025538942060938620194802284092002828363955615024192533147900988807457 0.12277945042031341652497597004003121413737124661216048830004575702924634527611529092811356850501342321
-0.61791843491056516809862292914932089937213492349197702408127192778035486648336379911050395307903372822 -0.81017167415635308996815428099027956639281906754053116732466793535448690112864226977912034319948744946 0.051642429706932343489681785968680631047451342297099020832467303861436930517478242559419566057626297629
