-0.94079597604689078920441021117917473129081296821941906298522654179572279265013523123584025666968282152 -0.72193767972677197752712527157627279774979141143013879944823781595026390153841883794553924991136170587 0.20700576054960194852694165618258508915008681531894041565389375180306293798192150808199308239145455719
0.38725011992902672079423897307366629291605665886182232494387028157059761216126063220825043197187575274 1.6444743909712281000510153673796421038965945039155760063867977752323236867770023350688116428127297279 0.17973568163222795606621152949570687163716194227331116314381986337352254319994136233779924387722279316
-1.1087432432607748235411740667170579018166647058600814168975201321156610024193223947443688398056062638 -1.2230369713417269779498196662518792686990922159812278281528535517299314999572993022710404371524161962 0.25826281153943145107335267033995848777554723678228181083752855823409607918020715694837231107289482193
-1.1280927422352596600014844288716217522032888382774208412704103222308649163582051027528586456688889767 -0.501491763859666967488391494234662173206625961215814327844526691814684466770383545152795476092370817 0.028438949896869900057095118126936619627017011936082134802035293687139213481227120736431212764267582887
1.7472904558026598348190185664275640484519058340164955756034911137621223437387054077401290381553937864 -0.066420029284953305793870511622564898983381712262454295057638044315317179239623643590444795717454650502 0.23240903862397711986923439732738450665453870000109818743150363514493847985229683418218681161832967534
0.50430304093325308355019999703160506017835681472583341780398785204025065182585397456791329496595686971 -1.0774782502126674959000317538184343604478420460720278038248986680622613479794397253329142985274562319 0.20851739721432260456697866730029560698243975685802717339571235223140271625838652529476883789732619797
0.56645342205487147373331835359435098421389411318206854928694128358966337718474617544541879204318998546 1.0664722123581683263242519520764720838748797417057310870106837818880563207281689023742612385146647072 0.0029229581438786110916956231884438669257405598052101526665497335293236050663876170733247089938850487064
-1.0877719852243976452093894837030466037675857105502346052340960367888547322600481864922291665653260166 -1.4283242948233929047869278963607404305496407553371501486379654305259146035987501977701722797148992424 0.20323082932647196108854809315247564588228982030574145534563067672925390788486569785839798362158397693
-1.2550369458134031672162524832010357976670108095469270516506602627750751364496656776092069030226209174 1.3826181299344750895731311440298975790327928787346284747299570798484309815064345320976704468631262534 0.11150280863545302923146743547375519214272009280518455691778394258131821536696841279067432872676534464
-1.3416115419039482977848872844178551444971432619923702830088528504109158319012175412065366659556903661 -0.57875698399191114357129531049821653219531956106817462967708325716164222614363840324224690821913204515 0.25931445943776764438797881240940895154730781804011416815254218182096174304691765446242124546812293474
-0.073068935724037598250727464025950155215824928821080881455508496676768166404798002553079485531301704876 -0.3706487427542395101081365162937355833089549303419009573094739671176695553447441955547153093619253949 0.067567820472751030508310535963698982640836952397330708203848562761208606196113357469252400749573203596
-0.033396910404812357272144866503074474618285602218541554912897202137863160683610668147695260497627108061 0.063369299681439512751370327467171569123036118948938368511056361668309904256712683965511229055296583374 0.036240463000698784572661113531325955912923117368852809763431483981691609828710968644020095233692673652
0.46155954302965958711773303383828513864262544393002949555526546334134409483179038495142000958122622853 1.3739197242977464612582736210566887936700060192497297541757666549037342503616529470204259099795173038 0.17074123932300696489655646887452794043937940849189798837335213924964770114907300304471714087118886724
0.19515387046387875987048979663797583416349422311270628370137046650645763867783203541787020533154232353 -0.1355009893849241759369887939080067164974983834946573014016853732353069942878558311620681587127485147 0.23213335730134564365781752820299702601746076745351611515553637975374231825518896839737339149012203373
-0.02741694075356419036411287402322486303084140790020603196030801395273709891813052529248928924938476055 -0.98326521040009364349899455416686842079094046005089035540047818443088282286814081819564998135806907124 0.11224925247929691397196538455761375635888896613160087550551806873731759242953958409798279009018791293
-0.87734609836819660800797029030205311692890258657610704506110004794970959587357707327903079674508148859 1.3983256836150072469600341565256337190753390724550878489587303061049279539684112853500547205288144295 0.087834649799288644381444306912276528578770118312320086379205026704042314796359331794073458746126840598
-1.0851825129997427789611854295479088860834676029203659388552861268752364865561315338295834957190360474 -0.99613026657110520912623641090492632212816122176323036836510416457759763881993916737884823246298762764 0.24721486102737488504393774120629490905696389355069646319184002889794932584744831240094934744261270393
-0.34993657573302510989082495589119528990986026766953285794214056938623849241871500445396052077068807356 -0.21110646856936590281558403637084416057141403417141153872157122860075682044641627956485680407597698032 0.055743248413193852003755946275671232869507258416409186818233625788885077642931882510491973881446981215
-0.12142329264366830812202635764647032283975436238704789566671283715970881741604485513274693016450905807 0.21967653139813008432741748490977505389781773758787700283350067602750164311365073091467094669228592601 0.15319501003068009492854889823017929344236782849775662555171506469382457738739505937400725241311772768
-0.19417042443947666612698324218594476586391569118874872132461272307065525320229114983492189487885624599 -0.93722335119809709846427116914233568473166646976536063249162386650736895748047544168126395115196266121 0.044939725889560666260992107138015699309388311494466801410760123527643273189734832691447306060817904846
-0.71754405349949043148634806327066854042767837096258082117771705911062909398724852302350286146029752873 0.67224600311870372466505802900684631155050227546856442007641651218223039045634148828533279380877630646 0.13390804455333409830179512406449899677566980340154450508768520153123351265984965439035401808325390406
-0.82322212706603339877093386599786018581782650521390448638513510928848338577984959618356172200391019502 -1.5405563289216866194131377285710815116301825774912731632684210804100010972470090349969070258731755718 0.27533838122379038286385597123517537384736524167460640776505280843711317166279948633750243465835640527
-0.083854253162709281624484460804680794046790750600984411308577639049252730246233195666726575781713202197 -0.0052036988163814061103648270149582769699008880378888075689978591217291411343825958720480083280161405736 0.056517312336354117969048386375832162106942890189028841602219493594185186285880100393107285702813837949
-0.53745393615640533484178336816502759294036020735904805390674850468796206012857879254556130742741599645 -0.059268228624541970671591214355658784672594423141110287327025254944192754258536923257926357700546895228 0.068147040605393391335071619207540340664304425701334966263903949800470443070350365752822520441043967322
0.062354668266969181031719772963875991663477517561800554778975172330070946851347988157930861717409213449 0.027735672731607639350564467685512558860177112388436354340854999627996099101087750895510540126867936306 0.029366865827955385596410648905386977821993979000974005633026271468271929468127861424351751085182624013
1.8273204183412011629695630202872489609390625917962198501198237510460219696754056969116647702731049745 0.58827585174848038367997363555271024422089736894139082751024395704966703799282840039497661991610108038 0.27727352776107431299858510372862543121141843115287128369223805926149110081755914530181492604776490413
1.1547050344379488814008896966515305892237408607452851812819901021390110759687145629944655933126009153 1.4852048461269575918311157748719097483285244758828551232890110654358581028498134529499464800834125381 0.17154551013678729505850486819391144217051317290574278244318953691354229489751876478690877763921994615
-0.44901975054444244566497197638741639497144286388761193303858953176545395131204569281620793793405467703 -0.53665078773099378576435354613229994347544508838911109650936890238967997172668251308199332190438900399 0.1969911485613684277580065225440983791018049078739470897259491646324911824423909004449530092628723818
-0.45172348786105515203127202317024413375772533108327833637902443604136826039566162922815681065915379298 -0.19979717771752908387727650231575411171656775435935600235006697468622732867313640929280390595117127299 0.081366625536903625651580896817245946565597200748300894369048522272819283814925095792761253561743831778
0.86459325045664655509833513509552167959572037310394724139715446093811637958042452882599449743279655916 1.2258728731323748683584293991058007665551875556287638358091310933406065136518475987535516802806106207 0.070885907220702332912379878668038779435867129306226032682993406711807878596570691929056218263699571389
0.21519943793249788596282297593666977086371739037212178677832657198294988817388267366910235485433992163 -1.0039162392294368927867752289076402167451005932316338917603926239810683016062438162086439320388776646 0.011894282658421825182066451693977549374025058939302794875380052406473834373227735231870527003064501978
-1.1447154262092764291286726670461495339594457592161779091966568803619187548023916282544027614649137608 0.15056629512123675777914922488653295314302859828845375547008638682394995296319710580182296622831891817 0.20289391434636515690740423369649139830730054906841720996945815613890682630977117288759167036542124149
-1.1122717218390009303322022852846223366616484365830306694632882669379942043327764871864361059969731158 -1.4832811149898214930614131084414882281344211015298160883736349164384810832904364937026027053747275376 0.10410373159302017537964436063025354088990384306365448369998817331236929349466048651842482092722380243
-1.1214755430815497601995141391375701686284274458384703618561224516332463158301216216617968436369520871 -0.093281627488218164051824093454789920076879391882906654987078805218271835480020978756242962761076610899 0.17943392614834091699314408160474825634165922170834058050020551762670836865503194322994226221967885338
0.4701271820530890529833681194445240082443439934488135250221889450943034777639642227036696064489887937 -0.4665165398190946160141467409937027415685998787208944848719285917429931925506990953050206319119490489 0.20709439996164655784855826523740626432857229604264571504834629615010422003743505707681374127550216657
0.25442352877016300454787402749014605359281259779777382458887782601841900860729699553387526473351897549 1.1367437529968023572240433632569326719603030665942098115432556372274512745971857561087897895982142274 0.17619393166150025478466676747294274681063922102570140370222804303117577386695799393649367217595005515
1.7249175379670648529027392671350487600694370022719657433113093194158492802828949167293694266947716574 -0.95486918812302183762093756405941445712921141233549240361069991791724889708886325723335616901276419637 0.2092166985508539078430408554389459770298345509674068478473434744074675665049196102259994259885385161
-0.91179445643009273351240473111757430900127216342872794624611111610671114407683864116626402453035219602 1.7003587930970089120783725209779013360007911366746756570807657464761201558562926326593599842168648877 0.13235113784357910288440629187832413639823776276399404531521010221477369819479791238351797744860741475
0.0009234674318170147232759544528377016192767920107046727805169208727723559710073416110179449138872022981 -0.0043226558754450726456682797790593897531470665756025046996907605174606341119034823185496473520980143781 0.066536958587560736981460271231695767890262639285672101377365706171482228500502820731241806168958019992
0.10506464648551852473175512525571248713458609716996442477617408320926727709668282504571004802016793402 -1.379813458554918452280598377930790826012543104950372690088395717208950396752300047372913234352762384 0.14157294908102555278219844801002142249528060671157577547239306322350341691058846952082735061893630686
0.65232925754651914381159477456445447663470360375316459814640194876549353582144104625344132273687832635 0.46316113074508877310331048406816977201655236443652492703496901232448626331307816156278628612866930083 0.020281584818661773347690141488371663996100698841745858382554561645844747845435501255867830778042887023
0.2951270225951433588749415078702765297740056477133494519598058430213033095898410113950985988051323151 1.6284169122504785526937834931270044755344037114632541047326287905865308529138959944537688625635503816 0.14884292854077248958945343789128244423785472107455621109626682302542052708296265759741416802969860383
-0.016617566285557215008323654503988454054309661105609858913931769623405592960798348916087309945314289881 0.0060222869508462100032570988499066216368898834792128480563557410132552377860640264038527936903944752251 0.127606938039810951343492549037312994368800285944565937177537110664676001779425469415917736369404254
-0.64507543696423438948480075434126901666647215730377973381558900995615012944226407474041937142811846421 -0.96184015539957754830846229471335481736756533857356176837191964181376956602845519004715155201272532844 0.20198501384991556949629692026762975563485702169182144951321868395862021778920006283774171408896186622
-0.029379518668644134582275643790917629483774253436826364822715596364300504575359915389790639639431526749 0.016140314619824645044001757551174795040464302413703201803696323873946254594689678218235776834495823778 0.2531665885853720269820007134014860022724986652484218235223881822636017616963784804239634448618060368
