1.9139125511656226581305003777122191356898308999338988934571952041603474956496672260590064215623888581 -0.43906119415230808333670407571896659151540885403487164050390619366324154475651609514016710541675032047 0.069290475419619016485031400188021275251878960838155656849103773739965092402952750445204689628607610194
-0.20924144666140362642481613148943375742221483280199946522446210067927957572153892865472311320365273761 -0.15323210816445255582153232969563841506477387647898389877811969191133849670981158344582403195480448155 0.10803920819085814175290880536367172902345113955581061274335361341731402483950997588652509566420422264
1.5364909786998976193196113467246217800029029560407162687592097365787963221683260635815121407210291348 0.80670167255751339296903341967545596762435734914344031325088744128161066319435477917766178700582080659 0.13805854761894592620089711582081243608253935845902242599093462620053869227564016991638472999865189517
-0.041878614778960915156311961964739194324872021905682995794648428775856090593454970062366582683462250231 -1.1919941655030102871734385459673248926220170385010419411222414923507030617864994865148278995583617383 0.096218254707670540599333970633995325516507056263463472292316799197252602258920879577904259066893050041
1.4727588171950915151964913526034437554838536973043409302710234304194843987413936031103910337563730131 0.83238503740862524808330750201973165108325348144909306952583253474695992505263703792511502370515923607 0.1241283098004378056583446612150122152844448987657502059749558427941645678103354864855482884986070294
0.43670215383723534349932660530970007536541201710396483566078792861242965383530451669991954660366062346 0.088866005474579545349091593054343106377350536839481308546849086167950425027952280913060335327022096465 0.066412881547848406773919700722801363364339306637458287503958609895192816411470787371405524643924751622
1.3123461655938731432253564098161447692253885105186639927481666966509339054527546332234694730293537971 0.37110755423403933755999568935039466517557722975276462320696220073126529433913279228866720571444905638 0.044517070381444706147024856290797422370073493106444651681038786013950358827378339728625500190286212528
-0.44768406967277456136058437687286344768040614861417773960492689774299094196608848224765155403470606925 -0.62690357816297685724495522578800117326482054474114792361866179531502335179674909431194283055270266601 0.092880720744201180100583806461945742188653170426085988003200224795882437811271856907637103455804573497
-0.68281687207638334521650718396898806395231533979307385159777796774934825309465604443592288507130761965 -1.2949895954235871668859762236251972153468024419853212791031099626255782636264704757529800163963770542 0.061640528428167683503658077909657608308137499943354410394063156351156338895073198093579286756668192813
0.34164893325238066496538066841689345237901437647691263876113868292591645525594967544329356045338494705 0.48595467751116834562694169842184291612386116656878398372936485206397533410334719261687465329118665589 0.25581576670450715821867975555805810649766653358497745521474245692236981830820578016139913970090100474
-0.078354963516071309500742617269891896837489662736533419883954389305170050342415903609094982939713667106 -0.37533177045586082116258989133128144577649382445484152377730497797163103037868152251614585779822617845 0.16346880936588666857645118444183160959264860864649517935876150812113554375242488401917499299005608924
-1.2032890937505266442928051966104139555952493634817454235231340199459839142819753884805247081135505801 -0.5048269693568043489053117379274496331088579267112564021577069363344827604191822413821751370735701086 0.16855463665568812815857023975187931732640060508895581020358732307318680235586052859806937541370990072
0.052901994781358652168503269839749449014476234251878402689595457347935227232569858186154936235871685283 -0.025214386151678526241048880596986151212971802541617636042294082354994061053512950857362606250187305465 0.22659349005762191562953362908661824286221589870830507024861510750932596763722611615106211035735606164
-0.19265053117082158925198720715134316254088616449889137630369362985051451909180182841927083752312482052 1.7235839501310846286414506813051355752646358160094087018042026642297026152071823397168866106209867106 0.004064006430780392022443475376197588160406693379787039990906772810935406604936394645356208463715215648
-0.26376883523024334114516525461799787338605257223304285044915603464278657152105068573335956414708430937 -0.18014966176136493066610941061961022563897474877427197802745502566068805646660176086919663309369317536 0.046711630969364261165995871573621425461890622039141584859654439535758530697896489297638968756034912124
-0.042407129476673927887946228191834014642817531997756079031208916613226346587056525840835920203087671795 0.05633097120928757155284500364736453645885055337790282797559739424111180683715632998814432957223300371 0.22661682707981429683269910551970683796627637277719336520177110772603571185221787075573996509305648484
-0.064389042700313235195807953066448096733377523250974992351614405853096494545339588681928135628069251452 -0.071334469075455193651284587019895506737299782891416511254120178997176727397591086666941892632085081195 0.2341897824344604964141612702713037067928070586725262019552314862951710415362377882988561573514973462
-1.0013340439608601588511890198454142899503744336069672980084106171050740655145073422502925131638332015 -0.19512087297905677405913069733530392365356136055605293350218557585873416445710980514745235327151822499 0.040226011814701773263074460617913144948485371940494803238185514281935351064074584125122616761544580245
1.0406623415897030019993153703965809382627522754284345610662887974576901056162150570432934784307957586 0.15244166455052485592642054348337581275750439487127733862895300478829020453395006590236883420448570894 0.089196751873882054256089017503482771009772715013415094843106801393297399000095447047226169136504225045
-0.015707852327225114485665388545891809474706970406719672581623873987085964690243884311450615835722016352 -1.7458475049854707251261517442527811139584567281612438361983020651146310677990770377966025330070491127 0.26540873611109362099771329842915204915158909572154629678911448968799238480458207612923647360242991366
0.33185084068686891829157481788895084620769421605475574308816933829614888639779582962798338690089509732 -0.42505463794724259489640576509949381043372647504727331600049941775058583351461450607976996255485503697 0.0094133227570988172835731580529238688453425621437775750092405632785815613099609798726937887256218146368
0.58097593763276064203042967071720896404812752544971822708228855157135543551756950995435168321180643422 1.4009647227304224185325534777742495533521559925721525482299755833117774176222242978080926074310322613 0.083740165515356502986540479617160245495234629009258071080112558855793383229104345160556067108435968357
0.83931888107810703432109058757486164955229044779289663340987354418138762141507310298351452286579324022 1.1062678790423049070081886287726887554981605897590603798170504182965310962142355964095331623647106046 0.23159999101810843344172008351378663911069461458671961475363764435992931668202680485094575469852840349
-0.37207878202343763259855650149791009332055864710473080542030038173211144034280596609286234715363801111 0.4440388654704132127382617899358683276493788866013657183126061845295646495696554994649737350253715833 0.11281000863635987093356927717779586537131567294702452689611823840595966858926885288038020505361433758
1.0874510186085590150011780543351756534462275001965284795618331643578329927957877461442796251370652088 1.1937239299096271987590755936152162972077082044069280265332414303127996523387637238347529743882251142 0.1083756783165109425546320012532815050501828678405244816016517113153865102673633034711546016761795413
-1.0310145876263639520843599572946506677944767334730838952635162123860899956371222054959518423205220763 0.77370769621795808786051613695851420237372361297704210377458283477366408902810527527920838871875639925 0.031168044551658458191261195140929305811243998040647996492399294843139448057027493448381686090741850511
-0.34033197847062019407064880737506115338306630053891410868619072730475296749636853210873351583035138286 0.60909646397592163328994310791785826540579871164970803828694437893314374390528128818571186184894335685 0.20376716317066822615434959629500372818888805735184498449736398404206727497730119971696903935152741345
-0.0045662557198388553269556526572645135392620293786688105812407602850308419596858927184082776967847016602 -0.63881912919365202461845043176356402510604532158434871396815681427707592439265424782677178051863661869 0.12594807007289094383055232342302263175164378456672343013889592345200956475995221886618956950498219735
0.055990102105565384866301530505405994415966171624379741988383332125269183438619503445413880144000733161 -0.23433316884833036892085477990001137239621295070315494102284306320101091630503338821445262309916722324 0.18877457737041307702385264233435125603234372587868630514206456921898276618816095461109875905339257047
-0.78797910248947938801078407745426234132328137542694366310354665066605865627941821133168744420721378096 -0.73011599932196241874203494842916338228266270443882977061314210778184080867144607778386034574801118322 0.15469489271630965252667532457320546228880083410761402620694643304265283745208632789290722323280491349
0.56839460558994912996658768422583080855812657488315668413487440122888507829564401989050469085659297355 0.22537305209699992362531601368469636575411777464822286039810799816476490659808130271905350219888365134 0.25177568647801645263481302577898042696135237647725617513046146587834299880562694778515507955364291923
0.63452396132411452278713250610709875552662079679793420181154269316267317759392575382107460722981544597 0.039864454557791401547507156851828381942140012791666791305239574157387098661088800380879031369042304223 0.22812126832986034235842469298153206219820816805740129577135246202931311034121636951198474142914896092
0.017359317376210313117252218834871414174634145235933110183630617648006188700118478247776400495967149665 0.0026431656376051949398698882967411706232469721279332241004323902727267353053025342353541098606537249644 0.013066605631431403170005797399339148104659712873899387043927389372287401118018024062923834990333293064
-0.11517688415647427429663976264215758216622302357254289873270750714747351641414506037033858069022534614 -0.2077848522750160876822831009025532957709516570539840704455425198720677695485461740008357542479001589 0.1841566830547153796324017923777398218188649589470524915478764289802053747772794358935051031185417368
-1.503264296496282740150880897371059960962952685224707594422532010053703704566155497047095106199384118 -0.17201773238759976621638850408079020106229335025111400052305305844287544687995678082692160486096469864 0.038995031571365289494724533354886768453024110862616172710039178871795277168062299561527707485541169289
0.88356835858194758503670206453134394266690021534203895781699723966854284885470807392409182618633146253 1.6980399570862222362126548684260591127202504545683061773616938692187288836935024572048384281124439167 0.25280335465271529075532788506880913120830535010361751187959282711416765385847665489084272766156322127
0.16498048784353605634737524607365334228291276096762972558032925750493581238033441428077274224851097183 -0.29914691089106628503308466522206151655097909053455896840961174980570327992309289796648266814324916437 0.22493032084256028671969453157156736387845206591681108819960878253059184772874961423233221773232123779
-1.2525734802787206988496559231794997487693890124494990558452573142559482549516562329326141749363726473 -0.32104941344791550701109017045876314912003851885699994051966380351245180337892421747183922868827366104 0.056316748199598933777252982328835617665755365563237109853701093489327375371039314860040959498645247193
0.0020663240535375337413463216941143124274400221757006422558128650442879021944115967115250796864939925716 -0.026014738140257199379582172086989525281606713376846995218690010325765235580975051418731827897161331061 0.05912752454723657906476737212995535421737258005524772840465231641753610618911981365083867403738145642
-0.69249766381151039838567974146606937011084197578768191827819905019028779244774400712772940323186087914 1.637240681925595118282321167309667641203209848371241489968861509550359150371965931021016789508240022 0.024992666642667965162182340608410742161323595413127535627697377711713475770234239239751623633700119697
1.5439728942798602711346260095689001005396729359370339144077942092518576526406202971635465346358183221 0.58050322380305896668766007477109567430714815126140082989519617475148073392296561226854922801595988305 0.040921107014071696067912061532064387055957863791097816117252249948758894765199188397213553201126138567
-0.73274747649946465402619055394839831431962867708359587551729091724929678888207662996350238963330761489 -1.2261766713759817868614931041564431363784770229347180471607502834082626717067718483655419660351920619 0.0063466506779758815485804195272042668774283208618549491848970361793683145581238144753701724698142064695
1.2412010465054230396582521307255342182256702985403567861342373943577690933259946521939125181033486799 0.61421258166221136853518631365315015199205039134675139824131123939068431263347308267062029898878665393 0.072642462776145731393246780075873632483798656735930559286970458760492135238179171585389211763072718646
1.4270022594847121439000809541518037155316420752436057282534801193213823372378261468895416269253744984 -0.052076884449322045022350786939273356580829727996669231022357798241295892240894735525375291458768484833 0.019602581449018955854744278674422987808596842319232151057881553548546889759658886329200530682175351092
0.038020018377653020981960168674949061164937242084806089890137167167389619146039172761857634500721748512 -0.88718139872052227131701583036265879592630543827813351018083323872803165004045978887498966608561286563 0.26117506404877001551691524512098730672347708511475905090599583162670594972400426059862345806248869978
