0.39787173852007243101834045079426519039820920021416192963796098372754411709502918647960184333509540302 0.70620213141155878015344353576345561099658362006429114221389687972077729196554685927657217836914873453 0.20166769947385597766981404681540992374094517569682427403036262454541624845563987680406942193581257631
-0.14773652424002678707977827819782963649533664076007598304361845464093425699562190893605354261067449808 -0.72284460312636887005041618206138856992973246788823007868993726962231684378093913707779845552218103493 0.016174179376051363098462477807085981330663207965395620206496140270904092127927921212800588175927548602
-0.63705739059355226946683932329734290536408262527714916776846966225563056370868025024384964379229736803 0.78436807555273482834382912591983623302880162062709244705072064805422964769314634571745546497835100325 0.16633958069041324676505706307798795574001642989848272370512216692450157863298818417148203488614477174
-0.77133938775171064261243613172372829454552924259081979069196669858774868121529119789552253401641875202 0.96116756902590669823796850866301841218926712211673176270173423715829765842014134236821989793972727128 0.23656839578838316097480887127367174738916556200508323930826193629702881647742928851812226900623967012
-0.56028856898538839106499103055525363442758213938755894571496727311193596854224678618940642791078308882 -0.60241494108684218298980407357927203650862077801604637373748036733465906484713419009521052122206674445 0.019355867713115580883656213384348836383847393816290608712904257730705249004916822472797454915925185216
0.81466907702368164397929683067619589412297776687652041179555139247126849709820817110705345959609103127 -0.067358618814896969442933859151235379230637183870420332678743887957333818338928813965562775964243995905 0.16711619532590948493619868371246087434233838425738759545391452843335490242871582286366130450328785916
-0.15319785651447421771629506261842634088247484248371765888772756427488204505961525257446876657884318458 -0.69524639319616876665388244709799535492817890936817772182500212834740845898506856516994241370518968818 0.039718419340886905124404222482738436203751151300565646737934383197982915764061360106324565407163249337
0.23443228089002079575262537143057059354415909205441692149861244549596139365113709713001012180321556873 -1.1564071857224781307476089112138730820344723693997470093409310783712225532962296836497158272616599236 0.27009296992117397975676674542517558608007642185724379253685191668685458681348875281950045843901436702
-1.5557476159089164177671846310267042152765003432084474132364882822990352349061961125470965275003075407 0.70330640637843108535442195707184614537694588400345141880487457591722109026532238300890100991646910491 0.23303309233324306375056982118103238148883984073977401395191176601416068961470332126163879421218006668
-0.79753904044593086642348615662555179702265780153569255348967573116237180909932813045719704521038426049 -0.607377289929830680994698971240004045136245261977861855713912085370864650209552588326239723456211917 0.1739003681736096294277326122165014889525588347521465472751197915620316991754181714180054765807389077
0.20906964145613304529191944412007654176887315310458309135529156914043354311140075281178795073354332565 -1.4904545038186330082091868708282600450873747971839748034987313981295308536319458367722416057553813335 0.061418918288831069451589969675018218994444836994755584738566596495524584308501162920727242143395874969
-1.1826409292646632825886842919281191630971699870859854062993909318669623840993947389899266613028108178 -0.74117276200218490543192758095225131870593173374496386468194460439340640900401150934637665738737915509 0.14820835227276986416080535898462684752816242120579473366618106693055578979013285150709050292487483842
0.57139088566128319049065770590113758188927007588331655884064219724696157942247394947450652507523324477 1.5698257891515225582271718377469093585160690547928026732407851570153976830572087471400639266042960961 0.063297495680756976199530373520795873391765304302961963074833750890611417569293212465747468229631396077
-0.81742090232963856265412464966879619064107642447482088569030983867378554663153560906876642168985053135 -0.25041919674613655567925711846534652373586024600029210843247502532409853963217430405482178578645349603 0.13952391032564585114676723027772521903884158081018264847577090668286826742885479829474931963874249057
0.5805877570981966361962922551740378550938976175283069843433386557265589666283188434954121163906048736 -1.6581658669915191498090538755543224998880486733895623528527798600218667815424001976309309728919538782 0.09158749226690316008632283851605576987086890416009560988532344886112506439607724494773010987907686565
-0.07308355526774523732107428911872751293066316116111567970046707587217792030757616885268202788989937632 -0.66418981757730416491211821346487713642992079810508521207117881819218603730684996361267733157725949554 0.20386054042105317910342948263491305665582581652224631005217333331533666991701773524170629533696868176
1.2758636457607507416044193090451024541832924072020993921633875982281414594624736031148407728261115652 0.43417497579127318393721619108607741862471905823474945301630881253701162106113033235215661800339310184 0.11552439103720834461403250059546472371085503276623550774435493534036463844688154680873518495992975119
0.95483983829047035743804147749766678206893457062363313353620904030315882762642315359842487525443865728 0.33978302502655796981063443629910690365393609775327602717248978433096211168434437530333030439840313633 0.074051323470377624309890241414654085577108355306706535093815737762618113632531762742344638675218250381
0.1697823797604441017848329888808200022990880622603964549439708232165137271147025436788011601855465394 0.77964259698420610679795428679582860795188735040331062539436663298249822368629092159647055182547256227 0.10914468276681236471521687457774090185826664092210480821748115800588738309706650386053167528657938734
0.022845261301740642588554350069812125100369212870390845243751872061448573221604000282531844936908319455 0.02376988442827966777894376856635077402177022801822168546533960966928502545490789976564232968298650583 0.22231963902966332904752954323170294754726120423709950137636914314418184871250328946249678912300381697
-1.1951984440608275512395391499425996506536282810289162826298004408366791528936834521371953220117299863 -0.68207757543715697056661705318074479984184093974914277990465099931430879806512050990668440573626843874 0.19870761434954247918309265311033329245485627837126632813950969316225339893130701702859725304682257508
0.42256403843551595595530268899089524879768027198141430580715954263047533562043617402277490721539670143 -0.66296977710031850404377677525049481717899477284903533630391351738568749489998344129992073817140401411 0.083501757329729993884756220843545177615466586758454531585064738636498592116112904527336535254944487324
1.4180075068624949874608398270037242293950727528022292137433735603083189440110111913545430824991082132 -0.30123944074930401276376527458107761621696343150632536558437332816505693735771054364319966865138933218 0.2738340475582268067006154016780240743955956714940672711897025596983967729948374993587877270496480739
1.8307104749088190991205456961717356484948873844899769754880223297792035505470530304636451489693152899 0.48974445782274592903815112508398505432905603899732187358404568461714839874062570639015584223370937845 0.13409316531034185664911897526194239826133350469467336346283457536715558216163731348461578211935408209
0.039664868707421537325883163445518570468897286062923933277344599507078872544089709163229240775618142993 -0.14555475856936509102154912236831109808170282088541209463806822651898607023565677054525023852572946339 0.13066839793201673280725525613649657495802304413571039991206574260720910662303388849091642199886551914
0.67846484956823413487399107452624155466588920029562268242449260661353727956860427587802492408465405797 0.35132805371572534656897246378041473857227249882491951147924088281115961764836301497423755030432298411 0.27230466648284432333285017641025018220364879310840291903535788566822518271497078688050988238529859875
0.30900909294922014052486100036245137269911165359208329511668097091712674144644848852759302230723559952 0.14425309667560533275416372804034795289325843907074065284336167043214137388019465697776700928445561089 0.24458966924956544059959521413142460755952349214635954990614264621150576943516943974109525051627975933
-0.50157059673722719505634339164119533998262736707501134641461585112004445155923447268278923713205808458 -0.95001624405186595719485457113900232655064958137031177544979999137814897563779548190201483270936410133 0.015206473677875501697854114332960028620020994647411621646542555639394334177900320629897320559767257851
0.35405205169244051757774844211269071502953918545526116626327298190397670552085053690703185578435225783 0.06201994095965117240700526561606911985655068330471936402873645851211250123493119474277867600682743088 0.24765330454602909033528238978748958891203798342473489979969627879812723362662268911868224193844207953
-0.54698910715666832634140922213801947279333725180256063498810882943049256488525538210352507127129741308 -0.47845829457064989305876662523978097820792331036849592131028453795286518794897133682123807723654045601 0.13988217924817178237178108365689647031382286601454449914026376651466378300744053403935649414229155416
-0.005917481886493580058437324395410792860963210949944577338426580882851310116146768167432330369697402245 0.0035223073519599959584320088474574457539191223927325105604067058367501640905700341589717953505819358384 0.12921413274214906691000457561087747359586337116694303327266726027649219314688605268246481315274946273
-1.4843094671035907943862675874440550155579048753144384569563917866978627563146914898823079214472868459 -0.98678916364095127973583470192581801070774761407580640371522607918798791553978824432842313377629122493 0.24549375037276510973132229902475293646925329327427532452932341876192598225037595940503344327082832493
0.50202888646967330386827396722070028771788714742167350067315732006877982370024009515242589963037317928 -0.39322637626488766194869738485997975702742143271662162058710863612341116570250476760066499833710742286 0.20465868809222654426548155244053858228996317994890498915026891396091690196360570934318839853759140373
-0.23286211980118986236458515248050693959309659288811771059543035859815500325811089302072958234197550856 -0.21503307860559844780031429908408599607085546923989105552944897664014304154481625424997710199572128826 0.10692196584714259851280498829615247810059721939537755180262239999057546422120052916892982197690467334
0.56245525387522370034357870832383028011730881720392336140314532292577702872482179014859244119939519412 1.3117945093533727681314884865253975786305731076546168053198110619402673773636115944957797509814309402 0.046750768121384230849245822205141429164143504115936773259661951813903982333293261247621493736185297507
0.31581879617829209751633241177789818788621202286001291827769804374779258813264349978810133386730479872 -1.2300327664948704497275077217623751266096741939627367400654012751736899188351379184708064711027230298 0.13973263258102670950056493920376581883031909305878822104433452507112039450481812138830860125154003434
-0.15343365810235534349512204446908349409892491566293901877475207684489745052134822027047150817920640772 -1.1648360672192053233043713971625865938485175974291044066339483723331074509086258237586135445663282062 0.17285388532373715213130478094291413927288835344556145172099731914694854402055240766480390326422797251
-0.66482130756827216831372713506016212501399200142440447105704746346340013284763394003404111053998333408 -0.95389697216128890845558939023327546253362493284645122554606028286894616404041556506321733749013704192 0.04573714429935965580962895900097453611570032711472980712090805962866202374178516618270972494150183353
0.52488425187756783898018718298395295859370173398835730563875050092198650089514760476872334763657507412 0.52175110416474525226458320131662294654863625277395851451913813316838104074196030484427302331406750335 0.098044371070764395169505843421493125491104715622248266532380968459064161718319645832391510201067733065
0.13203706429968961461570447605409610874120886680775364262946238795531205311663757471029008363309572738 -1.4247760085235086229994478434537531768609446044356674807110746808084419290469406165063870616821412679 0.21205634124594428903173384987156017394830150584944525383467099915009042145636123553220244241143903308
0.42879998157137400732605660976062550587788880603872141047273485559726517909791369865764531585482107098 1.4825679266347186517701455762105392162010311443206141290113052333441363296824685818277814150704792869 0.24835655290166183507317598024535572761414299567700653116497258383829289051754656780383472316886822369
0.22125691811416197918839464051781292049286921165827189012547596913510886433650441883051810184881151017 -0.095040333593764877374217743860695626325835809016294483358864707988651339595513231805551269467691968332 0.11464792525461994755047561535839949946763284461201364042914272898648827431870679186288637965697348297
0.6234212761561559730950349186816932277935247928527408997762223793762796565583078484647067728473032449 0.066214920710373779301618674358535510259700246230320545348097075498727621494317676151926880835181943456 0.17507506806063156823925044609334134321365888026757368732118357155673165608907121002669499656288147103
1.4469459838438540186077716047062020225244909240469399959946478713172498993695191575654417162910019396 0.52107933259881398540777838507931453621130788350234331809462871040011531970516670947615937424872841167 0.023738377352464175174043899133198922001006010042128660669352476537414690128474031773502527078471600231
0.40623566104617703025220758241415441403364849967282544076528391456169556893418448556174763227587390523 0.9914669198247689702744662966325480633487680427987400604038388720876202523592277321270214373570334617 0.06678161429280881918124373454610213745600158337064602249216122955309383772658574576294396214328013958
