-1.4896943991305492983221291211804369288076130786608596457225300850748180332335950431397114632048069131 0.10297413629456274048273196302241401211233342671895724088872486231539006403906925827963576249264867832 0.12757576620182038796265515495049459142713348115241843517079385301535931991303153663343616051298722869
0.49740427540349953681802171366434538428887414275151669559771657442045827530625456560981626889941899174 -1.0515080956905203118246823807455604397665510273738899522116723654839288771660128290299826536804191626 0.14829301448805475174397053158924421463031123169392864916375230547914951798445538311763831368705401554
-0.37511832999259541366661171176636269199446579664948026689279666755633308221738867670861175069380051615 -0.39971088102908893449229068220230039950248091420082745008041837050116362799971835857928612026202312277 0.016298159484805222127385323310735103863165152544391974022168689404295294022017248435185001607281846804
0.76397185042780232728198253250566176940003136274196229985465779251346945217810189019513787771360509931 1.1525901742523158985068252356862155195952418713871904998017465664072133654894736492282656933891135629 0.13896960109883589245301069686226686599964070732220255497717902888920427433974814496038362416180864434
0.95489037054418679665355777670790711025696826952984937892432502807568616901472090544226002829483803018 1.5556172142243529684264842946187336199913980978414271669486705782018058369879830783164860048703408073 0.099679101821190681795230386756776840901533473397417044844486052724294375362293946535180274129373456291
-0.028867670449417120226837019983837952956660431486080512333873104767535025956917982434068002575399403483 0.36220442004515533633852220457255685669857944593516327941222074390475927306770455895819725234669198668 0.12675200696013646891313262463064175918207214008393781693309079088029093799261401374900932842682874905
-1.6504517548335831793488538917144526454101487284434511758834973688609805621199550803808672701486232513 -0.91900415701029076999654234264688977068445505951481278002061305789884519722612562903560811305631747149 0.11850016594737770718554507215017492045707173585724226888073010715781557902610014400026353605625234387
0.45491566091775425638310370649015194571125353026311642064948482017330017290419306824504172302749630792 0.4893050552981738395989448717244696564846632282476186089189884256721022441568460099547534210431279279 0.038549523170348845982279066743776329365881165918807928431432667246242738909661395534301031223615418788
1.4217478853977183594278130541805708225884834366652031769860216788252569120494671010147070076325493824 -0.35822581317436176785976632050025724604448001036591982847238306227681319208888187316696754179192479841 0.12497070136840373247939299430255194888743717947088672253215172512492246730792284278362514721524397603
-1.1069982398357652514556870835793493216843237785311236628577843389554337285777522766098517297650489204 0.34086259120263169873820394747458251308047454390601973007025448565803007674542601072858690151009076413 0.097903737762327355410707122293720350303349471038484763949309322050770578986382733965268274892578345825
0.54690735680598690888111756014713724375817226298195982634525740891784511418053787831884016532777456367 -0.45189265619324725336896942855151326509985145867570328618354971286206388374032725248860285280979873828 0.090464762340195137123609335695127026291791344226465868674128662222373993792405572411104395379432523295
0.34991830284027860130721793343188398897897335481723475747627043209171707047544675293591432459709728224 1.0827174898814626723966631843901270952090114633729839839073754226643293643473503560230666581950794205 0.198211571548646965308008095716871766419825473801030424266502360355542497287941400769756085556092233
0.25622113718294299050097534233525962777454976540587265180173619508197636001412406549354725843629178634 0.71156382038992671396905697665068395800096415512688543642854370069383907554333212460511369631080999722 0.13225855810408059897731507959139548428730336739226161690104170358737545098709385555121186056456352623
-1.7917414526203967731694421115940954360891704294679786191454048880324186849580605770622585375035127734 0.21315130383056311537444665499220977584127812459058313928776463446601292531597681983465854791725747558 0.12469258168272446321895064339037951923048426466634878928387228163509215042557729280471752249555591136
0.28514927953229901821177026542862216433946394364006913935963413474280832128198432848064261672595687522 -1.373001476349223521857447561243175141360740155889312167993711548329885738181693204060650452145871984 0.13045126475157672796048689660101400115116672719088048874256778124836477007791523422945071467034366921
1.1694188519059448475064554044211596331195916042082846663732916227356598544472636937097766598416594646 0.61980541133261329884985685348081408498897235638809588985736397142767596228653893373014675841279438405 0.042642936180783919911009048003911525470728910774569689685170753309822296128107825142919634833096312557
-1.1550649506079461715967323677493015158975984015050506299335495426022509400325820805000951529964780669 -0.23725425018205738278986904814769199057317773480968019482405791566342766628550196144486465135846662461 0.13252972720765998063223541368373088462088805537141707002756069458272779072647856004442351515817507238
-0.25942448605243263747359405157977550360848167725028320273707819021317669923891330052094535838449427518 -0.079032297763450337609996345779352151707338006542078174868421080365993872730797026781349281888607206853 0.24776011845058566030253964008299466964929713895073447259518612138822324133598664748304788232899806431
1.3554483294092210685941416789633461102563336333813095407615105868936166500035155139504435792789340965 0.62927065318908094593755725525296776582236853413379885129107671878551024587358594989547227614735149797 0.27121234639927623593427682090588791521986579567472785814811198862383127402038201437245427051872893375
-0.027770053212040588334468805266350142886464699737018676079818586801691908202759375233077731535828434528 -0.51164574601058940834956812493082095853044393374240344581585733111344555059066084906667423224747493503 0.15901018466158086089277188466748896659681520352686485937517427357359703471052502778864981770637029427
0.29227635120702012077590517088817035451120210933074442077569415734751760186005958670725400426475401071 -0.87032171277006537164889964995957638824488306456517758385048981904321830148495783029312972973828485732 0.20176420038737036265516859376815396424919967263485767748126597456994367408230756375089801004575095422
-0.81335537338864560573384174890189234286108098735116666088988350776522449271637147224313514581797390096 -0.61556083790187934050454623930834578064610240145990706360954948478618762288124060451151311851798481959 0.00044193434929542210873616617843338826312659580433108461218339975079160889174448960679188487155066369481
-0.43081004505749133934050204734681261232439076872038965768289811723785395406107570274318750095324065682 -0.11919665237547206510393719269487097621675082089801638941306873277651849071454845383454635815132405488 0.042279573980759593452141588971629666461972826550184122507384373584579941301261049641523055933507409264
-0.26109239929434879128796034247920349650837200671383095107904845517597311247714296493843848023985424394 0.025148230649774477614254140045058995975288337363380964243307644868795706659031304319510086292484958412 0.1995907074108802882055984670180319612224602846593123879505217419929582575729993804209450485594205231
-0.30710782631956488609028160738487398305070658043737657314013284035748442405827551959942584010482103987 -0.76899284884720578477603446144488226031050782541269020938215989933446998826827792644413033242383919184 0.25518783979340604055410203786503831787655881188476789553427824703924805053094415329325037523849428695
0.14937765427862912743978011125565956146442819565659055558560086478220039191618825834007696990896803691 -1.5136101278623653200738384947812776249266395883443599197021859643755885288908326606745967038416824056 0.25475227283400081461871765707220652003074813438837388246741262322187139917308141116602862932055994932
1.6616678870642839330051299648377294106996149592014203031737709779806927863908374866573300363283802565 -0.39788006545853957442792373438253374346293288385561613043876951975266623619358162719065733705921042189 0.086926859316562018446563118905787059086040199391266822903975484309899356905687270093480833224046089169
-0.87768224196743689405393033252877129861012845096306460629048526853376402030390262037637429740582659102 -0.79253715198024122716673180649662369852890187349935898525681946744138231448408599958371131148245561058 0.092128983983471759177980894489581799653526015424151072285791912104815780244089772397382192426395121223
0.51232053977886985248668639674801222255262964719943164218467142447750786864021130922985271168681599887 -0.60585646139540028236562725794395080861333077681118012236337018118672084162452854069102740873901942324 0.03179239703318452038166871364204401056267695038898352663854208517730003871288917384622609336966415089
1.0559249125420257643816985989672814410178916395116428102754262425091330594685409116098190654267615367 0.25793786711826581947958091017007839523226113837663182258779057036622439344371922469979694932758144586 0.084350201759513395544726384388965942146253149450462164672986366926090010356124229714991143476847925906
1.6637673146904739726091695790191696083253681914357178557312931302577098738392744544407255523220708359 0.4059251160044014560640747321722646300010765713430014703078177788453183175040451895368507566395669926 0.2491689041856152267647754465889707126252667659946217998999084922608046155133628681699186291074894203
1.6749791214115147999861707377533734757806065696141598599864654023440005282959058530532108203574216587 -0.18565917073063737733592706353436379396813655145417959121276873582351728139159339619556578762915223299 0.10707374366504752308264196473550458312012042094640406539893024255901192849324428453821998595786158018
0.44548706387318194354218270558704404319838489172292130639210038410756605947046718227199583465749520606 0.30839862119747228357770656777685240506632689785353610907496305277270564522967608500996253547188907128 0.018807943181984545255398839873776167790920282396421545849196680909926331918610518261428395772044706429
-0.11491925940720592019681184627683153275230543375483040521747937956794457220456794978112635196761482027 0.058066159788384093427480497179401361946747959224354896867921850255852716302044595366805821165276937904 0.13564396660009473979806555326906188988844205231123387497027100315925060243691390774350416194299727572
-0.95143505051616067048437368612109071418349520925409248414339452343519202457776352860494340249270694954 1.3163955241174939093305669517866018282606105655820682704746848546952928031342424885250684691907752692 0.17897487532989985207726714518858815893553516901818160849132572606663437188343545685234550875164707811
-0.10878318137898699491655608962848744194029435247616233248025281784938509462187383391013052783796310322 -0.17725479611864503489708493929533015198737792938015837047905486162439269139642711166887339464294730288 0.066919649791757787053102635952323221684991840187223940347384969052077767441092475733573979674863901549
1.2893405202676995418100587668256821145619693232872844435026626562449770023011740301219257832452336945 0.22685138121678244366587813526434861571525518356945573245644563678923207837446019802883927143493836782 0.14229662273183190128398073155740058930160276064642216358170393210132778685782889047854707034373738854
0.1784093407999506240353695736041398248084322028862068916577976906232075129056290232461123114155922126 0.083147751395976135822762185533190074376647245891495038510551194529474192662794274094615514641051819564 0.13351301808370037327822950035892021744715441060906254245476140145531326025423531241682822659421106218
-0.27270815965658478150669828932009817369638716353968438721342402338629499830812083281768739960651202214 -0.35641985825137801203355685815583686221336786930744000243913290486599183808520695570638858678349667984 0.23812909504939080189295579833719626008536586020126612796179942175636322571586076826072991801189651598
0.045672687199943371460753035082339299007382254718721481739192957669235093386508491127274532962944548049 -0.17141327970633284830000505874248485485952873909420958329715503830079263474374948174502411708203972541 0.21138830505969567383115983787014476001046509269912148872295652410035068850179812359252587635270380547
0.81040460999920084442716674214694168135857017723132076855791007053891670604006045256593271351340923377 -0.95708243601662157090880126121667660671169078609067844413818641168226069542505860452755851424117885633 0.0099131762099446340094172981985769324326148785091794684325607881430531618905638319130116906668699141972
0.15818896988967935052306132840562355204749355313054466377762560432072828763975384756217408620142618749 0.35634947476444525034714493127775725915084012340351285240196564456627291996928836929753851527872618171 0.19877295551636386886050710993002888545130286460558488302017112229027523200737453712320521210955657116
-0.19821681458704645326404309529458025378007424141106246692599392007463706005374417461135010507360092279 1.2364631524991110556151405781151824812029878759911676877836736905451990963094873362840706332385756969 0.0076701378940173991294598773270197615669407766725422111778863998849274703118753531442870694802918835333
-0.052789406332890501660642909706847352935296501642214230568113914242242753724934795113595734627594910168 -1.4171798937600597651485175009455838241748612922512230304506113354234250669467717671316000661538051526 0.056242037136089098562225281873027512323361891151511504700133668633362118873886274376049776167198701561
0.63880642894457612546997389302869961713797182301114273932992617471933943698347049368461763679472392867 -0.51511147993812515199007430757648858299374888010001923669651950080748981502680505906851329630811297434 0.2376519495288616906862720465081990895427292913969646372336942379868074267012506524772784419234253932
