1.4782338543236041465359770697820808486785019301225915982975666002234832517343586671654557439570826015 0.067428258245925138359989481140290967680185339329447131286867247678164445536399371992568718964141433229 0.092788246269328283285048178254765449314595971853917680064331334403090188858571240467159521339254393171
0.99035442916839330238014920992378975349935722765477221967297926850587111813356334073937436924444600859 -0.54707506375055963698121652413472268076178120349961823619301985769130459995388632235320165808406484289 0.097336026411879490204970178781354049171510372605533495014350871716458404857402298867098912715284937837
0.0046604313911495511901745125091476904254989925586455677306385049236635549066870990526354829147997905208 0.13984369056184861081397386030647277857305177673816486253316499643078479306914880827788088537563847764 0.25930109227835818315704447542302046894766083951251294624878948062856917698037775041792886776462522048
-1.4638989762146839345639084680569511427737014143484896553666207441906229104633704996922596944139823726 0.8326885556503209072033264578857896507351191487120781513929272552279729979985556057488156656292418608 0.055149322452667800118318205959636892784318833104710932593421688309287331484749662737426587402326412193
0.27549000311438343941057350372605739331642143740962032272905551736322088439851042149835865593619744984 -0.87943848656161601953485867006933283824174258502094783720267239307997143232788925232387251543375789981 0.11945860226705896673704861212853202424169447554001353407664568079211671026902338038822900341160276044
-0.69310746181820278215367976292261714451913130499692862197145120903987971258258803878501196978102660743 1.0716391953913041121285299684047745780345200976361337794416524369887243678272075536457206373189966026 0.034402909602777774927189652840759197408826650866916315348044926233347021548918588327156556356535757322
-1.5562417071805832317097103108937906665069913804371135870156750361929336305302655002488705748214507551 -0.26281878817471694496758750994051034248334988219210040951640359240736360541805305133403479907797142955 0.20321525949813780089169295434197977545355163661278906951856133012731453333093001179498517450591406042
-0.68182651431019472865513382122757764424703504905373432230937229760331295853630904482699326712700521909 -0.85303785451923188823165067423496174693401253886346218302058761109736665888297692297469853393756590447 0.028867922960876689798850608762621796427043604244697451216641009887572515050118378656597097616246739385
0.16419303152364871250401330626668929324477506664357533470205270966009708848008633831834098738591846932 -1.04942642413009243925454760946166104570080822055413188397604593839346491177734053402829577070550212 0.0677836505631335089549765488713895124374913623079804482054493000523611848652966028138965651053293829
0.23573941465571130243507482861280037672192982529613696588752341033645901876106095331680469067500969401 -0.11769633482885945526227088075217956961520136212102116335764092242369426458467854302874861402803305122 0.20621215657936700582793923906333018375187121437203622889106098971929639629058407540176704319049858184
1.666074834838844762256956025570700818395334481698140420236956853837807774141541370434338591622855522 0.27385424594882054164117295904362588445387641995129704202731995876589618706185920133092260236280871674 0.13619406024888865225080042114965552257165112452898051684659231189635917436277284978690878530170572646
0.381842895212643080871591471357926143624210696212049193321057321218422805367861410422978770655466516 -0.038218205203679953761121169920761798536729905315470296123367472129036245520660201161953023219304496837 0.27597901603335656436447938313883673447660170399966133655346219608827489819736701397167152626668917406
0.47236848211723257270134478214467060870899260199675614491588298213672542766297355410455496931917637351 0.52076922400792365913256550869034100049692218795982911171318894067993378580600722220081751182558769306 0.11700751395789235648689727360273659519070231339476531562875214413602734523599971763826255510657844493
0.71197826524639312602840850214152691370904303058661198141348452804979686028969956071488896742491116068 1.2837691914254170207428884115471415974140265123817218851574223570651231415621696726599366488779196394 0.029796876029237127824444311408268066618946878406185211047540234081293722748010367732169447238694843141
-0.36068706317164283077632627845833812175061605256805319513155799942884389811943900538688395676665354602 -0.063573352259160029049060881059817370684128519875342157653221585833255967509508187092649523471115710941 0.056858965668373565253418158972968511338670456268452658544333160114732233062797372700962047174205798008
0.79877012679991752533217958674547805756831281606958278469341949306745945326860478807687124052823565672 -0.7685804110167872835456427865325262442414333713350341837897707671710012330932002951344425209109384772 0.22130866567286206569430022181160279803800175552343656585128137515952770623690196552033387881545492188
-0.55733352871531179410018108791330309387556797491186769345056022687375987015689244975604162213773079297 -0.63227406224677621652658033474446443775043837187604899041266642825251013310608964047404899449255159365 0.15238783280159919215754453326642008191517398405628855532160928354453554688184620322977165321855728213
-1.2935502922696961401666428165253359195274539273572258518816832816354416196551163339912749533615845167 1.2741528777016046062531229178723195157847451022599869905246859732451201119254282673217705118121097761 0.01432185132869368420884604984875486377176649030775004679427732185696497338460659312022444000750487205
1.0951467285102004739328116976769926489342467865152106253413495103414953094535423584079653268586385025 -1.6486792058853100630581490333463204736113676087171875634745125590102533907332133134074750476636665515 0.1416717717078315767580782009638599567696898158626329032137155539013480628986422413728614659841713876
-0.8069665486595298363186908610231226072223169085466285456867437696773399129355738683487813816074080571 -0.87657447801672801456386996288964758378298530345586582009825604444739245636799645338217954125585181312 0.23492893839210001323059801668162198126610806013725013752771525854586738132827567726473257505677693941
-0.19602341710828904569578827644709075291725385735119211995455062854126820210124495718791413193529188516 -1.1971583912850978574363202368242133438316628931674319601329149663617284828635890846362234027002461554 0.0020852926052497238811820938635137026983692499841380038204686234971615981441962477876822974313159527198
-0.15866893956874442632413532605801062467902320464402790183864183155926081636465658908716727608787949182 0.26159413187837745659968942024718204724011963435593512033251687162952500089602020194716504675767747779 0.08165461757342488542089922693553285464197345344772054877801543359049631792736756074862541788669025335
-1.4522107874128037566352720481339994316199228704850476408603066564498691708405857336449060087727946626 -0.42404485635350572676716020501443010618871866562666547821813720817087452542149284871216403285655310897 0.018471208926363022794644346329863333693093635024031681625795762334741249937860460407061993483521830935
-0.91153341369149643643648783012983839483553543164918149661429272245103183452230820129948599603681028675 -1.3515419610595300814724439936568618280661596149982226804341774547513490840209153179620750205594240254 0.17597470651791189062694641192934132329902097211060165047054015445168681315324091569126660179122407734
0.16395543472211312258299520316219549001706081886337494612096792385427325686112489239986744938568012837 -0.15417161819806497915843239691896104785440815252159404168369916344406232365579965016240273039626383028 0.087665470490918309508098908874915442515641583107305123642058576509927269601289415954386137097759846869
0.61359984165931211404275313155351811775677076146700011591065420079876047202823788459612406180046354323 -0.96965536051874717849710301142388499901810162614502486043628726000721337074760346578516528243094300174 0.16059583110960068486651305920994801756277621747817148826443235123181908567783300222110319900455540142
-0.13733957263395310804520430590729167189252632569079751606132835075201984602029202558990922116808049113 -1.2534734103951232607713775072010710721232881864368718654291004826625358342034613955227085886762178031 0.17347721343459580965745377260524802707843931781565811469293222573834499131672636207128836160772790967
-0.28937928190349304259391555837107516119858726296653262581450437291301672792242192076924773827118913419 -0.3960882058769072390672189905029449570108893394126696588696849337506617984430083246542950538763305098 0.25846618073407267803626007174806876972837226085904362825885767594199013770748491824875441165398954895
-0.9018175704015637288127556798662814247002869985195240801398714358952271371664334873291026502251832822 -0.21203691086795912909804169233122035902497266954971866310133967014617647746847955122298167890842034778 0.24859521665711525775935247893218864134785776937587451655762958729108106502427794611793715366018603521
0.3118171058230593970289860273266507995811269395657675535808321825319408084382777103295888325446162817 -0.48304265049678137602719232708650050181317349392661722560650004244848227178625801971860626002425961901 0.1952523147827999316081676486034785536942346220283739502555660220288125164531600328287405032612523841
1.2162845236781949490215241161162711058981933316705448992553349360635107475247244650469907377205475071 0.97082564139262295670296807030623088320211210904124329791136787795700232120594500826101230138279869738 0.15882716652937381549500890778223559431437742029586237027730123250966503926461570971623890117466307161
-0.52695748798042014923084830640646413095490774119791449796004044553024030451452638871727741019635502263 -0.1563989749609507502225992823336717188941038254776961060466752656231953666041474230267323338270262031 0.096060707081680217711696333402140948312621989448280426765689328970997662675446729514747194603002643756
-1.6691478074311361279790590568316523987937684067097550570402992077882717719382923599034076321176779163 -0.82271818136148598627959623630238742873833628838577990313906285073483106587461392537369611829639562172 0.01409583287172929226923995074399299298816480703783192847068318212515928097819218267240097409798966608
0.57713851494683263515179730223059296303989095266869977015001365904671076419514611418331585711642159415 -1.4896325999382190119829633581444596192218684830573311076207396312902069693230672546861558871579829618 0.14884701987000895289269433319957321261764182527484254040654409604129982609801002887492517725939750547
0.44289277962138463822983064842559257771868626756183519254817120194176770157125661847238824250343762148 -1.3996999549482486682459617612411893920201276181187955773638574447278768316053323031985115579503235808 0.182602153277333942356852428528850425668084526516135947532265926854493174274912699858849208608008436
0.086172233075125496790531321673629490987880306601828559827079143194470411633429324139936333725805198844 -0.74571517085049413973215916403685825004470500631239555912629641933394436712863666455970385887386590967 0.27509252442237791791716053392958166016136263690323817022537444595790994314147851558536769374887056536
0.99936520400588664641749699097027589790747221457918720942056299515569073666919478718422138015833980361 1.6773754434220990329700765065835095045743118015534678802635797430806264944743320555123150132122342773 0.032812207475179267484697496006735948367586698430858370174706582451820052013781473288184668052276816339
0.19354665048770927608798374511951661774552078615945384200422758249122105332014497830565612356022750467 -0.43735308896903239596420150764306798845626031427572422574410209591258479516150265986113797745550424619 0.027113316851265837475961868348972483885741944758451018176299751019761489452136781593518442100142874832
0.042250052194368364905784005751012405229561909422685246768299603816505719844431750488001008465352277085 0.57090745248278359516706372530901815340461617944188904122534163955375036099633847252251820009002189313 0.26954047595964039266357036926874400540127173250583790547602377225472440793544791291308360454270143881
0.4694168614307146473280726683009698945780477779858035265900941368747652453637315298466624078213769842 0.088771275439460083506223175808440903420236628787906029315689147860092152693965926509092845364516446718 0.071155289696856493026533159236695680533784267901277977780231818746850197702396889509753177308749019707
0.42205417112543395475545133754633113121551614525948525341870415592106654395984568009218276633605538415 0.62551152214172093174787184730256919339108661034354742671948977748809815032015999114581876565570911508 0.25382672310441118483954453223883310331308663783573463751754264807728155143578808952070810370272367262
0.99732945186913413482787268550768073043965351416834285406526007070979380245569402615078693230941934695 1.2210699092045638436417350171600882062525795057665965149831539782189085230957443703328769010454250283 0.21689908222757460948067776000645863927501347635991554604577780464361192552763822716622077660181260278
-1.541974965154643564880804151949250081879429627992137226364782435666335701835001135920959581098296236 -0.62289667682154568007762320079925078284798799533859184969633627274528965751890855052813504518015692659 0.049748906804957503734362672406002116777214220796108438913329306797786005122766494684831568726150228462
-1.6741317383802094493826855912785212040236974449583063722819914235019958241196288260651543226798600067 0.35474853159391276807545467854170398537528726971508037933319881758974141050884575785739767109048455954 0.013313254992002958310090215334400098870567519801164150120760113445092717599458091522895401049806804013
0.6974655067468931358237551433864844830026189610486953224656533157721121011910038076569519164006849269 -1.0920765361501877347465283098072250478346662607373147957528540999824841369253835390427958287628757925 0.032419969327432456614603956229188039428788789564327372459393143669884286965396614069851469513248787825
