-0.63957135295455765992528640186641677471515153144931097997084830004630181389907706081635118260546755137 0.64450415126242780949318200278853476645401949514087468419671234368350719734782422943687563793584587466 0.044582622320058489508572944343472971626688348085456232559059194156603341765040961684286152894501831024
-0.088363782539284115974138729684649371134434883219990461771463602665980687131190756772938646963619291171 0.80603457881065353076469177868857305637392572325607482409878316039195301938097942900888692891938778727 0.10673569473762281151638767022501345763518822016783056052398491663085287912953948493837593236699971792
-0.094594413697827174731938816233015913297439980621373440866847502375753564519684435326382824611666801828 -0.16830947062940483162675302933599713397363928873246755511910703920172758986157059285922014715867802124 0.026044106981954236352509476006856759020053212033727749410724167741170995793497962606868874311981862236
-0.61853480025565477637987652077633804392625836130455595108501373649078466536675032928740401780809435907 -0.68363096906210128972604757587007376238888364478760878780138706649975154594409401751517422390465882113 0.023207411971773871216963944788088596911183730951917062553741731037457910396372631431529610054824225044
-0.99434462790642943192192766348437426134349015573996066257340032139534664609234993063249303417649298397 1.5822150445889638335788498729034128341238777934310189358094981482847353379544705714460681725491713043 0.048935562431657037498283188249570570184913489602038927269069198426652280680389084398672489381238645798
0.80421223811301515677819737274951440422298592618264892583776879552634951007328356115916087911803202087 -0.63540306948432876390874422192684271286570358221782218033518220713084368491551659308243949777824011159 0.11506906353816810387207108653334013371289539024276381198603207320166631630538903598890871663131080312
0.079807821766501295061711343426270838591672100793382690969787182146627060214712083722113547536451381261 -0.066457954421503356030107250362720231245020899162510446934468342665359574439675352919708297908849696143 0.060604069612916741023539113599061397977279236946722914467188958016029710745137066340074370340322477266
0.93514017638393310608270755651339431089552291576301405581563941228760623091321323846612194554203808968 -1.5423163424351530845770665839065516200572189983384149042908238342253888413550547301084260792421441153 0.20385292111533525523174499993316337687554662501822383189954436710727063618824634687830869657135836801
1.7043167734799573788435202970865680574425965591198478878633380506627187190952368582266396102741322334 -0.86243253170841862960147137311696999097205123926678336479904847810113746469985502560831273658689810868 0.085084465942222890315401571543781414866581608365081424536302200290107982399635640377116120694472332666
0.032660551765296940112129447825869254978081294303957972061417838171063548644239998383524158567184504322 -0.048371410790586465237372163778948839667207809009903230682725573631432250420352352792795890176427555845 0.18732396908722317553412138420674292706773176471880850251896782604543106492429198097851569558782697354
-0.97679311786327611725588826374393802254712767702981154608654379757196178211317132990038321603473877721 0.30702032818335893272357544650973485950682268529821859446757380765517929019921820831774557341870908566 0.23593412850923116012608674299723098181146936565811889304278022468968085251489635453230684200435845292
0.39264714359416365040685742859418693017701377154551119106856728440899275812579285093970689158142995463 0.1363011382593392466197862730739726213638130239294283040403539305378012430542620602851545250123615775 0.10626907719126758333325170829035176177264980657664917965514630043498301119057526701310013076390887487
-1.2705547668641894681665213763500153729414518726188119035465062728321833782445127355203782281160533099 -0.51528084671178068707070319416272314843497654243841491173044370065796839821038017137151305983455544395 0.13324393200636043794175417465333818238455473025178070794852018402716115975792564292005705611717374583
0.77584563772066261872851230708604547126440486018777930364636211730663485457078178102080360059378642673 1.7164122543832400748629671233091183994049127515977521830845716765147077795560564944838271394022347924 0.073726737865252004643678201859556336410386495513101486322140614019317774113913290685391094206994397447
0.20072657313860530780131680164298952588808993306142910663004933346970320284704207750445853751235733106 0.79298644888129084582258029599127252342766547639922047269110227775101026298879526138160607019675985076 0.033471081757684105587299560071504822415784966611598907683976942429201383065028275999596586136908055969
0.82948197196567267745137422353390724872617692731164825513476152563504576575636184885501067315662442515 0.051364133575591354340180016202163827668944816317458484873238000617382862660929027467142097804376874044 0.25812079740463698443659985752673128541685064904989012408401029939410290075077385101096572014939199579
1.613996408919858128003366464515069592187379228777522158187226017403734747656333593232340039401051323 1.0867019628516675987003300198246465498951680629656403537392886445998073477052797668287054889178592473 0.15953766893868811993400004362771432620290493244757559797396591897323455975215874053708758213674431399
-0.11142595340588272344486263783965727720798367646724879558788941975016410439826248179544094953857586365 -0.11125434360514012335742250380190231915770683716299560106388835623883656708906351232494580055713648842 0.24463506901663703365800483106192307962811085271766545990628727934315382798066364122980608035859175766
0.024601952622489689417175601750056953894033729236761501571462737548726017399564491334920190406446380714 0.21988203187308261997224876855813168883828104247216350266301715615399223429938542830127048823271089436 0.075853033147779922276493457475251206449997862483418750656108410044146750273696476849600613307102133082
0.29498246985558836909909243225375158953886926285705771478935075248308533270502378407948913094294228096 -0.53316538690263186320299680907619331389003836134215023310448958426290782972331409307315656516500129418 0.09301680933243741309384120746686503227562532616195503968761637892853432772740389316549807321043043029
-0.73853301082485107925535697990732439584053885289995169957580534581971765848812610463440930714176452313 -0.23871661699254227095477040871960663086625052835636369781543616397603431600002746977633392495067181284 0.14195902051345247122812583022886457210094948276130466273448593503164485910323539414172320626331739892
0.10828424720903603984469091966444139612941019048836590758064165089655478854024164483578699175786889195 -0.82921852817870643046668244610954931297073965973690871569087768240743015600184087993982903712854977031 0.11232884166968369454108956493825223795471578282689800043220769669596156385218537217471516862208607845
-1.4806954917589035941452389427008287925305423135021095105006002699357781017851385476474927588942156609 -0.72681429342657393760406785414274824111476981836536101909608551550745494111725827809337565091707250966 0.26876024554602570701415048180053399044494751126712130256331936413826400589606309500701744692020939759
0.081452234192034811622591925981260263343332716851038701063407814373314601288625841851298292621940902326 0.033164739973963949124353653082679851823879449482431648535809966372560715945879460395026383000920435201 0.022474474994897353752993635941862443959941420516247394094627061381419387515136871068247467651846115898
1.0652774695067000747689370288951272936125816448502027181807176554312913576689607759789010500958709917 1.2710775577388564718585095212820285100202478820382501121259407350313111896979922501059188500516527863 0.044946947170121879383791103342179882042314090298562196593794732127593170048484311020447128138063535181
-0.056356273557481042153660085372574596230075954862922634432600684331772878542090732922756462950226025783 -0.33527666486051618298507684242980899927715706716772973520377244303865612566363339561663555935790616431 0.24631065455688815492915392578312906828995837026022820336003381734643974449943135505220460413405795129
1.1376547125222132780777045856387389740111832154059232057398176543929387486650571018130047682885008678 0.91594450085895632950690486691144016622456487442179720483150103122564225004146985315505480538114662258 0.24933006346824194407697128714016875221259808648152822479881584596326487215666508059748705174865232369
-0.66327183491331276985481186923815321994136536346794415025098853348156396206149318073229684336748312805 -0.42876094481413621415530947199688646855251968586626097843406961599527725811775887399491166737453398342 0.020943775736961025414321133804929765678262050624958764888482190004104569323117765659887954535897619939
-1.5443759529420554488502917424217151274077733843139876889703841377820786743496208597893099420327230946 -1.2554347019844296038312614386907105613387967839769201456433552028171988826443197087089374748112532725 0.022591401530455899373485257127790367358935671220820398806540826800830927054148303704341946739463885997
0.96175940396868461656211302269473718747681277306679622230954466366827520323636125545884663511257607869 0.18248220323863730320208359601635929888167333051115398427244509776897387295389611422843675783589211984 0.031101325357890451755085506874423422391504345101907611470163088058638685701472920924814438863511182173
1.2583130666322486573868270586392745908158316921856956792984526024500163039228203200186476035042241255 -0.41775465813709825059681461213909166051399087891278063868282756245790581105865141025653276035160188715 0.17189124971454982930362766094820557452023107479899745113184610950083614037555809923913597393242485869
0.10406762378596340424592997553483233352186249545835424539448206881385215308484113693738428117716576822 -1.8873459895928703431931193901543990781316400508788771595351649531848551643229344400272693084733290394 0.26346244170279316150679918732671169014815479040630693131637058985478696199050929462983451241909282525
-1.4469644991076377608904416768137669467007819795452079123875432040716723344214458665344207436217004779 -0.34891334121144883674146130839536514340620948025977540110390180477953297130998814912937103976700809607 0.14673016221213658005174845206494855896915455043079071762750451701270275254892624029430754232777479172
-0.55207473259579132710803839711775051330409336166412965273130821116415996320100938655909564313085818585 -0.38329293864113783645949594090580120914107414142855030249913820444566947676363861792384010916330670596 0.018194637247198136559085368413902877441530913162554889823165379340822183681026336228772503747665237806
0.12128740882535300883885935478545740804389877986954135891811795762597663657045822444387027752298005144 0.98078563747068826866863059927907251911383280217089343818592242141569357546214612110088806377966131727 0.11293235001221750160562465798865999944181194088562847435486435774847895246479182021715768223159320558
-1.0631703301622035500477191384723597994606670597884384032863420766233126504337784197749283796513188645 0.57842104796104244780628419012623035874875447612459665118370095035439454292709229930515290633320861233 0.20746616257468552863430501006114750810773919362534739495923773296063770599584742757625321148683151391
0.054866438272944287684744997681186282311001519526421064926042901694803459713732910297929024892894531814 0.056016186707071282888587818810501352037337679501178184165557919575466700847166517921871922144823493057 0.18447652600929277191183610960248711011531113617339977964810945299039912022906805377170308789189856169
0.35272835605571910769087667882606793249275041029078293628967403082524054757132235021310863633491441004 -0.98407893035753046779487733711307420791918062504260297814740484783559578563693506055796734778769404073 0.012047915017632129076253269813487246593820972876855882888232210529546293250420404369110981547672619729
-1.4641406216889424356040678824926560979194177001894392920699986146588205001908888914416774831306655352 0.34227809757385851149693076036257953390961643898138197895999555092134229737148593985553209053747664923 0.047220879154057187610271463389508431076071677844003800690376344782011273872876881498470739556831359012
0.12230977901341141838627919149194930872176702768521632738260580768373630880628290800037734944522860108 1.1004006286631684238659728405988981665073064123490467330605266098077152117302718833299756922229067174 0.1161996730025366298095275110004803328855196295294805969952439204387545600502362484621412987355452151
-1.4082672829100275935341085180675622598085591120017738224189409032387431648572272181656960436351999301 -0.84698283068003610939696201434705791347651555766158991262146199120285287717204458055046840887164818568 0.061318976173981693762541060575099650764975205218268756892394553727178236535962880609056837402813991138
-1.0957008995296056071660371557021332554296250914164739517993612340183977575812104865109189412039658307 -1.3474202764188648386061925144711090559592338068814611199823173123722268385448623870142287603530772012 0.19682327124821070162767066277129519446973080343221220918226285391928873079806658313754269917288059504
0.087392423607942634587228252426309424526700624479229828608169915302626134578710732876631019483605264056 -0.041809631473186810842232195605351954303665554510394191514733754567896036917026165366713621301110968509 0.18813775825047605401244391861427536899828389517788657028434695957862994002111334636474084674443338265
0.42299334653900941038910785039191039549393881592529065565570190013902299206246484715966130790154870401 -1.7162801922991874127980691537519248443940449760555591142373771445822097725161621532350112143609385154 0.11363023691849517486649499973182492420268987304287110717673039842607364205189582463113588330788354384
0.66494957285941306859156726161701971079960827706568429518673527301680942920990700253886992528174725782 0.21995975965409184796329985394239792215842562829676291174837356004314730842775964232270898967611035631 0.18270254632299522418363824684770745279750746241031676560988660226344332366747216121027828692712548601
