-1.5015363715713421502445219117005310755472353923348274207749845075045330249465022234576928205034872001 1.1519639391682270931768228677921543723795708450296366122359298707080813907537355578219399633614321824 0.19669063763633733389179359018693910066737243865491640004010817080303797780966288053072781977513974411
0.2636056502514516013991611416956277788933815349818583094386593904791530425421905474156859628460624062 -0.77698824318169013088071764127264158931514142166165666056311238231930278328881702510430283450362525396 0.18611864968914049011976224606365192839265269596921852499824748779569163745565875284924453111819059588
-1.4164638732837102268009110712198566465952023299669671231644024939782650488044612545995552169775528289 -0.51250713749947843806840202353897946028736160874954461458042121334432148318729304353134728721406809847 0.032868062286998289830227261426478755997450767085158184026708253687016799516048455803333583057787797679
0.23674382162841085411476254313430723682776530189561204748497603229503022966861594715985653339420412195 0.047541880617889105049153747203845743846982745297025448824744601665354310370928411596322118860232776154 0.23222648238060362175010516444439084663267461188466503236664007892095734591089132940627713928134971786
-0.3180916531844871759384899131526853722503179400928503740308756000662757412498751519488909414361570813 -1.840917180231652862023017815577073649118722894915239431654878477813650096511565087987671344637355896 0.20506697128669027332280991127577390664218631977388868277022407417412633880970609362833321689896182923
0.88987926084501092523867354197876081475629752136493947121893519998449144329556008504641682343686070395 -0.0068603584761085835108079649775924425694833460807223107434903849255312721327218918801165058475016697205 0.25603167640050420172815247320759017534016311098023115141448346697197439706426461990782058859324009307
-1.4087610726899548995381733138077643253158434255006682216495735162627444064539154112432845949264176279 0.77303830108137208282880205090949292546102801999291988537038930719290041526482209569701521234634599928 0.15403905974351151365485606580257120968025459834974732679948984900540554963197326015360693877712675709
-0.54821227171471215631575635621463072427732657518863427058506916564298650619068969079280452909309262912 -0.57508782325031695635521294452318678564334070253648121471342081973683311205127416440802876114038564068 0.24680808689254898906125055863828707357977923457829156909738638859449700187664200321447680183033591721
0.31878714012527067801493009338802323755656514213039298476421519906010391279515924369943950633674061858 0.46280432240991929030538654923726179804359490614447283299173979169243499291162953867134987390734338641 0.20263178041249519821246093324710223295433839020608281867823831550215793110897741280336520882945792723
0.74949557424542772515809669529376935600389753871033795714362983018699814689500934754807822859483553506 -1.2026462209764888488617330938907156233267472444730473778260158222333805328384265633306006712946046589 0.061559599773354553219505058623181806755683483353192182885504090218166111573183843880287198233893285976
1.4106900821620784984655022397933995043842241109565230842601901794863714604853948802084099036880432585 -0.20080352439757635682621725142407556442852390506967128170745066158943386837538833808589607175154881936 0.23786310539062913246251780510243478917563443766873551630633015599339500611981334269702332951587617353
-0.89912928544180167135922486718583617024171194773690036375488096936975476687142043301132963542487770353 -0.73159115954301942659297526489243122415221913702397440368109165300674379102602254388424831871761988071 0.25831137486624009000003588232604175044412690969002637591704757606943209498723230321986744154027858217
1.6826491863567423095597007088836398015778895335713690799803492007575308058512799029618760057137919784 -0.7053015991722372938360692926814379970605059126637669765829300231233881125719282241219114099653487882 0.11620805191279177894280271541768388653040883824444579836679983906006115147577914542609527865460111294
-0.12895032752625667750671357912147738890860423800714629843966855436543800743299350382698129101500622077 -0.020539172679759870338737159101344593779853178120857409030013844805954642120140170727949137629684528322 0.16653711298948063756308441652773623192515722839702770395089299330179429089353380432562190170931382323
-0.035843104714794976751001307228114181167530640090966931351944924679041368898661489549728861818179072465 0.035565316601240195228410112365644016286887238860330901779763351572979703086633127354353946617499580631 0.14651742641601253118837584925725261787509663670676367996428684212640967312994598200891357414178405352
0.10760349289916114168203277920223547820274640513248063559133526811300593955341819598283023304436997149 -0.37832095157467848357886975160296995042799621140705797828911742592463650117710974715723092377289863741 0.18388843467576135137706257724855046169950647445730586731164493242467099680605940403145737251997828353
-1.0176875669383200803230303325660032296077616112788614348115386965743242831525667529340430803514078278 -0.85307356293596092667864507567753160496400764004177137138920585501687768783525862095638655351121947759 0.22049906148609271803935982352228260056087752369216479897237872533392122334858535841104894752553034531
-0.9770678252784241101626379729764135210508208294086215402182512466142021180904054714519457170785179056 -1.4829838790529738043089690675834688892783470232167315895112512603322505077549990069126169800208674835 0.13262171013597841765704520706492592474397614689980413684114100025121904476935453716716395971510384958
-1.0679518425548878443594543803854438292592112325779845862858192849527457672307372566142544360466630884 1.1868656434195317878425718385266530539214139929572107466694232841789047189265625516343269072653569612 0.12666987080329761878732182797033404272716171523543190285858114300868890351990015700290796422062318311
1.1560862295570496309021251830109407316382244043227406852825360346578762749209582738715060125193834069 -0.29549137061669549571857792617157485689208815103679210027240669886224386450833248228651837263489356745 0.071110242002215322075431030899614471715020942954355892166653221349694912269812337879907340676718648104
-0.026721790559340563403173167400563105840007317509362058062602097858985169028519626840859115942917435583 -1.2488440620314038589617474487330785471206623101655252804644231311101537559509231269983686565424764756 0.21183749334443294197364993427484408099583677881817624969874270423624450903871676818868888826164840349
0.2927849337445903854551281627848142497381741917196441426936495078755167982951551625311157784451085398 -0.77318227318014803624886056188892342704577947849968412822023437364798807051053623097252848796020330014 0.086709071151758005084022296574636735408538312185715053206678786880121546591080709950250279553447124573
-0.43912921289333246375049165146443386184941550330676760109738055509304162007318835431937877643947625379 0.25162370049861337391086378755115403437661032852837434650101053348084694985209578117511895153902238148 0.055508884629463108620228819792515131291662371297876829366343081051441819565194902940432415235128001312
-0.19953292559623473663070041022229938870621265627022124080540262841535808512313531088902941156880655336 -0.31492738527540229939449002715407166219980769514379208724553780318636777680978857364544341297327470856 0.27872842970823654275725585801187807198360147902023602017428787211864406237998405721365130044375053327
1.2697398654064826171376652803022787382488331224547638597137048338534969610422170487376526909303036838 0.91944198316040378471561293955778285118166501589028280945839686187811093632662809061734430409399290674 0.1585410742924922085572209036299100071587701713076502289961083654574751428818990712948690869889500066
-0.0045388832026213172045089126628179819536233350128494748899643533838648057435785994827710180442846778204 -0.011079566700778674054306775968936010611105671073924493665183152046496821598680090543459916338820940356 0.17142847466721504609908432477806699532781090188405048831313104700173353731257996251691710451211703821
-0.29986052161192529468252142872107847845255670811590880630241639968475717470550205128619048702669484031 -0.0063297138478917675027112004231170138450767675079745605637849546940053422894222506246166678477606001745 0.014466360745411270299886762791966606918505282267917809277210496227803349705241084718252048226841818787
0.82268115022365705182698127267323828888056692196904517864625849663599587717277839679604473340380780195 -1.0282218829979324468862231650410476068580154926305716484727993393647884384356805985840712178662906993 0.037898864908119630190012836467589806966938703065060868281079552445914255513118921973002746208846133841
0.091149950097215309693298781009146416827638539659205646519244257740458922531703316253164525372035525956 0.23861038548378298069000042821088792046432932586350442105986869359102769711995186649363065738788371222 0.16300576637144807229661978655673789665896252000760475717541361109454581800265113968761565355996899741
-0.5322532255398423490384562230715555497700954432592647999842706969603070811660306149330717483780782439 0.96726080441802667339908291353117697139711781507555902299942404466325179175760995496898732872118546685 0.09993758440087994803322785382370687206420183312224569972647134862168929585131363317151371737861389336
0.044540906393605543865214127223209656007169333093665442556975678932689537029341559573039432371076119162 -0.31237969039143833581942372517814021025121637615572284980483316174705977563030283987837269427376444343 0.14301126336163396720335833511921131510904421921812912970864019396921523267904259209439407180725205786
0.041708089856244814904297515148636838151908859430902624981008758707934193108174457088090047675268788851 -0.2030134445797198678677837597190279658556628343411543155899146782562866645388716393353133170134584128 0.065651822504120918432261945969812588916737186349862848976740757723697262884629038450016262667388630491
0.26565588141168116819938312961873357679725227023029629645118810476000937718446254143654901979668871632 -0.28252505887513512227486800279246701030896742656108856142019413500637260650513659786250303836013238918 0.041145795984100789860591792634940137167369226627562808608720179221864389073068649352611528642337486598
-0.042889040956215229513834883208114931604459973623663589912695088785389241080853119886409859922079566561 0.95494863539141934571474055608507885501927319068077369601582406062853326709870263266036333907943430037 0.23447283758751727644324569707627110546576134751106175522895577760737223130219328449091882095245979698
-1.0542058654627121951902590675166061474415702079258403110855609259200560256482466762411330158425700237 0.70508902637149425103606594004544913969478144461380267092693643022942062110856805589990391772099621348 0.15601300202359001104095237096595058823092434143256621736306651914545427151387579386158963138253377334
0.32842529092996843632729721151899332813895650375328290949700284970220364214045180110449428581831691051 1.4039459844136524318757819606950660162378499195098037973229308219635453960148019463436247728434917394 0.2158113923252161892856958561640649619939553475895978437594767240290796244402503137581654512948745524
0.7197185856974530396178440372672749043174220771136875451003288355590392306610189639419129023256340739 1.2935804366886967738049037389140149302483765415820768979936341356006072320962354577186548089844203315 0.27565243204876475390595288324768821112787541984773217016459535547458758135794451497011490836360372949
1.4046403540192662649236316016205955958594972327681328371798273877177749290461967138618563977002729528 -0.23259278453372872557428968780784289409380909660897604004206218210534544809894876827290006178549660564 0.23841523207810519022246130098560050469951001795306047709294237536637562696804016928152991299986769713
0.56989502083195871205431417063427742258072715763190282536005179742895442070719377826293427350616219735 0.75955777784566099366505280899825274674011031967465302932541819896211867613339867523045198104555931261 0.21252253844778085417402673456901455614869968058796626242384972361993079641365991464566802966910872091
0.084642867475939286379408620543304101837673986209707170984133609850831521693490871998172054198018573562 0.093285074695601280801779934249946780839761664176393069037124994941915109778563806950679493809314669134 0.21378193668893882618093282518466739485113518812093448260964030173886501403823094871697846969799518284
-0.075781870049109505652698905033508553263732868236947571056658166647238532941748637585423745543624112312 -1.671429740413584730564232058562013763859350670021625394842105611020130963995673350354387285490841111 0.10118728553513421871015451444565107820782055489114431610870169664545222009453294346532833267163929519
-0.3456915265143189767590103011318970671592200246496840114101802615005408599062323328462552317776083783 0.39893311437809639735268612123812473828346843912242810297077480041184000362568734856184939128071641313 0.044099636720583750191615486957007720493156817750442402628287174550721404860390921759927987827410893111
0.74971861607036901313604890043670463116727208383926393562299682243571294016003853432569143456884798285 -0.63830164755483485152213299548667236017089607370781888803004285346847429588410120599613060215922611415 0.15510333335885925871836939678287071599446602900337040845469970160590834646339998254314213037335328184
1.1899960457324915868531782542791110136541440920528410392614814119219552063306098927641432257302891362 -0.31769159731770469730384575917233293331222222259729362392430729911969314403502258116114417735564207277 0.17936960393498367645746687153762787030233296580126570563640350464803733198430117831587099357717167224
0.18603775353836899151046973315543672942363529655638213618602108815374342070426460478053397434442289 1.024490968558927078351669101703662030162244892191593065031259896898919842907959377380648246747749642 0.21211057698189228086635481870186178505778999913487727042473634615936740332019850698310603824301287024
