0.54399604099286407771282973413434514995446774642288958313566643471744116381196709755195723596653946921 0.78170696462119397275372903288243813807416681403683228044612989725834271241542963712299708818887067005 0.13830149942696864055658891459092402414294714750650069787651673517495728020272048372692675844381811995
0.56596518115159912838872473207831010659123975096760742561531405587126999369249809050292518329266234986 0.079737838249319615970083001792248779628201649748764517032039028829315745054078356887994856398700775968 0.22632464229551817191517196675402636980024703537995579849579721872315355418863549621802887863878860708
-0.83326733758824478848497344458931442873189478543708940289732146933170070156797496757649642289802532529 -0.66869123868203100996999861887860277648949192215016570645687706403427547304057945374137421004309354795 0.11492758221708390690397283848491949383646883755954159291634057405098213153678477265432447389333959884
-1.2645391548111405066860798927101272638919899495923995857143337813985801993476730018161843410883017239 -0.12499643410821390118022442706668996199726391247407796392941241481421156217507640055817004105192974974 0.071903701775258201633808188554477091324741128877507255612236102250632370472593547291152419265283264752
-1.3894460798816906737804831815828503826119104998512719964382117934078950253424353403742295435816624175 -0.25067050254855757119472802471561567103489062436661710265627798063463659241349512624327029697053344888 0.03010142860567916084782699927596502768641151446601806079432681455291904136752544694536392589289214227
-1.6872517086724028235166226991921355724611318337703009211606979173235863428815351744075723946663035475 0.18700032562707200276440606414599021221025400756719444482362440387194706581505474004843525590894641448 0.0091169835298922375076391753319979349855703397052273862464893521714956546179702843911488066021449362001
0.62582866710243402118815549783130609095831029880414293425576689362260543257069078503145498121541533703 0.653009634006222085878544346984908145069652009589812563379584732432012215966716124388491489624850243 0.13193092326408039168890304946472575724703451668036206591539267785364141542606788055754386698198496094
-0.037671940360071112692624786422265199651589771878187324048523869804086469455006946458637476792896842536 0.00089901804026480237378961058872061102993381105330598966651452151048367634756625586939167051711849201922 0.097063685851097670358843502075087790838164431446384960323341230800315263937404672249080617972643611183
1.2587153942989453119677144227789234187757864627018143188671789463122567536225346042636710323203940153 -1.5444303301517406991726457542243696152132719308818633191058046938487840176591738069848155965216797631 0.076098227392556345492786337098395540489953302061088167992357693820320805144146485079611458142524272917
-0.93932389280981431560687514405905425029203730393654576067465132935734946473848681483451502031275101715 1.1892894584914802509018540645545371025431759326361590012806772578813715189767860363030314226851545941 0.12908798052193345742367397596820066962840756260108865050973283665871608154139479428743343125183862993
-0.077567244593519315058969421102372200231509052440953203173592681184588994291465511544036812861111721768 0.95426337716110692658273492912013467022259736147952643135627018608439006069451571631804375788606076582 0.086246094644882312391184959969044686186845798738606020592003484646111906026092990771133897306875222608
0.016537934673863920265532783015884269624453838604967386758266903943718828677654316098253846108686441293 -0.29979468926178574957676606236260426616932937949530377263899259868644844662076812842198635650591169698 0.25043265077280534985807528517173234372221224139568798964606456625024907811003965265733861582644636562
-1.8128624495008644237917203581410596812513505763383594776528854706725941083706448129958402337502179524 -0.15378451566529820668277370041833693806775565121446733490651122399999081141506457868465685348628070534 0.088701613683380783416937724982456134048858280187556387023090876750809661237075072858142949148029896333
0.88402164107536994810179480310635794215117911452981786278274261700600334106571730119422146403057555189 0.74930190165812869119722758138647020226281442348066393205434958028141034995985110945846024016585516677 0.17181978918886742675356925395142184389435955346314353085741677694044824275202182325462301256569882178
0.17108700955394505805354961398642571714713084292989979248124220018808574743497753696043161245821619183 0.043754129937265773623460317747541917388521377591647607947743894201713043647500389984241414155507636355 0.15857411800303006775576227877042094060040551075912359687568858862875668609267517715511686821833238829
0.13876394997505254353100673457026772905925171146615689913481502227561751213098214502106677282452809751 0.11165654362911907720448005518860717658925396760351924682524257329855503405427375755725948179706104416 0.11037595237448822350108628052018700092805767956234474990590017315125559262990735289273498156447097143
-0.26738793142423287263857880891201684551407467972013317727358717807960505628410891197085073269185458287 -0.17489106115656409751629276459908528520190867710151363148672443884889017110692010858225965881698326824 0.14865746553508948187113326131210982165424711981322810703687211420669645838538140443850005169404237008
0.23622857671247942650845895127704587651924508952632686739381670379366211100803645596985896443354747785 -0.24151547547572489652067298743502218148526071323274769553274174582673727030807608235074046189393886415 0.12752525027046466185706349021725394721061590057748326475508242946324825537654866521517404997030658511
-0.66466242267764249344824058085507377612185001281364674961461517119632437682374346751298030233983952665 1.1877423894337066563332747390675439637164913682619925492419940801324638690567431502208475809616285758 0.033671908605928035425418547882571801116135340580912074131887044864004310005375871305465076951400513852
-0.039431442312004410776542796143605794578819736090913631108649610103474399412165477614619209245399935181 -0.72594982978025837670228246595155184925340070446340268290838671542108700352176708171528689835207117321 0.014568758341329550230694625005199744651076795670114002620697615523004886267910205979380267085321048102
-0.3895159591808889036375896556033928955366402731641025794836586376894235776711533608521999217722842822 0.17814417385536571725595773943012690128384808807832586532637027383628825770366715842212994855792225045 0.27036991144526636614964040281176187310948773086985259546058794547449011477076161626546784704655331997
-0.64625020607469229768748530799619841349444709457573973265573627949597635252316388733402840158603180554 -1.683622289103840656759059049455163830302493443842168139469014598095259499954483926079377170183764048 0.12437091945590443245660740810565678736746861634323894219915484232263100250266035297815749091465058811
1.40597188242003492018039024366487577536439061618377261109420340918662323760287907143710780561893497 -0.65722291612654900227296750523617445332558035906845085362644033433049377017732560250717443905269442252 0.0093609924301863035537585124783165356046590183188225250856118536826508987292654652264224892929023036775
0.46894404552060578859525872621001958851554720410709580211668928498120952556772896795644704545914874087 1.7756262713190172135994974309234588299262755926339901786515590719149266110927017015537713723062445909 0.017563456585932879412329550018669974636863102012929151571357508838564440273493610753248181980459421923
-0.0017893618181454586358880801242904438194265311494555045104830810976103172262030191586877272143079903587 -0.0030606024187987597411707789494421832665478769858883772914894419344425887861386265679054315674911758047 0.26260537539085722136120307802030594445243489732123439554091103750959704973797641603283363724545416748
0.71732618487308815852138878447750314757351613150810811005981822437860937532812657741051892244945383558 -0.86924146272485434605655440210304290822262536340888465096418854836940360171537819062480276526259522992 0.046958806719264072565244278574582681613305714753711062857787268181617773763789735940620537542522834552
0.50409645164375188668446860917706965899915656757617326849048777489170464502375900633631714129877358976 1.2050405929288687758709955424331330988855767389985382350706753070019456862263165659766118333139810866 0.059727281209902021192017776080039135759070501937827093280193106078936961716874693887604362963152214873
0.5896776399530116582046002284644778176787858694535174266342368253809054034035692400733329471526602145 -1.3783586865421709214929379783491780019134508190122557307222689509477315630193694294771570063523194818 0.22992134258600117650407256208911032673675681352996742127257096920487615365360463069428560233035932232
-0.026554807322109067447321177857542791093706146006848258573444492428249394071752762359096110996648255192 -0.11792656156453557771544960932595107144414967502300830489129303930165651669746328583980184927785652929 0.10684850919647505779161347571534646509582040629725660941750872494789702563326382144328053498547113375
-0.15854768315885019539370695853795398786518966301011973163608643496592040919022458526384849089244973462 1.8256816103786174806637551369133725536699456166621246736644471844800980882530005662887090096396802523 0.23298661327312671898655856029510980226336472047690128801198609723382099589781618094834166103175691485
1.6363914009087158835283544737885260408282631150907607165894930141183681399944244819728826821805940852 -0.61768560127821630857181499856881149133339685622256927752079516388396274293954693310503079062796892256 0.078377208658460397434797939963267722847912221728898024838877620418296930097773898829241199219952142583
0.12627086703536089943964779293769953454464819987708625878110287169428691615860085428499076098287111411 -0.4056845486836738498445902684521401870121380202450050781255823040467881006336623993420227032968241144 0.24654245185023966235542130666478071163939544920581057474640614165494606184040968016931125331103550467
-0.98561740618558440804913381889848499377738478110446732063907446732520571027395555077308426881524456077 1.1655859230081090175073082814757574419786620777931096281611877520053938352379639805541318907274796842 0.17246747750568235814381702041506800166508105541301836909665761924273992885950711207436482047734053894
1.4093029099393471629295331733501746433791179687915663829054903823567077533329913077274330455214128073 -0.56554211553212806333970042949534727199162589726052086455380461511758008091309724264776263751758594779 0.19940480496914390057470341232204172993049873419951817818627981199868348103555303095623023104845428612
0.196669730423062728397047216296319768782602036496638575437067481674969617002024733944731516820231239 0.067110556970364291798526379505694730534899191469082276185665941090141435176981618940291141902805408534 0.091599125413348917071147677648980038659100189089207068175903942897153837585025373649160857535376502045
-0.049272484509552177543167823619284592936232596405989312147637863054981465679460483793063847075252164938 0.61889151023213751727660811962054334760017189224677657867337984542955208710415527390835850403622776309 0.068350243463695078163066213061652243724277996574612922017474855359211027944746128805440053544527320546
-0.38542389125081385495450645527674148974398201670717847934535055362090052996776692226243884406837679305 0.40937916760445172710613248497194593725458459422730245236594226524807506703332052169930280921652262177 0.27737811172537724130456707226702112673551373839818975802318932989491637973862611471868473815897670902
-0.39118673852089068878750068820466600718184405749262489376561757814516994823007549135876905342960456674 0.58890168797387391120049817003986970108625917512507978953505360040516386836087639641370521097502595553 0.21772880389266877168079320597425936649288580160258336213775346414733136292640444167123049307745262171
-0.070786747652671148825190193606637090124761219538004878836571936199959501086345740449459514700126987934 -1.0251222038526340559426085704784993023763449162370501554424144527921295504623388457863569912819630906 0.20340642196626857889800576102931624939535753646079098107782014111586939250660028941235713130945354613
0.35369689365907614416922876276775139989982498984404193820526252900797894155050591807469674570751372431 -0.37380156141118528730242440025703044769324714099429228002437021043352305654911201613235672800819112376 0.23588029626783651352365043723358519591941064969028059577751069593413167949821995497480983791338156977
-0.48706351388654250335666311558402945246522739043325230747940349581094349823796461735614564731952748115 1.042824098742942034096730316787178806663068393873469143148808812857066004247227485591656316791035384 0.056807551795383168507933158053752148407207882887616266413859268686737063725828810575737548754280380793
-0.91844748452417145310243594229483953390696183374067797828154978658519063136192094056251265338926958825 0.77285204177633649824290576471323782022083893167067061451016978951174811414299535482396367023920201246 0.010001521138969255052890497340733450478422965741812550272049689651775299188717798323210704222579594248
-0.58540123463254393254928131341614438468074638199393141393371887262362729107958431533661813379723151837 0.098061591438152880585015495045637666618007385928697635936461653792399661061667692288546897789391359298 0.1232670213584730921634235151969563397870810807014434211258584996570250773246576542574794002096558343
0.90092254183613398537861419403397829329797838097185715250421956196423303705745999573191096073377109504 -1.3934938519338035790842403208331198632971753050399254969505147327147348488916894182960816137077930282 0.035779559400068617577278676116657832341475101810142122539526358947543196392596327367091600624527839455
0.29258358461497550813223079668090011420837375836278419430609577942840387259723917871159794271080646216 -1.0134901053156313330915055374345174013171159346170998457177420302955465511383456125965161611845491296 0.021220120157485282091748899800380791757849136860176470867077356652082348558727949122034083944132399927
