-0.0045547658065785834263984058997659041561891468015990996441765055316530285415808051797640428120797213047 1.0965603792333591741578928888481599997170802991315834672728208536601001465407549509332744726206379793 0.026103696041385872265836380750472162904651129597692687164961626519570519672825358354568048242513272453
-0.37927472055410337304942357048296050411962753237928100676420795264563519423481352949435661770371209033 0.41846103792817648882922118881875536707978616664873577694498008210666080790182643098932558903984335241 0.22473846404207730450429746602759786821804306050449944110731265390895932515844761883519405484542099176
-0.3116185107649382251116885278754472796454375753671329752336862411306762269953978598613238804105247539 0.061856540903528472885149950941867811967473325315508643251354649663204888918695155517921523843053943294 0.13768265822780983612205937312003669575401357260967581708484191398653164105875186264966845617258550337
-1.248176395060362228739467642312627774780015231057349597608500966306309414431262365873606359930808221 -0.19461622641831557825450395796562235882329286815468101011208786512948208937572637933874596432169534186 0.20579545336319202729610977511420216877799648261220508558099274100040850552736193105087966945725887847
-0.63172883651048395517610757699287633433520444865906100369494320467721918278976536848465446658635505558 -0.163907250117656346297549166605259477738778869608335178920844088871043087981829310315314918101841656 0.015867780524387510747916036188206022081939546543960996382365497912525535042991989331151765426815609608
-0.19902874701612289232438492483955325421477594005862628476598964028850638312238507303986326394659812274 0.16156356333430967270456283102919564661755793613417000396415614238738316671621201502530302478187759719 0.16539509368105031150522459777160114264959947174355071851199784093145062385887860442469796880935403937
-0.90442491550378909432190498216353819565335834746006309209197144917799322617213593989678927998300161098 -1.6654705533909627552639915176456090632226304501924872302446426974419358867504395923939909744295927517 0.21391182273496238028882600477097238439094566735552010098581615872290959755272775917721614395746445539
1.5139606563577726978215861408937725235695043584628901371481813665475028399954520146972568044594653423 -1.033004696056003055966019606506715888853042059491496892812779154919634792147436274261329048282774057 0.16827070216788927251010835702071159786101329197072516233405648963872624508414344391150780976046445633
-1.1184035989831213049147127894979362081157722651937584307296821088999328846741406170571061969782663157 -0.72906202803444627930935188191513105396081304324339294768727480908721768983781350766814299168214346487 0.015815920416760104017151629046946697202054376148626884172622879123980703315791208422075685426628495832
-0.85707131461981000332064553575941597621223131118287718467632887121650868609940233233985513612589149408 -0.96470376581537687578497042282954523516792204560853343690992115203614472059010123035846514805608779283 0.21639908843688892173425053588510568189467906275173529087567990943527344905444991845030455087503002714
0.01583487325302084134418852679281947323015086521340069031856279103864432440506468754953669755070670259 0.12040955657588724805329241195527464017589238740120506169770688756667967599698387048458641331305408884 0.25510471985487007019474935925592762569559816180156545293743905347088407352653628016169396312480226759
0.52169068107824657026579212799941584719374342920831789663062418466629344311148520189310592459878649782 0.99315248362155042026790069133544107938861794562813487127781815252100368735402684273604571565146667367 0.036912417256010787551768055813831664767686308674795615306130112148235190672802729826993504129475794466
-0.74125374982268697811363551719277106834591257024944019600743610815367104483115167182027767165967058284 0.23567546602317706559637255186987604980375505990836671457188795293223200312752366876689367380503136667 0.030330505174638415589962239614141470373790962905161200186363727039749036324129039284175930504491423059
-0.1615384478342300143186791760379171683474220991271409328014661010239078258139506407996307675581993233 1.0111301178453555692933321964831963147849530396199464624715666098214077043037652472052773773016719279 0.086803623253776963914118679407350703148318236168106779652580046553404293609863230261937342653354700273
-0.64692121583600267045281537702059997011555381338267007733685309041764785612083037577087821616337764381 -0.32848232255604947149322125820969886235903067577356106990399263513596781051907426305203848453626803251 0.13344973831280957867458690447298550289882318588485612894122796397734618444099382962011427906167078554
0.038337152821212509161396897320263237205147209713085578365394822255776980858182878684228378330219058041 0.49630593956039971249647309200895775471566487512442712089390021355727335865208074385734223482171662834 0.0082152255949812798124802802468080917229737498218463834295838545588863147258004537480137061955181655562
0.89898705153081358427223280326151968229339853658347971830503052191533853156171787618439622795473327384 -1.1293705226729159763925414864880643559909640550041419887044053682281349209869398687000133934159459187 0.22334249275160108066518396669006365916458768590753865416043433047176362214422336462079784366835918228
-1.0365136566400147861510105364929299163016435863162647781977783762003378442249060672763406248910996249 0.94148392115217159499826833709577739777121662891010796597227669887087300258383944613152521818115622319 0.25102449755059569027547646377323550280780957511988605759889741730266985978255725935064790536737475369
-0.08057474541596593257342918854924248925565107207940168024964881604049874415779143059463583229827929343 -0.088196678245965797403360510992991301000296108048382641834140298346145972777838059826446078017334398348 0.1302719020742681904209186428496972922067226355623580088235588882850579006292036062557352906305503028
0.075137729519975699892739548462006997161017032049385533388380700893957979074929298561976336816634084415 0.60555830797029826787919179094619397196967974875391899868607054138525338954397033484571074026443443145 0.13089852072743736696768027668652787198450570132071596931775417265049822820847141961275189999072849807
-0.79139845372039154186139056943077903491008092402346214044159850517847338706170342715256587201195342244 -0.6470847023764373215385681894203102637881972910270673356360189899124519325474793273270097737088028192 0.16237625548171928609873831454846862838922090002467695667590243868381329620266364907197957305460659793
-1.2661485682696944448856964237621582859276849214446671616272267961337849975006858675780310915159101859 -0.66379420272944471856198548108482103552619552812707244367578765751590117450905465545394098977865023098 0.16856928819305002139914107827551898442244229916641142707137156896424957041428604134016379421624448869
-0.2069488726965166903189081938405294604387674197191655589358410838153839965018047643314417732255809077 0.52366780488854266531634592476565519560822556687131248142687346574100959669569127876068298513150939506 0.242495561058448892333718422859701077982135684438211805889022386892009576530137339153093057113160574
-0.091522308967031774153844765369600677042814340372688312913042817476088619897202938976186842167096184755 -0.11847019231615671277773394079873700930407588936879856001288489789937037094820770040277036281696709149 0.20348435716854124634497682694797638649378220547740932296290960911961558570937787606385822022736339913
0.10381325060990950778210414753778474058505680115857036238345367283139110071743445800949931125511220265 -0.21278359935617828516160851215982631032426598803311835628912562022868429608904154339636117480434617408 0.091325947449876027412375140670649151820170961322987398463214488427212167465000866675454816430760497996
-0.18558415823404119710017280107525897756501751147775977548852173220157435613406232955273270242767109115 1.8523706247101051799821407675593943336201919291897308592416700986953794070024988812250101112949871377 0.19380204332457713775181136877755696106577255551689312381849083993984463031407150678527049313304584873
-0.14057613008663477152418818316917272851845812675574866212324448050561866617209030648839548392109420383 0.10279022414633428939719986588085185138538665037874869528964938771176066845209276733871165231813521192 0.27774997190644775505202984314637218225871171415378851460789474898190173314176533421007514306904897907
-0.2643682055106415183250139864029450059865137191822246403477160135412051171567745831630458313686254199 -0.81475389502588764209768149657171174480668163081462241771770517189704344946557457041508116488188291283 0.13809941348933298117528536912132003668333121456044093732827733380565352542111862593360070323824389564
1.6428831602844977629721611377335462255902411234881249496834333718051931840208477823372541202272372971 -0.44035300414022801106728205722225458108134099846780622990453842808635986808903177334061638197945832354 0.17096728079711473785389736395302880268408853698003924183263913717305451636485315401465847945545548537
1.0838790499252385848440143451840656483623289757371755431478306273611071122395340096924269497607891835 -1.1571159538150965347249752571606195472448440713063588294186353253910322968623134193174782389709754563 0.17383069569541091193524537570502461867850732957539220778107040356769187690819359467867758952765342958
0.33229349108514018954934025674811682761468251043698377067752572980465846294159194698364449420778475135 -0.44951558724992314007205944230565099904668682323817657129906450859462569414663640543370871471594157031 0.23605386470638600456810659486643994175247140600203377253361517608652089627632192542309144961289911838
-1.4971309023981140496992332804876570241110732846120065962410992590937155406330578475162787406248147179 0.73049319990642151513890065182726416658392033643708883307900111660560249294154067574095819132647142504 0.049554251948733129861762971164195221371151884544655952733903178703391279977205014973408320347835106727
-0.70484065942120130468008737921053521904978698576491727495078347730187838778850738507816203138347763972 0.70471007220620803068873403505147390980645862020618449965029899286610034520555660603415060851845384107 0.075024473448475310827751606431235682453297820775548707377328373551777853150015647643299258145823183604
0.93683856879540326759730852252009242562819767952566998765318858075308920334450472655005309523885680749 1.4754902381286189602929905346261006724953928562334866537820990392437887246408861617255116456120096476 0.0093528438883659170045010038984370505866701645261936230072222510074703544653894623544777482274096427503
-0.13518514500842723326640138322600647885820328493008919205252760248042084724340006097187515213591104196 -0.23825018149861474769459878655158834036405645972812132691974969723762868363370644617539198625381185086 0.021609391363344002998128359793282976534243569136942525972845836355015865652156105527698721488256743568
0.29626524076931003234339129152236673139677953354130167903426595446904538069004778268629763499237345116 0.48952410246492009411433668402392545826449237722827063010180011056860523683520730527924134230975174078 0.27678007237948888330586462789203836623916515057042717794063813390490989059189191333939957532880441488
-0.26008025061461651790792652479904113010228943081636700413522776908676551370207554606504896688000698759 -1.0809312987875348375525061891071313599221236561684378567483382208218638814496843554251158261305134028 0.15698915612660647709779053223710920710882126534484143597121370933428711843564575021966631913191356348
0.44886589269348871766199654240634975151333029447417606907746368122359556582616830978905552659801270189 1.166453736755448675195309968410291789032583116650015450137886056205022160353529023979427209864081861 0.06414135171748386183246838664976004134469937854643414597167540957363683331527689490304630634411485443
-0.86729060383384397005205813440263105117740853476435134198280456228581613403387304695487455672042855701 -0.018244177609416116128920134494215065451013416777483465715161491476130490650950176235682544261821476126 0.090320248124061822365629567019355414106290514300670728987028749249577272927914644621069886441413065641
0.57181319392317822872341823138901985622005937849974793877600059077395224179994693865066187032720928998 0.18838612546507264616123478539037985615223707146064689099939182005587467179698639199380860853706431412 0.078599899687370296050743292713256952102187581911159476659067144806770378021295406196601333702980627795
-0.068680409190199162852235569005826107825923877512751684095498903908097775277171473168024503173058553883 0.037879406986944480453115302956534050386770935667060946479231008498903253495523977689176208867899527469 0.25840630214444547062682139631279898886362132997452237934503831149766416578833569257974630827512283315
-0.25641624484136459203502930715307854459433692013774469656534203570479932043479426879538830097490541828 -1.5770357194621657425155950365880522162103891752749005731634151221945534222091703712301637566670831647 0.011418819335902206262791713213244460678088954093924784922225629167992314892771160305404046592598283343
-0.034831734857517828082206691702769634914590622990377733540724772231278963370336998415611976913635045178 0.41361656412601493427741698132711538398998541866067825453717112498493843099574172716295519989909546588 0.020268804152177388965614508890209170668937161022531856950401759118007254571610548162170538649381302269
-0.54374933179327420710871826875230514884108261739333657752028994544267217046142467462833450268072871697 0.171297800207200355457535007916540372027065888453522216670723321924390882230084826479982301707397913 0.033674344859138422968332769359750739547977981633957683909528714994283601513569792432235448560824713408
0.85342512951561124988126455322652620451180592047511166373035407252505308263894352991673097995911238776 -0.72642301401822313837352115226793775251273782253922153070731939828487175188244885628440065040571493551 0.095790584233990931383092328378587869488995699115854708338207233110008580758730155051592912443699792116
