1.4554737957129359436629064704044653514518957974031077913940364699892337142279739752687251865120428921 -0.51288191500530432861020194459198710883368612266554240145975590417877306711849712811399149411072472805 0.050051490542211885367668080419994568764734777936548425295283858883495520191954632821746275361373602009
0.20688642018228217314272785015560583937247300714523584879182486445884705387447463788902667493220638146 -0.4595488056603275921251256031655881337608668775786264054828527392306156859545822073848857657121848098 0.24505185933532897182281836449007831000160654633463221763241108304610780733764926707778118966647186835
0.36081462918903270079685708104653820063222883709970090086246532931251135073058794573813805635600854112 0.17462176868155388482899318332098771260519649609283084148727863279251179117616620659018079759707003378 0.27084763636365692355009112339036386004429644872829333753121529562661868762616809820901659031953806579
-0.7931067175439100266443180466108702520783398681463813167102071130192766693537168484064053084146559384 -0.9936333576500935290416226512359143231893524164470334076716743260882314959744186018108751995497005623 0.24661152931738079922532187580941199534033070095649466558669413119947938707271929621978020216725693576
-0.28971454302231906888401515929915309351060341661531797534514528465420665916860886653248504878969558015 0.072047028570328667375590564013733878360995431037150647161932545846793330452063493258894225921876416262 0.22480787191185417471629036631805856900444617309762207704287223233082129449177689795877433678255629896
0.41992487031254347535355812499320198969681771605062455966239864713054881150106712618788562029821580039 -1.3573574205811532076965821164014991165520485520519710029312422157274296014603783435772377954633812744 0.25497594365388249303243660554731024168234360781367462823441700597201529304555192210524939249105936835
-0.37750039221935367296095189253449781687927823796205090978223619270355834732292981342654263282006950539 1.1218702660040217464462944135310422583049572619956104285140316304205480820384824887542082867954859479 0.04155813478021271438841670982085958739504231580103181543230461784482495554462568906042568200308309058
0.13643713104007832671948733487958834923278183650172505742688252378265760353505093311032877554704077838 0.072150041407546048875192605305341234882791855036802187044356297919211443778787927425080452046365142533 0.24132242721986448865596746394632039532851764505337435014303389718791002757751174511670516442374108259
-0.020544703812298556949774128866771475664463195047884591797830281050140536116623272665518911850185560368 0.056577592950059824825371420937789569326893961695531424623654657394791454623945557468843913339885454368 0.22226204960925780746624956538985348601531341615623677703091459693619012641192100629280792834564859637
-0.57747903068901360296386630847333847280839046986510097204974235469499704683849525678001230442842127282 -0.32848623606754767267397859003955559018553723471414390155032934287036210563592307148252512759606389986 0.019056210207168015549660718795985628892576175451012083898666400181330563642243069298797407340070939885
-0.26706410958649596108717863661246787342504124562704982210588110372188162403648248698368881762629440265 0.025252853391186094414872263865298934001979037509343459005397758424033527134101195280321195610373885551 0.18188634692154828524844736487716869555657827534926572049579870808823249974025366039079536742895467731
-0.22247230365346757689620229580665308197731737442191669863636709576216163135940920611657684122430753798 0.23905388760069606285859320171145022988772031411612396990468087121209225528554261928082475229013871848 0.10611336204678996574158955110866822940530915166871552593533597981325197060404408450441785815456098059
-0.014674717668501947823955719930965782014927048742632574307326127579323089892035878723679065760096886253 1.5080313745541165278609114889463535152464308725271648837577734014060387334696916528629139882530083165 0.15548935948390588396441205631562779154939994607946177404554892193799750023265035232136355810190237681
0.68136917343143999153655971428127395652168629416129942900325701110243959712717826427771593821983226393 0.042556686418085730083502029271036748808195526575813416242986508212574413072013655169350057709547110243 0.086749159568311813105585986762932060907887181768316128921986788897547935243307820254589417277684809454
0.17111196023949444440089000874659669497271213540658514795878741786414614824814272604418651381681326834 -0.73280872814647606980184414217186811861508837680013945007806360397611597762397395631741406034324944616 0.18894856987475756269404477599680021411097744794016018767474958946027628064813811304348396003347753565
-0.74448146821218163511401682639988118134200769916686994091248475814682639881824929604070742807432489367 -0.20299299933417357939341894267273029734247443294460694265344906679983040190751427455788757647503542224 0.18455930941875113461254769627233471244313835429103696060271861374761274651627946193440507149361849927
-0.036720375109371327000517612792462673493045116739673747415612307491642196992077709710207522911593653528 -0.089604385256781882716093050877901993637518338212493045981179607789101426078206767738820137402938144362 0.24644136736575631940972269533468101506679271633979169724197508363450072284212469153820934118004651503
0.16218858443786690664064658451173992169442974012465752272690575759203570977520815780977140261340925853 -0.63691440848104025240596702317071105648313525194658057484896774447545523963252039942257047579981315523 0.25372814816883797846952971448487913631249571629681478755433574115306517341381074576423992436746768381
-0.26339944105773955578561485279484095441747413983434663095089697439591400200175014791931304861478081276 -0.35581236868488711771536373278482695135353276623360139036023371101777177754571053242688034725720208625 0.14156251239762115581786603824250691458081701768480145428695583694497734990290565003660082366120720618
0.31505582979234554368997555722388585267695337162540688731704701778847942005804856320353751833274309399 -1.0428120313621401019157048822225474835782043814785405910394216933703251597336317296734561838299332707 0.22648678214384597879383928740864978259649322747298612887109481959165081067692907375081543209514062436
1.7660654910595331046804927535003715048730825705838796015829350415282733170778893328368980116811661115 -0.25862065925560557754202187149035612372379666499234796076014847195880097513563425518425066802783682708 0.27813702781377944438077358361160443419253485780820090934043529373967286729229564145060674205422515651
0.99788673724348187435063041737952693356537835856595503444361970448701182975717233517222842793816865995 -0.26020153877656755351019334604691426337466083678710849474551074190004215390683483217133928725285021444 0.21402173947285460645170679768133773537444807323814237192969864885885318947266458222971970882180417916
1.7439816019823374096554845047724177943270999728336385707123835994593616013399767497176376827592961414 0.59553070869349169637843100503516140260191992243903929091071507928767087983411788731929656121867172017 0.18353284568676734246134023097972985576596847254051356140585864787899883941706462043226767499209856382
-0.27143287282375059149569537030502807395156470391417203243089127282711728171542180484940042440995303885 -0.6296071583843787032100841370280608381979810567328932785024918275523033973934023967640766703578989347 0.17499299432152622604216759456610603498037077815787473823754944006950386247867311922349451955896754847
1.0940432633353571401319442458048265545651967683408591858229219220595130774735879234789892055155871426 -0.33583695399649410449613092280136347487259534549626151052903599490706857972780518290019742617555270961 0.13440317598054880576399410581619848655503163189597665009796855970895411921057986371002583979322174927
-0.22570783402122219106122799057860906709263830556899176841084178096943711605258311107027694822068912837 0.058674119653397273146233671212084722506012951835400524798483613815298435868932236390247162723587295787 0.018351249084157436331028947392667449298965675859322650052836246242917582048921783507530869405759306733
-0.52476967594149617680608544735007719798585873000126011431534316178413635181625773537710719873017614022 -0.85970962737484553670656272361650831509903169132697528356666215621262354574471139137686619362299586041 0.061710161416956156061860251862824746716443827395618162473542179917932099927649172030838157658893895564
0.10572041151261715975730880329012237446661196443561081016041645202792296017680785643172112122449577151 -0.10898313425735990984297802362010525638502074780274619759127385921914602309507683656030729680861632404 0.15423237831663510801333934382791083612397607867236584728864788902653092254140817503010520198047443533
-0.090260712906705971253245145737897925790251359421673870217038181373232184012653933778742761039637740024 -0.6014677291441901536596265605786133585617467676668143554313528972079571313803500039716107281896542801 0.22208202554191390638921269921318041385570418556858542570544938696235649368817298804978869732013458015
1.4172727089017552277478330696426437099107604958868154696735644169328078583329229639354890813080627869 0.51085768357927142480275358996405863760221938698541291032929708778779553899291149160766959042415722438 0.22234782855589642863181616636140848237217344941424061267972534586385431626840040855745961697037244574
-0.020519427273470215890571927540069055794907125227196039832457677520667647116968750497157362203986897046 -0.62937532130006086823438154680102161847644478767570334686338530033732246805776122371406843089058786311 0.14569149662951678984339885976268265023955232509595631679821263444058998191857039077550209119461294278
0.028152208704914191437141558791276597596201201305803562896007648613607299104497374714525074036006217305 0.1511207083744957936243841343639505357414765295062198058543904996954457993116986917900189031915208773 0.13253264263633297558697886110005343729958552438646822452908133372266747832892888293106771426755377785
1.2933894104553670080329346608119008188424882924241792556170585269228053189844961157973512362194656414 -0.35609352395540134550978179981994394356977056927588425799145703865049961455070504153988699330515735854 0.047020948725142103626131473485917690460428551832285746070107125481500377730397639968572634095459512428
0.11255606061731030589772074238490616898005777025559314120857163753239692739300433080185108569375822964 -1.4825654311564363791375038104501158915954941095869261948279284771885893235108198387409407188718124696 0.13563260094605516101659335410151379024911644502107640572031544476790306264721986535155170715185271742
-0.012788042206356106021976372156412029406569773349074666542214477033607625901702415663729917482432666209 -0.67744676773332990845559195641574828288577349303860746468496697588522133797499720176002437248926707541 0.22499838364101854783184715223069991410243675031247358988936064455507361839996844319272148734950519002
-1.598627485876741545757373451951309704647828491448169667631663271872375379389040690351204732909062523 -0.6049785934206182724731683277428401225878247823624644007483438998134992563315079991001240193840653981 0.011194923179954745291271367126793019172586737880756989975712651826736486569622410498018353901265388168
-1.6120585213582462168325981502430200274773470245885670455893349480473127444937684768953564526302955214 0.93752500689300797956873106578369086846655442909760456144451832101097617862234837874969031856000184352 0.27364886880114699813879639173058872489981401093979389588856364382115452467158598148887443197425516842
-0.74287853194520982349599227050854287085036204305990304276716112104028209038892970715461565002787875263 1.1120818284073797262118110392733956422436949973855419100318551598657943603376016662052865998372745328 0.16116526162483611422402478020273139469047460493172032707631744332893361609417730765573980813820667783
-0.23512634254825961461351944573343331610824720208688002186756148466912374216098456140270463253254273369 -0.72112779387722735661821089939203819349435335504552111453258766328306752582883326582585393559538829222 0.15720611606871735926740291749547473247235161816526928897293375670932294106761080926028718627355680074
0.76851478603196365727142333703921466312225684719523039721651034642576235010051884371943983411820563303 1.0775329136296505313725109647626852781777355737770973624121785041718211911517259278281618088382735987 0.064414057435427943172428526313420578061607046970973538387725238897020148524745208677492169781613965582
1.7552774758055584681452174365649741775475175723892197591078427978668099035307100450447373496428738364 0.51620073557957998258605086932277907603985326042396606528871653475863705979582813354366205374350510102 0.20758267834400696565373144720656358692384311106480143035975904456655569175252450805768636408853072695
-0.027794193324037993650807806762230906033824418354241470744333768228889377206512120738992183262175060426 -1.0426051317923751939819940478145859578210940901366905367579389306246675458634597570831483450044714523 0.17792480650789553438220018091251191583416178451684595262911401086496164484208480594035348617276910823
-0.20706936267946325505274152175497261653842523503356998015116526613639585091219066085057061328191559088 -1.5856116887264409151131545709631366811482682385619674118724227598321462200671994482561952710085389587 0.029581346342782953360466759799153867590971035563977644136947044831030876607586387635741375324203110277
-0.30440768079454549379076293844742212349773393642751001519630410105859514327641970781560759613423771267 0.39629703449032670001346507173841175217546213813402840653144184493920950360094631555928599043740364964 0.24123548102072335923191791719956644963593158524483328835059540432167199825583939903609183824112025353
-0.15001481806110175037122564347832391919983539754623865946247566088448227309933147046350942605205715814 0.059411591441687063313619644491834743879916382155956007994525731031138525184392876138750478455707647909 0.1590936618134661801880524036186379797914956793404786094492015952884898503903107281851522127170565289
