-0.18577155384721733840672039552712189147101333197604568040459367908948490565975553799129766876940519564 1.2093085430432997076110991913903769833056844455580011601044967941981359499595654665398858691079101062 0.19151659888745122590938292204816525703585430995374112445454626845432786351628884103853290647471590921
0.033688577296917583885907081895135719836794351632608005133252362540568898292690217212833930387453552129 0.6672881024328387181076741709706686297193910601043647034759387273476419085803189050547971634628735186 0.21435335813336644593817709758814051577372785598815338889653397403245656087691578730242718014042586992
-0.25351764733566012439075197300402683147269983850150445503932864391620623340769857404066823842106192162 0.51210523415605013321595473329541970510790715840356353962850735392285203213270435667113592357491773688 0.24129093191811086075366109639442891420656392915123936619816139477744291411121013396479538220000972304
-0.48331538989162862106519455889223201413271991062634876579043005847848104655268259952124186038579867022 0.14766569333902806974905880739957560155498143198765979583944915579720486735007886994337812078257481839 0.066133885772734377545815912280702823671561065864610828364680006711263665348463495880864212109456683124
0.089314949048800540656619768882627688543913467417323159402304787887423702682835015547920381875559133576 1.124337059423235113091522077614523772782753912217136004347652590702212983117205784438122496877227253 0.12807092057061947107572031331183285031592260416282659526834430830693162649453821929744278210264002113
-1.2707743392247252912835903405647407697637890976582871865302688730540610938197842921475144023860160314 -0.92396048150953147670757300162430479192724141129447296107856466912365381673571303220513527949864030285 0.13596543899561345501750443540125966456207465570067316918290510038294951270144342056114388190471841429
-0.89238074610816283589778397500920929020223618324921430557825074594949800947430127099057286175708927012 -1.0849392621645888648841854107970229621887918631845693198263850395613704868739127328094688298324101542 0.061450230848197912688824520618994323895054173332822311567732130905002169095175598129581559460637544693
0.97252030778952430020509288695410420853182982410287573858634169159038240585264529934325043469018996981 0.010329217768363218683756872449950018784089956710854791970595154140345955792589852230305815805429190943 0.14792876939839028344848459913121828141070691537819449682471931873475790256850460797938019515210695417
1.0584035108619206516792892919451417628254597402077231452788583386460553422051343837033421918817389158 -0.33721852216038403228467017167161495373248132373934868257006882636444923095139148267965739091020055944 0.10725411250200078596264222913938634885566129827061369471919950662029394496951336109704839009222644194
0.65488922835824703172161847934754924958723652425034531549225497289447545954880447585089024229982276173 0.13578729304180006759912267530222926679094413156261680008240461477826331144721884510145401744823175955 0.089020876205157582778559524642005230025688565946316509679464166625287161522497378317419828718657816226
0.032449634764315347626705341739660871230570649433473374321005489566916845716521127619550821413855995876 1.1370707856789552291477005797426871395274169603361333144908851660002147432453211584244710694945602596 0.16809712360607596987052665155096079974984070155880432823879251168375065891558189245549176616415367529
-0.6764174241650311457397633548943600988793052447345768083359114530128103085635444546052913691632212178 0.61293418609384149618686001270616254543737511886348443357494171657455457060140304757709690039719745308 0.15088011295218224934805188475054197655996115228535188575683451103912805820155838029753183957671471622
1.2151937521866229843417291380944914790238554072965536383531215708253471886663666197610030178175696053 1.1922918666218956752959012053052439130492805517274686223819210741778099104093672000918630566644471858 0.15827042818357325873123671244088069478061447342213659181610542926102856130062872429908752542278797298
0.10126967663174048820629419189079997547330423970376736710082096740791076920555919671052055071699879619 1.105182369427502094750908434983720521187828403138699091122193265471041453878054110673091013910614633 0.20979064508137698306666531770248335170426063057601110404797417460926304706451708505679578031377524646
-0.83265279985475863089072804100338410963254126518736370102984303690574061916739982373798454492607160435 1.0585703525613434658354797668154134027310732773847822530959263009640199204075087032301097184302262341 0.1574428980290477860665055725850594062641151779332748945296619667997746736895248564945756758139836852
-0.084405650996176576008166712626606969975729669831459346605275991708650628520802859958601192404873107603 0.16826876126112196924278447299506694541034622138095860621110488771683290016748401790805934940822636891 0.18463114774588663899347432322253166605286394898950423554872498873315222647713200068464782451962261655
-0.047625769148004897643359992117542924163378564753565500874580086722697351410924508406263002309692392109 -1.1874056187284143675721372741765068872915024112907811837835877288769682631116757085523774208397472984 0.23122471325219439432958149448043646935800866381931846082187845930388873145539829996795177288890990573
-0.1988860653337100262169576074498577401181471025692576999363227177235556236821857646227190561730496272 0.32340533138173060498878994873648543131840527109242704394016014996471965273505933084108321502741450382 0.2529102868292110659889737013497790577950090258617404917919095054781532414481613148999929404248005149
-0.069769623632909526594525950159006944602582818004824153316091800189778197378634833216178908910771039243 0.41541015042300095578097396935356418698442627188426892723425712594811582104001725677458565655708816325 0.21735063327033883871452462377820445898225865618559428650867233452510492690295254830443432035542269349
1.4891031352706075990948152200299820904301406183985475297425910769251424147061672370011198746963278318 1.1466805401958714119066884467819672509362508622596567635485154475997125539262236408038431681735820363 0.16618403402226583784625838603839068899912571074896551433962352087082734053333669436856945861160360862
-0.18547617096839373868727203260464433113934703490675348334839884699044361157977289163567322380456169421 -1.4701247404443915016212219647273521346632523930064560275995436778409564125492003471674453738040570741 0.067788123051589016678716582480420372034043511610548421624435131913615816210189230025480978870729845081
-0.014989107595098462778440018454105028405052470144095093939469164959395875831587372130733845801020349539 -0.0039143549919657988525188542310460554479806495930584780007678393216640939170075263494642010073304184525 0.17751251357141396584414543535961795003101550346906326233788659582312483095262760689358910462664005015
0.11558117534327298355809177395885227189139991429900484056561530526325521473965772469147951432797236293 -0.051269595301628000476345527711615414419339767248353383680146486620088690224074830512118976238038199628 0.16370818807303417117368966147738033697679807243274287596522520043330022791209534675413777537965719578
-0.30826033845685747562004920914784627817355434055954195262508319876024417940032812451538693581205290428 0.84953980315884493465178769729576411318721130505752591787089367793890029287420132523725817215647367983 0.24815799388695012744958282057292382776503809867347501488100848556832192388634844457629981112689214568
0.93266054214152473817768273383215777717446329400143948393662907031842238105739772033699219142683378628 0.71241753113024716559780341918633377327975384930275471757726405511285082931206293512707731769729466669 0.087447264417905854337495963012005634776369648994512410183053711429416637116348531144150067717255766227
-0.078871755311837370985183001657578054780290383438528997069663150462878494505694715688873431747808384905 0.090326311286864884478960426086955760942325390995658883697349847304108919370481735893144583132664505758 0.021480278715773989015772851097242645683139719451076781521064352613782509079086561923179580195366268921
-0.92079306174694846550775810946845186769313395682855927839899554184147368714694990839155255318740097512 0.50950066513195221641167696970988282028394639461027418500005116909515327769990105822442127807167367973 0.21329899917232431081078082752572269227463234845799291519518397798653810063469915883525108898793036458
-0.77823557675661881339654039253587242997794383189516246496193548812825805025368576422731817978162980665 -0.2816692624264402213420553557709544192672597201487073432435884921902491702428646312609979971385865669 0.10399801014186604067077771373573898899966129295337372638884153383655269188984007019157318495388339097
0.88561215682567170765280257886560254416944371470660702443620781332406621434118794324147980648521550869 -1.477122910808109718898678324246617016549114225289942262407349176322764004794123559941490491843017258 0.046534428555018407834923765940712378660740566782047052420439276090628814751145839685668413289651310034
0.11994333843644946241631973359261628215073553450051436135768487422297347226740596349855678958323984157 -1.6329785301532311375517616117088077002444989577865494755925880356251299963511056342670746190719239412 0.16114628741674978616044516162892092957190785109428295424071070834286076350358873202811502766318005272
1.0390407865516899354813329957394160143302036161680490672468563943051821887287917844475671404805137509 -0.10446793295538685032546794139207034573250653010628650524321819845301969505678041251255466407293885406 0.12058734441638297598161807775792354196524603407483839850950804479576713263289615281747179437445313188
0.044015308547053054257528931521269478511945767612237683994082853099300038392126472352862981213257294205 0.49945479702876073407506792103849828882715801447453353541354147957731168912015526675203696309626919672 0.19982246246567963350572208192977894542230052625061470225640778682030007777238512984346101196969355929
-0.20404528836650868446094699871092013941593174808017498919068244116254256310718918800060698428642734334 1.8703582396699694743359230208137801696438888566964292544135107384609669077582415193800571884021191536 0.07948324615296670466561612491319910407974790888393160256394868413903742933813841017883797513899054743
-0.23365836939445885147283530192674086656027246063684894055072236725549018133779907080897667546956229106 -1.1027102753713535491149610431223726035426178627134791878171132477560678862521773118998601620368946404 0.11062187330096817916706278782654266189244840022728626304533915089967469630891210683314999153636093445
-1.0690186142609852656533457630673744991007705815348387705581729127611131811105350651802913335929181455 0.13570910003269192476093964047942926508517557319693189780840856134054644182579602271048968320698123494 0.16783925329207974366216579830644230437477799789246417410128302204918028581458783570008387668119772484
-1.0836197150350892301956282753029032061525868121930525951645659585531694773899817930505121577941051148 -0.31727870842436255449778294161616666221122669496109560269127281522073343725708384559467984612849522752 0.27509445470371636333592415490207472417326957356041751231493546005196074797249981061805828779111190331
-0.85415847625970144101661112415949639324694174760823136062668383375301101136791248826395392617476667396 0.66790097314428120487595190981366713587946365723013349635194050808859586263693255268578113401477963151 0.048627860120923061224753094145921492931887742692789420807226663728570700503892703162494554881021149052
0.95639818849765777537561758456126889436551644026591815566841107813964289576689960057197671439047450874 1.4306486925015144608033057630259673263530359875361811419601752055839916110190298101209298441778627823 0.25895458633659493615917634712417836466687157497268634497115830477037537058496802225603321324597531155
-0.097536618513851857981285182799583100274701101540489638875595847222728926356238634528224187908544608606 0.016293004328324704005917595580110736879208698754831742530962471569444900415907601046648716868951425076 0.0430031567235232825977188952757532040285295291513086987277383368702406640310065653085799910004469184
1.185334145957863134695945680399499363704519304876260881151338078685254072045547784489092359925156419 0.41594999268550184047285256295920066346418250966551600258709896473850204053256027051157281552420966709 0.029252683971344531978831576256651674060116686514778896933322880078990382349488881673593582846183247871
-0.35981147045668842630152298494383681632260216413315762610981200762431489540054395265660606752875881516 0.27056351559644735248869219527528655032351278445629073169314265747342782896509973852310882627572119813 0.24010410282350082283960544062830114359873457572361090078458971422249631604470249171036219000226582143
-0.075473275466142437506980960139241243035827295267425332990303542744206702756753232215151885070214070371 -0.37676663705300991122181897021307724774019503314837101221663945210717877348590382674349919008179659974 0.11499214081737118199621482245595696721308804921871669076454338458506843449712159850463784690384414636
0.44921472147943394919150206006418398719740486017706469387952386781718491786317464831277555796785661256 0.93369430581878373440225881064027016411484279643507662065563325640330177358793658168836563637003842144 0.20062257844380376942866342235051018593231296083696655586756233998377680761614371735667139743431999229
0.35622038258434958171392667993641900804997547081060888801759096571386745259386727528077327460515590251 1.5508639889303944103560602380693908935734054148597035872457260373167584240980776936047449453885842111 0.169127564082847790460767713405384577840996258874912072004381469628682529482293919985392196612466415
0.27585793415471230383070926925728855336354219292947714865417534919181493992714558941090601233067312484 0.51538514509245941161906569134632352379383607062208426887031285536068255409639131640896865472390205215 0.14624557981029795980076849482714231444982692939849909691443107530545074906612092630608511777786493505
