1.6434785056538918260860093235020652202734523694252422674224095383665492850667986892592384425072761012 -0.53494855199439550350924023548520415042926472035709201283412250934782379939680946554255695615781001652 0.17545268949900087111320117059612580249768595891236610869925920091985283313413195021405564945520860489
-0.35550730417779937748659967709292233132177112126645985731479838143525196225476573792880889477623120685 0.45402802201058362366775687603216398985796005576913538141262767647898607766278338001227379300517015482 0.1264220647289252119773334617308502677149165211153503432558247732022870026944772600392839156144545026
0.10745502224825069573337752237801589285896172969103958984366332119937548148440451554082006913119916953 -0.15818371457412298007499118737172249765384450997357432570450183940452199783018252574053381382519870065 0.26304115932545748762925341221149256896755638181766576844759721649887629163099197559859361281867286434
1.7471166269442568390643733024820327990351930470013099981399090295394280435471320961252005967295576317 0.35476210704125833709951216114413592206762509699209483163358799361188272895254252694413360466794502151 0.13614894432989612895893940077340143673354609281631106648266430552086490784870343298095070677938417588
-0.18152504741455074939705202392123143025924308812935627929216457479142473716832876128976720430779517384 0.95940531823052780124333734981869696159251712952380114701170211061381223645274747018523454222984864346 0.26193158328604474806847228965475357360709944356268128111241599275044261563545386334089349442626659186
0.52484272429693740916094866799782854723726695584800458104921900268157593975301220545787605841175298909 -1.1570341613040063509748145011863189356613795840285693193063756362450542717242309431427739487439036118 0.16017605893719070413318193394787036602379390403109267354735914042871146738027826509139690282653718634
-0.48507319973554113600191308651546356087683672700328285136264735956100920556886097761786986222321232636 1.1448653836116092847484616161930949029594456885145815924464046828306939381972285082581856442830095378 0.10187793318695111832660872501349793481019420778444584930840742034731084867894980402028099399808237369
-0.1330818974276571639432737359946230251633745117659572788094100524906407756162290078182772217453672627 -0.70870927660603866643964911780286450196253198348576752856446469113808140821168403631269826058856178783 0.15898806888664210128423454780444214215822207291739108416427816339337600845970010596894562200671314441
-0.27797269679799993076205428683481644432647562464200482530231237081704151828140925382462007505286571272 0.24920107812787520789506629918338497085883984609912059996164872364131873418150914242075673779316817476 0.15569603652438925072060415069566142078527047825458792627739466599152040208684117640654419357891304587
0.49399514277973550713685267262590649537434906615464661272714661877150956154279517488847373076013220667 -0.083448064741329878620882364654127963391561133934429466540671502445961912758002401188597080239433341498 0.20711291767704576187907475759130050849147327745089421049909318643366199701154063930577738708996049945
-0.32837479922603489980899050557107294018228727891783226329743371709235226113924976354639052531542195341 0.49408207980450308461464786276522372978564481688872388885172850085070901378800845075202593112217646814 0.06106383450587598567323666934912111963691086036863980375802102949761480040513595122284166379071273449
0.070184897664868022258762365797767664094073569207504335040293968782770492856759785607115245184311801148 0.010426494310226606024843098940851010539452143565789067956388224426914610071552261338130902777778995218 0.15233972938748791589631721048241337265471608868521479208750319516410536591587549435768795635754902989
-1.4249734323751983495630665664880496224233675348816517227462219847563114212552233723225345216613911955 0.52351137921794304244269906512786084214556542006286810535530126185679473045668516730578030831729096203 0.23482871967322579988260682759240044976947639191238227396267916577396272003521662784374472197377512516
0.56170053444324954637707448874417489625213707926833742145550962709862393329539481590147199312465381484 0.71704724378579611036951743675001058067383891215616308441628427849284344788040676770602995927340597097 0.18250943992153851509472689378553984029347881514624356045761372797586901235208804519502360909282095843
-0.38905355528343243344504666746793066927068148013356791360203490786753321050587519246990988249238302389 -1.4755688853530577076945906987173173771027524527889773598047856215997273227456277857015731092644982894 0.065274282757304955625484420688587843727989168019324195954009921278041294088367445169664719100512723492
0.7477503060633019057185964492513481343221703913382437629361137872552509351784322278681632030539766442 0.24599534241821529258377488316593597297656818371901614482167904845605574284895827071488926790769029983 0.039598670607681944089325119864591670112430652254439973481615233623848159747711839765998660820907971699
-0.21823438818540382439062945445556495005748233298136011502585369814668209538246367269702561205130424683 -0.39027509569039594556528056794446905413517519614675716451315315107612646223262735855215281383570022938 0.15598945538327441400100331226735966122399722101989674411779998660183841950852164709124702102929109037
-1.2526770389190822259471758524277527941153531911783958011814045354615418975202761506299645669825908768 -0.037423044284156206008048743406643774658503311932563591631519845780814315692850017858108702458032076404 0.00600277059826233492311452839419554274529300559292544955289788002104977485652358387364090682747391503
0.54126617873748050106713980451308104428795116052791058690318300344529437590222890987860864068019329921 -0.29517379292476401796523380317529999857169803065749316180942984398107554435598806749571480282756399741 0.16953284584486351340924676979415953379254572403576760659414271905072757804840563665123121365863117972
-1.1750837770891372042259015741634598210085968574186953175613260779178983528699092546091391679410833142 -0.91675102692500050936231670833267782779371158928781946402535484420353775248592684550534037775711590407 0.030290853493898323908904891901284582876417467406493973478284438549953209877318366765215184093066302008
-0.19719484873084052803947897774628101046812879687310335234148964680918241531497579470312902804678148465 1.9061745997386531062535870620442986762576919905241874886651118520423847914521489688464461558934346118 0.13283592766865422865955323024157763058432403003992552760202802837433942864729999555117573202334350784
-0.099362233006665308684501597211325745359377611288730747161391400301979840532414184316323550085715506835 1.7229331536266699771882315638580545845730006321150780565833393913783078204985492135501047314180590475 0.077108715088286782186962477598683420895541168794159140352833975719912281256919302599440460620196837211
0.98484236031919033550247718723627588417495154517211796726766384027955540627884157384488830371484128967 -0.67303196423481104917665991496778955931973055478107615068605858430859625416493617669687539415614486482 0.19417974559633203617794216769744959285107624980120375096555889361714718586422026427135757445096967314
-1.6467586061563032086149473465995384638911991768863428257311535087571356558325705575076404920505824849 0.67073708230202293438154985417871964204508798954960645041361928379501771857621016820334143305306479226 0.072164920916960800098126997215787662986705300454446915724452413883460751136934104629552030189865907984
0.068798911901854353687273300582824128131844493885157080505416376061921563644590969666680131324099312689 -0.028140758990684964965272631149835165612184898103353633895131492614696966989660084234803434551744057184 0.24554278117716682272265239741065482566380555012316481909718892552647223796479634014024581838868726351
0.06669344674620607587532419717222384797038022426461325293642949230160097026471437845771387440982393015 -0.025064313745594312017451721580860741112797319335246852878844150569526245828109582856646048204701513936 0.083319384910406922602832966713289396483392486253885389157230851543827670621473196447748978444206909743
0.44146545172981759930127193909854258544422734924986120239742354778752108854066201561656411390527652636 -0.67224579947967516110609261315954720406525323879511134241969473997460615686623168740263112767610718057 0.23906989235791200928491488029030190256894939986532076775905094431913552784988267604333135592678327459
-0.19371846568644391881959647454373455375501973040865362575017715494972357401731437268849135804285580267 0.10375289099971043146493911673511971796426642645137831666733504260067168132937082974867122808374249438 0.20975653400881441332390881839438607955114130648173220750857402480307364542938483520142750913510745609
-0.022594517477608380948677950206372427388778994235516951939435897327615673581625898802242068175306995305 -0.082993378284072053658645822155593584371103517739086921209633847955233758734278555046171770678753955732 0.055165260140283248636742082932468942676040268814284174211530752406546198106882666609139318042564863434
-0.055580853872415263975328465954999458298919241393756729358164292868877599799050847954445341817175806903 -0.79532212268976119051191811130351984589399649521080275408597895483112060758184145550403258748168818618 0.16683521700406300822412881783419427457232846549291452068692149494764728592270166186580253075119643282
1.1786610731151131311413001185061077033651299434792700286320023792136524604428792021982560138849939175 -0.9269447261800136237463320218409391065244787557452340050126990862296006136831232185460945577161408405 0.0084055386574844383382109270638057980590779251660130782583770321074874319472457925627499726037661434517
0.68239911002928066570556639753233521060845320012479203901406606770326694962886827337856603234375293511 -0.11608615540505758491015482411282390655250073544665195523119524515585329694423508106021719343329474173 0.091612455045808794704309795276061337820446766281751527200857330312785772250760754090371882513364333225
-0.81552531529254503092011595667847366185230618752555540554332055332846591305636484586773963282077628186 0.45855222111396776930192731043056446375560275824729603568579682173220482207729238830802115649489911626 0.27641654090582902180058138244079877567265849637224493298472095933776584693227934326730819262888922913
0.11258009148568356321542370300733750026091949479529957777245383936811523548959606233743830805311945405 -0.18910874968072802478866275918071469963144471488357337319814435634592844715220416921886420910944267489 0.029021845584480800108537461182946233819014689130631480875056282185653357497066128594913159148806887391
0.51825135059996613273603357698249590251211049901530908162156721605390710723085388625059746078704556253 -0.61492457572054267967636942677396915949217080661903346383848020782745167962131112685494805216017202446 0.15408943419739964144082557173846184585530179099668806975740879184946346600214668753888488918944721181
-0.0049102365976874180000202117063044873213412875675700199626280272153438470030498238411744523356233137845 -0.024944141415505906949685080470022100504272104191476069273624203548331060896218359891843731401100862552 0.086629212331525025895371666543845129179323844963071957349093805022252595719033709341615842832440011465
0.34380409475967787697594419296989130047724394010875549951587393443875658793310913498768118074030450006 -0.34387938525084359790245273053019436013998645003653444303563356265792462962027924968474945070218409573 0.14160201837303129897696092067958496887183005266438322508690898357238336667021765399026629903949929897
1.2347043158320807961557555464220479211228654491188838751174732820095901191727900509281283556420571753 0.96068005865960884910119917216199418770044844290347152749201984784042461989445672631198910443871400779 0.084058013664726702149768915627446216734572320835007895776271022194411980551677296667527747594152821382
0.70598553823976301721250363712414289404028436788138667049932474743674647628461505349233744510340621546 1.773230101613599288855089321051578569848833099701138675916746374322651408557268451259843548719196988 0.2050091639725968444326724176825796190666134093760115224052299194870775638941931267920536548434055533
1.6278337949618989089397516951478060243194515031522448937162535335815180177348779495806551199033325341 -0.66517247470525178497872279624626813529016902459652181582969648031654071108360566162354461055472267899 0.065905161244018101772797925424798613693354072080494622844412664724465434218333951912519088377661205457
-1.7388712766674441165773328734366258307238686711369426944363793811021318132980568380855502213320926201 -0.73629428070665659522548046260705831584431382627751814323319683365617778026585465189108783892723707348 0.16583030516952590285809204918711357884907887612341371074344209948725314077065052559792004219076249394
-0.62296428605618858125397210954964676261032841668798399273228563108530540348069925264814740705303024069 -1.4698543476368585053733849479335155952726438752948884288342195716575233792997600428687867666443574702 0.069920632356624455875025719209341924187080945374538993885813631586569390509106882897592197938253523462
-1.0171366277412235550479803759312279458854813864854475407633037295858892694055748277113830831573678523 -0.32246697980533666770145779353565479487053735043394719018144112133802164653932429214232732888610432743 0.02478253516725252566817140089426966249558494839774354081105856305434297059599529293966935655595907761
-0.21296314237574012074924624714519953144005744488881173620440231397108280962801126780883332455807111607 0.71375289676618339338525065920520798433249276900558640009282251000102992957900520631296989405023240184 0.22710225272162558564810771546945417924780985187335690087358439971325406845336336101058999766233491543
-0.29214379884483942338183476029411483543928108267992988751985358350319580818364019675348080938569452542 -0.79823573951233730625162653854170536499199389415580562297630603554649829357166757484387446645567572367 0.096368846721674945458848486358155074050423882151963505918282984435710209329704575647825189622953484114
