-0.79082169792059296230431034109755830722693464884772993030518659714147442881617625621430930977842877831 0.27680213356922000516464033775649534628546465279512313178980321366960347165634277486417230043684428365 0.15737920607077811048047205584312544803957737065304299594455571080152848706694024633383180761345939633
-1.637422444459494659992713090454679123232200336370034876091014165807172328853629473000369721089648704 0.60648956718253258402374962510839818713870511411924984520963562978121219583085428492048100096332652404 0.24612784014270679422281639968048195971930535417553792532593376898032059723432902091136397611924408232
0.73857700334146218518069969173310760538758463119737817490570325565863628569280047048678294881565725084 0.21109300332780817312069633578800463796269185891146981827610548495390330801828869839877599863732942209 0.10082468645078063564593474515944575798182769897405587346328818925058987713589270767770079312051311792
0.15778549991662343738517883121997212747220254473254230728980540519530334274534867990297574816321715101 0.96263626801428950194056773601242774029599200476330654322693509148440387291055188066596867345631258929 0.047385666926836586684070365853608418388899930511562776788815378654213101273925203748704105599843886336
0.76141848058380016718375185103627954526675640855922188919623038267722608903606965821201026980296109358 0.50226239172135339282364353121454399219692559521836326768797650271049085073955494705999999436505861784 0.22597749498313110776247297607892633074973013857638815138069804796544072858990311851908689669574457841
-1.2511721225922318171446817155697922415676520456295667641770833300909455527263565608575088260419805707 -0.16587989654541348135033302691336901454399180925090114158097278955353241232673065804609167408281111822 0.24540756398587626311981829443207033891744653672003571767523719312011126119481931084038814172008280081
1.6678265086012877779423039937232841559187680841601567042957184494613992071326954391333933397701899283 -1.0810353011030639516672710700050752474306345274918116565735146600035821681273219788409625903993315615 0.073760947985816497080442511379775917659487321857680992514443719340720098877681108589299957946997747197
0.097639023366991154188977979786442109546126508913234418220369592292821773779435777366824801747384024164 0.6627517991695254073260883710574262512549576494873603129919540569166663111719451707748820948682904625 0.058091345278984781862212541074249540802783576497390358373087481891847493877559499757472345239627173292
0.11027722197125233621204408867051642626792787295369896529030127917739049072103739202183805154805785102 -0.55790150516092365400090173377245287810737955338376605434232588680390995410437258201162863899409128285 0.25675564691726420279026906261777955933033089417540221755333411601338850700280129520202332793168617689
0.014950625137425360909922106831490483075268754204290493528771079632678532736359461944955681076815821194 0.019929582923158300473422762904500132810043853394811994961056562655497054373122741504246874531227772501 0.2163911454902207906282271924506180256274492577483282034634488734901509838347036840525349449877592938
-1.8751665809917341186319572203387808853162888264780368871926997781573370711010709772149643069223388832 0.063020569468868194051359019261317602699497398887414449979240402377478823673083199623425704402193915619 0.0088389391637473821146797330089178750755588086244136625548805817627605465006286584306146430629865239077
1.2251194214774734395895845469520838083066479049095824159808578739857406692028233373277398769357640948 -0.26548842412579833571893387074487091162083408996884041454222975318248888659014821377047842345106719384 0.11164684237919043053515451296644561065289930027853270443172028494406803194740503532053883844116665979
-1.3171418946617948437407156942285209988924540308318352072501150395135759359679686850171921854188746251 0.55906163835685426722313906806180525798163586918933975297935543289193934467796757785584898187459026784 0.21280423827490573272483914981983027618523672620468222819965505920212178700483977658966018493700857741
-0.17566308758119420784620256268236423414226960610297061925328491558462638556871421377304021853176153723 -1.139753772964786166904088707642131598259801298500160200660681169974400693921320376642055115414296378 0.015099149503528371860981144530476362199862828691701331760928558991417247443856553088541514148681453345
-0.87829430657900728761062217874715737082494845390692371712947256448912968318320539361669956913538824305 -0.84592564814137800802635343586572886665659651262523330818804998312356084071864951570696196685760225446 0.20241485210775691781692936507639617842995540025128503635428168695624739273418016117724367610231538829
1.5324022577259364656893602923598375316610598868451523454582283327256384463544492327622940776091370104 0.32928975556234290134269327059230745331732280514568256285285208057062662620837775741868850133587944375 0.25831446032844305113075018972852179588609321707396188697036397084718239614925724767969233521610925308
0.36531884182519455330512660375041356609173446024150845842079662821984130817343973259451157810597087355 -0.63085343881251709248455487168090220805096907114894411712773589510601862170109926422816794585314764601 0.054203564633162185512851245517033112048571051760584325318449820746719749462971815658473712269385942141
-0.17114641263507072013924891641027564102861061010275207786348646086538136754456186471960284536552570619 -0.77851113529348994901247464257513276410863660986222868937080167267059613048270195202890693785955521025 0.06791791632537783888189610528794514187589300192804893886000027341867449716922092941092000552933860303
-1.2224375715917765909653574361253500053981006199766246659584610404664025629108443133793462778336731289 0.21114298817015446561730539159443919382954013809691352289159168218802342927027969971036878688464541432 0.12539078164618844831106912055806269988444741028369124579669909893012861863340523769155593302802360017
-0.13549579439337821399738923636912061078223908860593861003593346683843067089818267623448418424116915183 0.07329394833831269028857964319107987683938746682741589468106634558868368088304234711458825307013488114 0.20637246790159488309362486541843027497895181301773608407491918785180999101607235373357940988953070879
1.3714009860137671587380241350189192171062656373409986196408939573096431708947260858246328522673079996 0.21122048395518443833294687998051673545751196453659991138803876682220271939155460273762814157951620664 0.074981615223196439846073523775117194029899557482933600713620809428579157934238805161568970884987662416
-1.3720608877028613004839588521466757677467499062907342064681927824742670672575238640608941748686279135 -0.18856765053199870637378455348481636240870617212908811797440444677561342524777498267301697483421671702 0.19948204115699005483730069318359153306059247327240217321923637868948629544242450353105725337243112045
1.2040104513480045662244487281435535459632079090073810862206638260501052654410166313507545330171383578 0.65874692109676758399584218890446905441533193859047219690057662471358562164323584366475447762885988598 0.14080922842366003684789143507847850941387789366007658719743862021149110020482551026654236922139290638
-0.033239622021669164532714524462534381985699012341325413804846603690602384135547535881289121124355169314 0.15377462085876266633852015554546534602143752909348015709070397952951433922784027138665078129000076975 0.18221782792782958778967410432794884244330639992483795657102041377403314900726256060594821509025607153
0.085846210538260816251042783564077116912268165424040249962669300687630943260092312337418655777637320984 -1.1345396859587164546678361221489588392341107216887256226560734298089041791798049595607313608158704872 0.13725737999662912944427713487951253072204685953277029896254397980593107955677654314152796190667218666
0.015714023180354266988307742663891763043809243866644950301445739850773176544048652568795816980444756772 -0.12269248487969256757877108889587916797910124150471824526028948310883558830020878853959331909062501053 0.16946170621515846416916179283729632937379434875761460079531620730519511545972490139346420299694538329
0.24677671597338243051531298907557632673622609840224543237785502008504610871733450230665514991531160627 1.3094194551194845823563798145081831932959500714687189893423019483826894585307669576394074558039145109 0.11267118571035166536692587912412410146321087593314236357042882796952478533584092439657770393046221295
-1.3009809042769734763073246038486001133450402161621884233386846550992307289925644390462290881414049043 -0.13200162804407523149247214097353511556066466839652251868837852358578771510561382082825826068535470566 0.17654701351089559525073372067029863320495673897986759837390100362282358755713770149127171264840923405
0.9608860453734837672972844983788088834418686984180465540980608011077117478891787069296600860242545251 -0.069460818720796979694204434619148032512885827474409934893756211591692419508160920287808415215280423071 0.18292452072912395831780210722829225477483773497962100998444753641545568296472849487372234421408623659
1.1777539950230116759943434883032944769815130456921609577999923006422120770682284676178685787559508109 1.5253128677527487377200823072792140012773316883344992685231450605231543653842289210343789157219061366 0.17243139452266225444271324315199778532318071240327064827277784935372589533048910621614985674205748536
0.096507953808471487988306298913605253534915127334958275121874552631658767976740294724528081986668905427 1.5094391038167042460899952069830330600898601827364546988312344755941974117949111052524081775391933185 0.13821402855314582504223092091976021691969291417546794866558663833699124405991194747429287054330549264
0.3029971634071028532313091063291411925675082798950815595298207763603686194013389310885839818181129566 1.1279478375062121884375135603461293098720937406309435480110056132695292474646974399552592437045580367 0.08267455429395245675116723263099348303817938641495527422419348574069560424792069458567579902008967003
-0.19471965340966328611585565256187316500004045627352237408252664220755908007539179559300813889297539424 -1.2986994874081284585362162260941913375905294780062380081969449952292710543171392934333132994490980519 0.01052046734729542279506415181493696376067124812752551753001307616465436890772776533930986063603952643
1.9253456924381579517599455923877100450020355427494874471610624024308824271086014743433308704339752724 -0.34370687071799910962786516033723399995506735019860234135861890473367444542062185803366333399445379117 0.19953920175691780399343180426215790323893145154669960251225919540684324274330444564725715408524694403
0.58024573687769600962843163249414234941353445868003819377183483554670072885309819319065968177668605694 0.05494730042474317577230079109173512877792852427513690591775831276052460140751107299951007640994386387 0.10019523318200868447582838214333050732268772258366895093157839082148135277374369809990546042318612732
-0.23281003792222234721016326126557344878480096320339392430889506205534458619313523116918433541318111343 -0.18302608877648072842171644377617449854289105587236665715933658153971934429271661462062429686808198258 0.25502138353358897417351184216183686327417309029933946511889915290193445339400881912325896930650298809
0.39553956390735659198449919225191941687115122199228111903252533072007444908776527308762734852008875386 0.15561231544758537472448929873053525223103281266034799670028149920772321038148489787634226175130474995 0.24333193016509293434655619355914792525546530323783811663608082473850383241174346818712572936078478293
-1.3880766987779439576933769450381069023363079608460975943680764364843298576441862552898368962017278013 0.59314181108087177922103453385208125129240816501510936173030975984291851634815184519067554517280183311 0.034852098240833526627676179383550948563911315309795931229084008510879594276572839922437020607165409657
-0.032116684622393697837106748649431544473185776772669691724284819319231702682340026234962920285683278031 0.02253908430464190023839869478354301203681738729481502852699408945859506396920265735083112352981551925 0.058436540489207004047899661137402912829653433345034922601717842308719628564217200275778254506567165749
-1.0812655333881032523505410738808807164633809852648861901391618223429208142581569915594474594022604926 -0.44759183999932681839542169509959162762407814086974561003269162328627632125451201239174819693999258856 0.11643298854376572133711705739220883860379240495594518695133392968460054603147906917436060476515876401
0.029693413627532340761635017637574504860364849391584677275222485320844335871487055743330742405223661569 0.09871575551122206344830923658105857774931693941566130936772774370991960885594580365191565850054934771 0.11629104896343662038586303838465429477554795255619406991692150119581008561567697994007139884537165906
0.05853930427199161920438718132801336872554106639467349806153032575840014084941071691931095328705208674 -0.30594565410481739828249257436217863498078796575647534278493142774459060785848051297210558437879491917 0.001106679099933440906481743203603013870454258289205600602299446069388450771871273796433019923242471513
-0.38830055652341297716407334439470206769472678422939223846479008285032619220329890413633482833926847474 -0.19419918611640445478121623248741895419497848600187819540096088016519627721673272372345181854863987776 0.22967906836567663507660259582604563461621261646044435813508019511265983199046416453938568102324508374
-1.2148911611217258723123581930664095944529057310942547465834965368708748499193685132367273246760965999 0.0013335977724205197106883975424052606423184701283128786755190148306124271824308816435092476950585049588 0.20526131072111250740754125922569138279951353513666760916355403448237874676839384241424764813393150762
0.031783263524012895615442666826901171717117863628268343883562050264516343031923897078468103997383232495 -0.057440291184058046980793877808768325314375834221710729240938523125356442095689518496704099895375966467 0.2378215992067551519491881242638501510808580071808289523593297268486671261693929559688451379732700193
