0.024922508600274814592242129910226220761346663262054351875455914724199844181380522983216564060630235597 -0.12715404393249050172643164157689311586972370123366618797170184992305433826308744446270112641346737176 0.17996399137928086030999159580835332800050493892754967010733829251785964838083670492101801664704883663
-1.5587210967919350229151471592342552375939038604392695515754808450608511427589437530694834469274344706 -0.79186498404425338663354513157306795951828559161257702913090201793288673605785511148101229775756757415 0.048631667360895385317573121828725435157069500619723769424298004107733161044555465306890583302439279825
-0.32891744799928553862732955633376807316036662576739903304917159643051757739058222064675747672911495386 0.50807343276916035945287593786581852607797232839060739048405531907029950283920429516444371282765636943 0.24815372930378200666247869065075756686997272099950641166575007403773630844877912599829051801346129084
-1.2817623509944523684402979668465130784294890364569950487948588964769411588311710528061281527006954467 -0.79850679373901073054328817386547981620330978233658012549407304349158944565756626161198584596055674936 0.26747075348795321966003962994805565939633648739914401109401974280874677468255469186641096936391163484
0.98032976027248940743650970031414676795613361546308522789892686516044480013246883101115710076000747969 -1.4087370757303745218291127599287079198771147202569920765301587708380443642276378760188988569349074191 0.27510856713957370250763733659496626004536554773564877160269127054147247139390015304315681800043043477
-0.9111798495056456399176522900673016775988187277439209649814480682786341122270488697018607784734983081 0.81145467218754231380130550271257151447496599687960482831809708497667754483104449371630543181716604504 0.081454860607559224928955476572460118515043589055537786796305024642448013102554912635839213704679537266
0.076300765656534328992166567274019579999250009458450401877901816847094189743284223589453652126133581339 1.6828909813400593552107872311835599455409042502754190654188468895500256293931487514113505048892614412 0.17223893811635926830044767537479409494044262932682225250754184922112455575015789433985137939358177473
0.78130430911422817320626737015666809724908284241656624489616843867683066910296146334199255195953164129 0.040164646671292394938184434970261543398369062716493839061051625983516258383359572499366269969493549999 0.14336541623860540922630091370423081984386449042888682585880709094818740198287918166396898165592524163
0.50455101098558396239649417031196569224989714646331671746428265921614581409378220957570157381142185807 0.58691808272326019207007385052974730126570233991618227220110736427123702358549027125177737382558635334 0.22254099187325172881263501358912512310183625243727814912625039236070812826705162910351778521147527551
-0.85454483322725638110875632395789463438926235521534174640486403843515160180085730853796189369429102987 -1.1852513020317093186006537833629543691971429196469311919144621513370182149247831796709416215008162884 0.21525068763356471661250624203108134432080849418558394260300108636044053026246009771775045659147286645
0.23702668268935404335701674922845974827652310288551411054405042269474660200382940911180289710206602374 -1.7304296106270490442066689050317590329515721079773302521464380895307235707382753205620283200846390027 0.23677438120598840568765328836209499559135165280545151417615256577812569735766817550883505650725763543
0.85669986147298703056001699904335773619051637551317248651502828902025348379246203159165830826034543561 0.81827181042089962468637929584560458557857720674608551387498228766195076259989454322859944161881722714 0.10201868675512830118524885491655778924922543163187894334709241632583884409404173568670103747488787296
-0.21779298907230487840349153897074236493991912669781707635585074949353917110844699893132392907345345186 0.100752056285711950114911412338009041858791978993937415971904244154710116503188258780284926506278861 0.25804883203642744550935885463032640596170069217361619243777837843615113362473859033792591691733394917
-0.0004219707788207401353692145625415622209730853683198948310966680790005561375662577588608312460800679257 -0.015151885617565662313409008231987071715443089290023442158040416022922662117774920914077459992939922984 0.19880047773107628366135014478824616334123604240542911750557300536018291273279770076718389959226935035
0.23934485091514620084368422514203360846621255074373366005455730997629769642309588134596604381566597285 0.022911835970061066756791012759802047116436405038421874842665530688752860662061241833470560281117808469 0.25346518351063978896250123450309723391361216446300443110626128485042997506503480849822251565394548206
-1.239182942506186406313915002337252607387637168361170730406677120310157122288305106848576788425477732 0.060173733200822291498635547539142576732926242900757916249089007044994358671205979649094743443838513402 0.081120255093048681799872287777498262923527931530946546733475595378271721148947694979755154020365429786
-0.042577082917414026735923619639128083406839245219700322172262374152797638990631130295469376487080205796 1.3538906569680435770768026386713783106873744616431350165498886650523703482418745268478531687538580599 0.26056738161969567279950214125339610958699923380221490760110387937228010544459623356121695854431539117
-0.4052256825518043539453559959799377998078423128694578217596211778480131967894743141986136794243464933 -0.018562274854939501676803202266376675856145169401738408763426226219499591256470291878972156297378683817 0.23053460055141430142910421634717699280075583749560087554598584598902757449904897165184834630983452044
0.088710115925618040674590528636210547681093558803467648065218444258110671002777805275081891979803918813 0.38259484282585718567728019206666405724286640800730440743841685623316050563735158091164606961321397247 0.23998192035814025004710714151821201695422720529379820251450925135139005155336333869137188603426672318
-0.58902222218755960802589834477549940686382650653420505177413527498628896732526048093991553499678866775 -1.1983601210965026425983268351131226132136193574724063119953475906560372264199830133721919655694196654 0.24002968593384765538050752594081746438732174001407884773377196968592263299595490825906446211769552514
-0.10105269267701716021915079768621926516560274875750956426042542891518264803394602960064120741213421234 0.021588820300373647623247498471319064344319285068805705188300420911529729494445549330095458768086424956 0.12812404272793726880381692455092151797614446344434046283101215976234594835778169343429990810747089374
-0.94914265586008634932585665515003006457516692508541387287129244621711567335322200481009323874051192426 -0.072710735913978142012962972712201208502942862585858697894234735809102694949827453758320756722183160417 0.1428424255029757156165053510869912092439119059200090976257178628436444732858647268556359046218475794
-0.087797315291721756414535584210120186799581703038836942117924524632714893643347111473469350318700244541 0.27273225975821601646854809563091126647293049697262513792224591312662197331509401607500040614314657697 0.1161144599456093289806394798415159313919068523203722935440089709634095718797779544663698492009868881
0.48503517212553105296681987770783435800037516206177568193826973118436074412538919664358287189012521342 0.69656395003179718808360090170404938895436030903758020645276678471039512678068177640843929612479599282 0.10151382689424382463457961447488744185028640333565821431951449478091056377399337576337910623581767885
0.50318530288140264496090462523230103926810757934444380819401866613093487853539086401772281939226054713 -0.11557640428468351126378635148784121140613202967985484988586535244968776499767693900754198589044967084 0.15867590618972348166940158580825505747984751712798254596287621278850001629368603250135866273113463164
-1.0738541894614660945365991379724578259362717277710544302728211082621629448103589637195750765984979264 -1.5303045880081508635414877834121007957423325261566590946093587269886906400364060388138086672440403309 0.17644937828230757844712929684095145528048169118051552266785025184478081719658149777285810661231001662
0.80619843731647618203436506089458971948295725011418798105344198427630308784396390296881450092374288081 -1.6117788162718981188320818017525911278294225439666770520851916913262366800664439165404402652611948908 0.1410642063445091145672298533056185572606179533969999122290250772088342959454303876247229997110618412
1.5549477948081467162680737381608277089839966142402413870724530718979180605677420333220411347213425534 -0.73848416351591570101554437155913658596381603147756240113256056980197430056146859630168077136940138471 0.17974834873214149906739511904504663320153555527405923139350266597319241040583217016860119794391349274
1.4421763493557701798097934740261752471667814049845436867214894997908486435094164666783381746819526601 -0.53316741728791206426294480129317911553474675598031702439646702872479638839179520310883668404658956764 0.26389524099368692827217315255683302825951154356635736149009837822143195431736014765295589352216425216
-0.56039696631555770786595146129596330270575858993396757522854112495041659919080904437160748908378638187 -0.96113218683815202845787978019744124281287413488887775058360398272641062859775402175725747583570362256 0.14421168534339085441044010261740916572375251665661965807225601152671070083575908292104407438977293659
-1.6591680593424643528353987554642294684446073426088835234954917457644210406662360510727105033801516198 0.14762210984680475200705044259037536516973040644183398899374727755235192712803309312630424906680584785 0.19019054766644079581842199971503989679231177258158820176023888088166282652051440474873052733522793266
-0.57858779734501379587512111372164542534501676348543607252448794581722619224301499677699553397971322776 0.29487812176736426101424902172733778305504272518825002292770521187620484909785166448485969041138411273 0.12002126897538104594971620462589579247941996261514801024712745520823546580180569497107636862053767644
-1.2903228141872079672095767474580056886762553536175161466881881644479016779156713909102025975233122589 0.33167403874785291527503641386583860084105019063449973398494008131057339683886594583359051604645162117 0.15272700896362424906660669549496684556621965246039252144031122755711088166594402564023878330062137072
-0.56365495648684909327300837796515509005530656362431144122297408546149132890139128629528440460748875938 0.81661322608568395788841956370364536702535943627963773605989330638874120165165303121719587417981275945 0.25547929084476385005501826784215447929778690391421918546631967798357048253759700419765675511684024709
-1.5416329767261753441200725775016338551264494884536559094449680380032749642337154183219487525517640499 0.14522012972566128244674346530694579165155887650394064858204602139914074496017749069957847029970614317 0.12736146455458679639811945789844951336576962321060144284024581823483761384775534530495977260417907633
0.30359518382499218527231482789938142349358926839227185109851734393906583875161354344975830136487310589 -0.81339280737164138850358989491302060561353165024582303187938517503185390868814731903667989311217761977 0.0871296607387403164916704020537140845992543217761035042415610742708421501758994300359748574004499031
-0.10452070754284142615031947008118469500239279241250377436926027874884696882726506037376872423300304362 -0.69367324811130030693999858017578926198493954438216540445719366152718396560481448059145929386206318706 0.26328457429468892552919641684806613758633612564094527448599362972468627374956688521036970654361181881
-0.15554344344848607511156659910744258299804066431090110688373795951101857274462188367486606690945122377 -0.19110663656064372636757912230570689191106243226875776627122674811249039348505594004704005268066386548 0.25988449632118570209187296827518354570566131582708348520710109734724656087662817718589322725724367766
1.0732479671014319236900328274463951715984870256343717787535639226596594840031766653929768021351914615 -1.0019259695884865033349380365695665384038262240943260682358558986829804021326724718210125154477880794 0.081330633941619436965001383860753860459140339183511881055645220499410027948700243649763926065545426703
1.7188898303577350590216679259320825036290224654131618000422410835801487677140394398601103934162084961 0.99025648295651376261993945674113546781694462317807055597113376157083158780153695182402027948268857194 0.15375782618215884104260655124470797238687905944134706294618261162677748622552919588481991658547388298
-1.6367000633944336368787281493299408534105300636872923628542532106174814111773476158983925971989571762 0.74098780637257550623902009138994970037730412720371250194062117164565322199530107366305256253842780301 0.16367735457823648155042477395202046813399688259195981055232871253859424035884075602488393955314229813
-0.79900966465497704385940162401337144884439231604858518581727320620086478096255590784483983979528996007 1.8286911727714612256275435877021621674407649025148593170706777537762555973264665338224442032710137271 0.067886089091060248222119942045503312720158368584403322594956789133017183415624727255134347503338957838
-0.21865316066660081134930981438973115793478129854385793805719713090110365914684647778622810796847805221 0.39855767854412350181553846820212796503400873300392660284565778482420207057601417445994703894207256036 0.24898915177342795246114949192836202958262605155374449145608711851556547501295134032715734746267769747
-0.10434424467887064211570754133873210133027766941913179528554545286497629376235440324919506559412397583 -0.24272049158324565097845728278579090854049802850356274542758694858629682636038869152156166380671642448 0.16098045793588166388672516988412348499609800219535499859080475557305410130556790395167698869232483409
-0.084387483589169621852562015235958635109621779401511327630763787427558651313278613346026902363673186279 -0.62257241302882704242557019595594258738709027435975018588807676019483710162108107585096030079109707873 0.09360469400584979681629917733821327305759373677792237451856196297181429261884406649636822670753119837
