0.23048874801833078419946391328564326207593824377896380685096260949252312152186634460210918407415846928 -1.1418127061821314307255806696731171735737161546967005903467710641821503278694712246040371720768956792 0.1648055772256633237805132796458792259174146972988904555117906026343599083479043942728329501014651584
1.16685791379556089870713617879635405659696515581033229701738453493229911668272651467954541982431885 -0.069787471642319475641675194239351128703169789834737267164539712773843492796585186399426244218378507642 0.094454127597677787414721044010447055059966728398883094357130189299980359185823199921508379916504023413
0.60341228365048756325267416785030646514624786248454584053605304016412599530170518202058981678470129426 -1.0019522043192511550135625012204920282121891792162521804759578525350175418038185680796884940600067127 0.15013776460997525760112190711993172726091196353913078917634440328503232426104425124085157427049244558
-0.76493597529347399189889307497573512263066551011548969197635782648071750519760097494058087251031153187 -0.2579599453192783251352737682163477950496231316805232523446159909944113422439270326448057532498498384 0.15471048914719912439521035436638943752907252259015755794527839148503957182346164091337214232392853227
0.29829488772295850511559922041650297852221029589506220665107373921325170738380968363345102814740024362 0.99248148223401916687280683198070992737818527027208238998843499923590780899641115008764138156473366694 0.10143011920328486480951481022693344036605940915561116956611423747329382720962446870265200720323163968
-0.41829574787953928222637361659085840795802889899037541838688705398535816585780696658883836982546027395 0.18781708070036469958450921713373879674976694050800561080888295327321643793285458733419368399819693467 0.027596744955739225249862299234757079693748695782076705017460683128256507347196863223001855675795489656
-1.3787658652589209193779397455973597744060146782643396096270122122429177797137924909421325680270235622 0.95337427293737241794394870897750959938211442337275048827621199080486267371400213426861851655139866442 0.15255676452286218185597272331272042562404435826813037273231597930800323444344559204088312235323113596
-0.93331616154541698157258323912026027413346849912749736775047828935381156582700994556765320158528697501 -0.51092067787348083502793179011192521583935909297081230164786868059672987539942769559091012193392047895 0.25751738236153512417134841497342688896421971162902231942974089991768351851591584364560343360377542812
0.22160582808733244707215302885103778851598542939923977017650683305009212187839068376379608642918716407 1.0851085243476958327390012894131088294914582045129614797630607692584451516301144401748574292951297174 0.12853061749502850199993113056750167071533368110872433961517678807895856504725587412106782659209290956
0.68403753843602333866355811378235023911688035914877661774471346508614809149320376400101528336364003357 -0.36988498595789120731735987998705576380968589130556237814066375065604189102707829787399442868599297965 0.20234887413291279462195296886164095138220034118524694904155491780727345864865084037871079855740994558
0.24712164329329744294703871794418544984546023277084490570776750773209991002433899177012948140014937097 -0.72612118663412072205647825290419197619586315099635234064544562011909669184411806014061858112476981521 0.12761986330181979094523719998752930131272094254538956759541807075204787498634383241356647667456189327
-1.1092497356430420825059144726896636582354370979792241881130579796996313589487288350207386538796781003 -0.7359634576852969633197872547144138900153269232024822296302482287248076772802275284840710569391433135 0.22384241392591985131868441595168659760292370829116902740238967228382984740161341046175297371393630337
-0.53039745371367473631640672704252458692827808333939474709827419259189522463650600071014898891567203434 0.5960021010449804498043016359203828707675054513568914158202454987178979207372989979200073340126054732 0.18582228456564405342209001128081897832205630100566876964841353069237884558657576920266322792928240099
1.340429885042777515154284587208995396685568313746724375573935987433304892746624998161241601115437338 0.12691952827265138766254353931048172696358477245725475573389960918626348484314398435327447840093171064 0.041065507373259569131384262970938444723848513876528422228649098374769686410417463711961515373861361509
-0.3428629841283704578572898685331277404573843588142765622737091171799074735520286967711474182200172112 1.0483147515353116006009867518357379730267690508080377973557161139097938560856424496446184863836567686 0.096961965931031970744212944732639794981253621825362540443090896882641419588631221079476712305894638312
0.19790597546346694523385833850192491352389700825545531816713519839716221284159581267289966983310843054 -0.1294181003005693446314323287004288658151131313556706468992406332261106260451482117925749664796091282 0.18825276933423948200707937832876442746827797342310678898317288502487947216140504459216049563956351464
1.1372684331480451861289726157098386998807854018845641871244499221137153740892422414333007036443801713 0.7863972449831342862095333525585717190150369839627783038422876326674492989712201287480464012230524116 0.1665755032626210287940562952096484452246347049574975022241235049675785976476887071822689217276083758
0.36570501216722936914384418330954742768184362712878131899674398246838860877837104886144972255910529256 -0.4591013887075280820608596458538902679460698299014732710996908922842445311662556237821390789040827152 0.012479617332174862232590734120418474262209622879522187244772051518025089353036919258615007418143940306
-1.2476986208325779223002101270030047086083128801365028924242262622476725642916708152560662227419875216 0.045113486510378313804005719549590565440914719819386998174529654914127667139188678992763680782588624108 0.14286061690312816252494281544506533293340351865990446125333970576772598594670104831009514708286696147
-0.81773270789692743403311562802279115520089333800150015940214370912942993130595551822222780941025758464 1.1673565140927313174295399146646568249687933300990988324188820306999623926814006636795743706601104493 0.052878978722095083727393418972434454628675511337433285219884708305696429907776136855908799544623013032
-1.1157036823769257007708266680951608606207376526567657192481400567110461841799394915345587999263879554 0.95616198184735915411841839465646631121506568323917038040367646677477708202004136032862389087743024482 0.057876172413383005052402231605880403400404626026831454953581035082945266906407144342868517386581976274
0.52440682005308270495685640094457245570807699794223741962493658415809395527969335163493541357671850604 -1.5098633258802328049771497416190431922113908596038724804174091379749340517385314464684003078461149733 0.0065467409992350081835732427285686174688884254977839291931536086882767171914199877526465979757589022512
-1.2324646560149957389546797062518429195654975393567482213290363434388797189489982655249261546188463907 1.1096087003715807689598407995896819427118254126146242690677448995850095164877499119480285271531316518 0.20961528792498857245192618502711020102611825368869524812273231929011226382697978712674066706219299559
-1.1104540509595383774611984604863269658422968930288602509428901296029241330548432717293372323336828036 -0.74072414117589131276395763751939676892085834947046322083469259502770594307457897753790548307735969322 0.18470370983023301972706203808512405924296716330089330888764516396393763278185562485919312874240478214
1.3213081985480662232214273004382601095648635888586857225106785961493799450017479151753823191694227681 1.0276744212967278123414054625758698870202316256065721126015878265435497686205253559081619033188358213 0.022043093049857593099590897513849363891672029209264079395169953567306250141621192909992823943415793382
0.35818357741817596067034579740872483524135072257636446599628443656880676275629711643864573472562953048 0.036328374415132692597648809675731478748244194021459502923235108020055497317019246338242790798162079028 0.23694180229223179600236537158743564254312206289053231121604794813992657824238295544912267494754041805
-0.80672847456853272191112042070571549258756648138392561753817172825387381787522842398023352146153767328 0.85990892448703785253360585124530952533569922564019557661181056565798897323238685306174880405452789521 0.12002807168157353012564642593404227570513357910087306349996964894220577843255131294264184662395869769
-0.040261157661957239701143783915073066108299043913621913760034475441517176865614594176876356857480858085 -0.2171647528399102726651134280207436337720022808712685850540805730312241540707194810400419184866367706 0.0047116418696753873760775872920865174930263998666313299859166604075052495302266522187644925257577500629
0.54124343390467727682894962422386143602225197462311681979777093320206195389230408433183724575296387313 -0.7740098545101021754546285009161197008321091745440339388153137232603968093547331972032983240036408004 0.12256567267092950796394970246114836805271893770902349534191694950890590772702297342638870931778762861
-0.024567373625474081173593806808160168886149809680235337448417645920028552588690180813023138283790392983 -0.28739668155510006194888440154929326658079846361079147660669915151865677363869703513570978406142425185 0.065695151698514878247092247315763834798265178340567207796810991644440812737889186568482511401971320725
1.3761179644408140689413837619206317249265658885965911328727300333573831081047962774580167086241473125 -0.70897213825449631869867302098375792795044030615864919999696746439705334822338281378113411429039862038 0.14207818618639244708131127923481344269390177526520237654989982815959234071922738616792930449820494312
-1.0786466429635895643762897310769401576032624005900154939783856814806879187140510505640203722893510018 -0.028956529109292960837028136444485824567862165232998564812814619864298088943906056406505791831950483395 0.067624448592216249257939344960263676347025849945225291565362222389834625452177100333958465894414550197
0.74745866269882695479759108488929979188678778356352902521708745493478849624451315734312207764722437361 0.61666200176585718296074582138433020300580040547170162482071071659434919278515658835608635718979060817 0.20206750772132517456463332089388262813145178114529673383875456874102950374052588078562621754365008519
0.16665091542428291293617665403639537264232734970634932693935529075549680975068117232520328884272817857 -0.65824924493793059798263402944081658834797707827701882597680764648089476423935812016171869632536340463 0.18817215006589188152870973748474937577498422291066508594617071496662735018486889040044465486946444422
1.1088356509978715650718329865739676131528863676105473783654241897638787637951674183851165052104665521 0.93251466397588704754899428219999606722565830070434765865715624803863727796620404453005586131543732278 0.21973957446580339859699544128266631367921670260246672265496482908192724437400062924787807849513027511
0.79099825762018258368230734668624575568386847474601699700196100069388675721085454287689525323544192001 1.0199826308050035182962762633167741278389331633467558968418278225829691409487931206143719793062832129 0.17081270890683785483369752044588118180827737625651411536287527762504322366397720265715187118994086222
0.75143960424742232323915887169275239740366521446786985900264358249337549127876684571383031195962529408 0.62857654662026442934837084011191201119546687001219462253468399014734796268001883367369226283171274253 0.19376432106257015782273909720561755533763511690454450721131480347373399979361095333073949586441258614
0.92503413527293878717355996906707065663817678275906786399384942971472679141024815231640234746935485505 -0.025193965352437351684882385035048660802404187129942396178603682038681987264867350069215136239198273014 0.19783720196905918869009768526924710870212567590815833390701450647165185067014116713259167039555775385
-0.70847710415816765694057536606503723329735648588263735126009870147608350344837866602897860586703435607 0.30693055371476259116975308729377636311735652455655336060840753576374366835088466171731086390362332676 0.25944357915450465351356320637327102593322407093436215018649293449125735586088098848455420805058450376
-0.77752733393896968977351963866851430728089494894852510763002938091089972729362613963654847711976848946 -0.37273963564275850292504496851340346381295047775641550820104681398230340670990459771546267198214003401 0.10550245622491199072853505851473558930102612590110391964147488994861153495001794259620536271617790016
-1.0698555666483690321144491549918474834186865846697796589851575850226455857989448215037622508075178835 -0.86850869814796547336833088336488399008596902970326229383816976732437683034849293050138515911053186996 0.12523328979309620019763269909795098273538627176811664479629037515137812879606965433746098358988355952
-1.1044343083942645570589166916946820747074861865030594165177723071245229012012204924690350071898465601 -0.21710289330853122807977070159417670054623698640251222481536229602686315772025284134272437059378495758 0.00052740550178777378365907594158634550948326919739838651413577084478859867230396866186599944694739610504
0.93760634026661116559392437976879087118598418117270322010746991298938739827285049495242777632733648359 -1.6163404404774098761550996613789241369969943766496733118839449390463303981471144954545154605988744833 0.042213655561362543528090189819832648933959648322520481982167137337333969325790190538540234160452432658
-0.74533617918676183996359066440468830155788700956171813024617109434256648835430043139044828556118202347 -0.44040467678359696702477718073615981036218435858507713262921457919614333596908411098316906806726677791 0.020965052726195505259941386847098391523947080368422791606524432474604654238332247005497253692820148772
0.15410119296848826204176615142780790961483070282079704374210582166989790570988912911762973835566429517 -0.44371406605241826366748088356946885171645194538999694339954035846143106822743778846369152105738735267 0.20456789605021136077101397388756369996255123660882345711509011563762106538355842019146853690852628333
