-0.16159939966601983445005946523951135330904326614406241749760211311539676766393933023427126750673465831 1.6914028703508250217172015596564240107317082849141099328319330571076576163708411229409137260386281134 0.075668729621720807001804902064515219591665750017904398753894118516342857714114114163646138229974461167
0.26571623276428801246380046492402433025698419944719187061204340988198749571115260192924624642860410266 -0.28893154112152506868150119379856469689078524385335432959306820449018679588272252107057895111722612461 0.12467104908517703870307640645768483113600521364265944070740735444283849227792333114133984612057360294
-1.3617000378553947836683635059532600739271790040309562684864768401325733074885519627831249923161058319 0.20158610780622250072060178106230726103611958618267537916431934246080813924268513305526352818810680993 0.1754551837851840930384739204193455055064573528249162157119494173928367276442138173308186877401835278
0.57189971058874669095143742711663168148650677931722710536813358966569601914862812863034621140756859394 1.5421005536569104677237102984189831172271105302299779618251563284911088401468958994873617463998941852 0.2373543267437847515113651489928189751304511994834700316550834553596646492741359679451634509893502517
-0.64848930174150465900953514524367205720410333869074415455666943653240376839315143983188805763022355686 -1.766821707099040752431507950774692926874792043735710751328880048047253874922082042552272302061266725 0.037588735616652649209845851969303185805866236571243468292352061602867863213973750447535238590926691535
0.44706360528983157816866936302560081778814520615006779251486098839402481270025992670037339678300965517 -0.6759906186832019047391341926147595062667813948617959480038273560943053382501064225735217252927693104 0.095119462107565067164852551068385644920365937225298679255295408821360940753583483662730577280810792087
0.86917702931477831627235532698067461329798552639851275315142973959993653327359166425255680746274048045 -1.0486575934041289613880854292116011514936047286401288915879554710345632760923940804631926336312486425 0.16424100929802001360359429547975966540435850937859312592133609681349956993482886284562755206739041022
-1.2854803013391274202026351127428754248719234065812073345271330967951820174623491080292421681628247741 0.041194977044047383245907048388748457045815439729192174523293656375252535963412834111893146079410690084 0.082682229963881544029139493985943462090468216202700613271613601032636002527266140130509638098887513254
-0.17108566374021798581079933586495323804386420415970968689111442777528380628559144406338356863992278772 -0.022371284210014762276034451477499624130836976648381315013347818263102784089947771047854473398270279925 0.21444774090047910962225880756043946670812999350193265950723014111626534667418758458780453045021700823
0.16804610385729078211175993624778994497856162993202803760743558600774523428581450676684476647180110387 0.93197541347635797400254006104199841134201766092955391874099902409734296129793176072909680501505297199 0.11972626558985789269116929598897654584344612904824930434890489300194143293457685192466093452006155048
-0.49193048529436034506976978970647550858669829660023129898587277489108388870306000946155314371468593043 0.33424110604957794079513269162059351967791970165950333517568112030491767316295706328988391298709578785 0.17070318677215650186721931781257164201701250344796127405582952484600343313950964641668200585198696154
1.8858976366389992700344915193012201057906045711781796256945550505617297187799134763408613149694519169 -0.16454194337293586680711713932804262820659214052831315521159236285833878954551704703515352244406256144 0.0099305942074728059335614382036570173672212780103743610441145949533304709670620966173481141690722384926
0.72767749246271660819348740564588369837310969812015708193097948583000450394127485020275303109704299535 -0.012725733596655976923636352679089802916115034691754867105203755679544119677412984594867654311171875519 0.22334974360240244256186525776125691095746132711142452998049517132730722196555352727922998765746025189
-0.74230546052746628700722291696844605888354165874853853733056718759397880766647427386857597673796234014 -1.7355157076805518633133416643347075829009807805188541696845499527221097786589263550422205641805213505 0.014222035290678828300671903205986108200951416197844889378577167670715114743131163416481707914446838147
0.40793805397225349037277280374358117459609479637087505200643319993629458074864299217883634369346963037 -1.5413713034207519344337584355393111543729638689295270808929264929432196363333841180623450778707195205 0.1502895845455015367609858290697430461390360581257820538985286010415157440226812128632303792096499941
-0.25878935133762668912750223236559268198961979860495385181316850294259008535900412171302699308950456373 -1.2386296600947458459384187060735773691184422376038784772525213374098791895589975017369795213251568376 0.0052547979597825998988865599294971250361266839674922164296883142242858459921763126232058624746845481343
-0.50491600442194127065501784539388005780973603102838965716182871961172055016922292139898194156196212918 -0.012415652497880469461868276867158516883586505447828758958912292899245225739616964831472799221628684417 0.08570730222550009032069940425183811942878649478048800726770319645552909823395142025203172946276737304
0.93641662198558012685095387939138911752622679321226049298449325909321253691902504152002050305999923443 1.3387052179198328793677322713717091190426945278125996723198548023662887517029452617867296098942318353 0.11235334919510675446142051696779058625119741894751032969885917201393189394391187997372985448699118114
-0.98988567423588281355829491245305581065738927920895763764912681304944137966118354919086087895444116276 1.6749808748683580691363795927946839452781197106347939168070585881519328223433867624439402412521108788 0.20953723946364212512354988530677779361011073925544201732317046358818469775318453733970357229422910075
0.20403949056529227131727431145153249969264938943508978900090104752632895709427681757895847792510268239 -0.84200568128707455019400735046575916603080384490477047648588074897817475952994366738919572365898713538 0.10634693090837660804343317653986672653631183770795838621911269844438687792097427851398184974138300871
-0.6156684833983021807248550414211968997807498167641320363521686259870466196195972531790476107109179701 0.27225493967076532214662622575633696192224922229652521497433512485511693715753010187198631826082204346 0.11630166411044693990484297474820147210057923646576049851658356326896743985354907782406356190078677502
-0.075318063054681867637134353628679385373149915676042919175458751249429717695376060689442403538688538304 -1.7120722047675821019999325136104628488177166194370018430805000927232976819740967751241599417300374331 0.27004933527871551348975061527562606431671502423478997771873115343137545837432075381222429161131318869
0.088106023376846639408913504274695743078567017364820255117516791215906251739110473685748481786230736163 -0.29935217756244088640751656225275129391784624855873860356323244967417731950867027860808817362758319848 0.26131313858901694724315937233105750698547571710356147694706215136110229683166188578917179539712877136
-0.0023189647521300154275388211185612267398913098748260202835862211012515633598556316599122738094700964881 -0.004423704951027719536110870286088166195647856264805238681344769015677745951658493110778712751072913927 0.041495897679490903871506438579631054500913532777075427664465638602528706839352703378463113298545295876
-1.679035411450575959050347174595710158598032190219850151269060926089694726019367072598677373529352957 -0.64253246685763734793161203798915460620157428746526418865034138657338415581514725761816729380210106854 0.20753594828574463738171736315206405313991414951664143952873492251950116233216336652278935599979187205
-0.016848760731616898419268149525953039279200404810412338026736502398667409933780537950307443448078423034 -0.059546946157665466886638452042718772261629512050309188621970088076261536608500902294413643162238650556 0.1866174948253619432369093195467008152733172330349348128707356663978981655623029677075641369412305597
-0.0016685794504894076297690175979231249808159879440300469597695786429259751967866604906741614843394436251 -0.0024459831160117676307883861117012945164114814115948508229072879604872673413637706089273182846830957916 0.13777754549869985548605486351706875584297920198961052745133659847033317692317605079216523267490326053
-0.39022942573030037326268527406333994129328582814378311530501186354734937424571069625438836527659688762 0.086947496331518628453803504260051994603930455788550909344607105300823138450444257432016256391574067426 0.12166548494769801601294573814786153644820549548164292530631384591253254815665354421163145720494607113
1.3967811972266224025834310186321708807130256715304917141299405737377834143748677477998495773568852277 0.56341055207739794244194251392979923408888784701283295090027448363080838284018485332942161188242606117 0.25359111188846089307962282300929954810733441428565716966360715362379488103126267940602725080107469568
0.031020643690223969291478044199880401191139721578802675142804523305401137990657585915872833959927016091 1.3976384545431783666088640188696060102254395608828852374005764071997594480927783637277481885569955982 0.15847707183496512865381410382093388792859890396829216669553902673235773704403956342311292904108642834
-1.9278521848188499624550592462564577539661159788362360071845958997194072487259440046650528117971060276 -0.48318218777518372784552618188576846465835775240498182023239251951385855826467252515357864026091796102 0.24361978933380920872630322557266313883705637088278492921600740183511306696611212347916764469272825459
-0.23625299474818388482488130822586362756156650986224596466747548475763825856024325804037135908467952689 -0.59045453800040669402026701727028915435422660399814751667801843443429049435855635399685974910662501832 0.14494803066775984372979468391153491137834430333828953956075897168534923454307387244659837874227442787
0.28695990177302761826868657717834814991203753587849122346671775698351986498287568438032772643578938856 0.68605365299986990412162534379157881863618557639903490062832971253074001970740210317142255656231019643 0.043247070052540257994239045517167406763444875265577931206334331541885315761864036598902918324468875634
0.763480056309505444081659167082421245749739948164314764198996710760242847014532702336098415026893314 -0.26526315177018185210218667040402675637589002095919842893727470824629497951993042210479611422352185911 0.001821284519125961493638244045625989728215018470159755934669183716497888725950803287814512014309665891
0.77357720304243137030748558004599355029749336995588578200477589673361144280410840424530687282899393747 1.7227438614408611333388786545612244009942391463261767608786333011900375146812816460312156366929791022 0.014693490234048945116019421644865752991816764178977865044074211743917121483386256705162163894357755159
0.99180832805559488794936075502825156578072648831591869683766687140337753169806251129461945370473914843 -0.84328567461365809885022387943077378764983369096239732918480437311927150299026857357172192650779644283 0.15426082427867094801397807522787614290887186734842313988156490544619538556831938486697630559893328628
0.3457088874302662187470629179298913628235296694768272807718714496372805119484815945313360377393511268 -0.65542361356452140425129115249697399766681168685039049558851044358943765894118829145140098328313016391 0.14921743731257067300521573494342350622104621970390872782212736868826142079087949976788319464570980956
1.5724044091412655763616473521176890915365720172268284925943498331532917339527107815258577742003656146 1.0632414405783726429912680303953578825775123710548269884012985176945955393694822044773450277975232581 0.27326392152148146127704570518407952335856677651333990319803504301489447167785518283844686773459419097
0.44183983170934747405018581952357387238232998581273603232176252652259563378735253990358302051757737574 0.65991217849296192894063121842743538342080489552134349289696484156308217036487433912287738428657281699 0.15870310849360289610813265257863084489914731854706702015563144740678362371420869763289731609242026325
0.32994438530085550430431692449789942956941725119167371311060539774307922853791002237727039740495749231 1.2313740249112416224537871449809971394537802715136195514191219270543759672294403655192455988915163412 0.16892254329997473167090236389713545341620858495666942506464285133038189836737294713360017476279328396
0.69382102796730911050466598391869468226729135363604600808368262519249740440016440895486019805568041784 0.43059018901506742390995959750201261519058728547900516250247787788426614498900614405746271037967295682 0.20380544063671380060177508329956279454090901017078324645021604536335552257239982796058408687792835496
-0.31741767878036473187856673470817052454415635102002046238771789779502952002000029273601826783311878082 1.1099186071047544046776184891213395810009958161194741230874323948641121263856701108378332098751249177 0.087938448605644484946218013094146194028790833234238478117272625996202642901057178607345596511113872924
-0.23344075125078126585052098476368823913168146567273264892984391411335221924243343134906794418608511265 0.88141153758040540345794909944851351006654024970763155317706231085073032592722701673827210932948755753 0.15095036329577849401111850323009235413836423395939671592728735748781462511081267473246894476213190701
-0.88146435505176606526958683877098445069535620336698890868090876492328441102738422428757701772882919196 0.33569074608502594106897425993438706369096125987018965156130447581923251208483997764374931751502804252 0.15977404276977029490809404307264847658428912122410586567158920099382489816852192169525803069185569914
0.81805637252947242863923771384845274124865596605489377036627492042418902270953974604994953870019308811 -0.19849988245674494337776326481202290311219279077309529785125548853757749118927646069307438945351805414 0.25991840159004827650975099089202290195372121043667310559685882328159254428294401685452222456024139798
