0.22844395118309288036752871317978985109048331313146720682426525634773751516644885955851832079684652112 0.030693882839452627885357022983660881436563974000777475345656957229761567467378979284124756573408523989 0.12412703439365128396125998498204115859735958250594980237567024791380110241807721719995424229479943076
-1.7944894901106520677936420992074477908518158242192577534152340116373751234692688845679400077298098966 -0.73918177758202603998119763298130800841248102227588174436907832894805176800413496068967134788674897334 0.093041786239679026666448387178048334746672420432249245590703400466783039250926765460607980350713770854
1.2680711640782119601035894499528143767269583097006524924571472556160272333762796016696231683920025218 -1.4987723049592750042941896819536914313125925526159411161201941276719851717191048276459109689510899544 0.22286299771667216404090866543232889728539184540347180876903822732639349010092348519824321928897863114
0.4677557163409569620437592314518592125716968951996980135325710678238810178284355950255345369430217741 -0.51507273082539039818926695230186252469974369407473108213042555372724671484397840759930537573476191346 0.1513349053303940333415811567630423047958413425233311130469625346130682852794128104126741992934417877
-0.11762925797360054261678572685133628863676424649530049747082999566667451308089701166557153583351532786 -0.56093796255103609022808147894613335145908065693124726150596767314309066330398995496268610512759457308 0.034218385728938914037048221585454008047796417336747301683483466079030283349128158928602897987539718471
0.3866781861213998879022643958256946327047822342736576416387756806021971080005798979879010583632042032 0.52695262194843016470794269017208840984156388059606263287951750739454490698107617585579320850292105509 0.21508832259400050788711759499866595881059399219703448413625421574872587202205900794999229132604519263
0.50656423561981297590781221990017528805270216087464781153561730359791463767394166885715769276147765947 1.2290159602564909148534871820293542183021995351939567321147624504776890141023604481316020408988207725 0.066881938170737837122618662712405150711253687666822578832771296006633815766180589155115707569712493064
-0.0062536684651173072625793231455338707635738399376486551539681474622419559316660386680854529683500757152 -0.0014567212475665520470926556064132584596023460271807795526204878512612986785756139587562888600301846863 0.058173907759583461310995964560620078476357876101229069513920557819168277917001865627279964353394104951
-0.22191691318619480427374388638946528295125657388282784999752847703400686665928426155170793789274211621 0.49517146981274780612051732924691255395748416321260929907864257540340063486996667831970918103758835587 0.1380787656428293521693892971709547097423459038370939118289908672719822662231054580583295621496030622
0.20887798480258137061629574369381173347812946105130096929697722963466948241637274114418993454418971715 0.030132075972979919815600980070060922509604811392455120485369154489968895998142157337292506840777794612 0.096039304067119381105493608193788783880906055966795144885575448653214601044628592658104806960340670217
1.7158816776373218242853222992218363150219479368272283727458167553830376676238945949978178537829728882 -0.63830867948282473243854332344146368517352251434565633267633864010802516320202631284483118138657601266 0.14069663020430577183402947993424586727113259138540485206030593915094845386241092013111888053392495859
0.07942999434508879422587760984930976373520586185119361612771837251146419684603136733088253978567211849 0.50503462937030370941667074633944680410800019603083246609716763480006711155699819229984755422545083195 0.27387481969307225745137863269972094965909454453243457237732422633906352461562730889335451605227618463
0.056597914283038962276586184943689206217914501899183386348573860232454690740871858158887812035233485286 -0.47629261801978498011856720680416826652514586198650584335707655297520330706893559844848305603551951481 0.038799201995776846555469873491379025219713829218906936232931530880349829039975435122349734068976817323
-0.48333986790068530701722220673275585218681592806085473601767833578710889244068583696897789529286284748 1.628937719838940352112665510405747593691052678986682695884265055047252444852783115989692674105610449 0.17426053527385520375592893636675774696699302159633282037619804776498172277462158817404583091751098213
1.0740326342617812688104173042531985139193009126211156619251451441910385841136158652563713059031664719 0.97040727841148079836627335092986071639521484482587057400112708245801802076802875247162413214717033529 0.20667688703005187607585439373784810108037698519104851372285015118223816150260227798198029243287400855
0.84589589609836266863034652539606822481122182933985704468226300220883457998108835405885133685510318418 -0.83541702313494586484415031653974863886673176264206512428901992767210070730442457371857048251225535657 0.023974753020073144720045503340370904953914497599436591042892491950205141631796510925380664119828201823
-1.673338169302721801033030817844302270719352832972076926573761081628003883856907871328551578911152331 -0.15036808952635601744505837463424704870367221893412825175187165008998703966389884806834735731514835086 0.081326425330099697754447063531412995423277278810258335668467442288971103496914405201500671090679999071
-0.2092032247534470313073786362145695085694951037819757871534054236391692907565545265902167456591348051 0.11812027945843245301590897553983457330767363385161709580963538789087568525062555978416553449720902975 0.12054282481113034411258821993931961973931938799010774310655196925779907832676552111828764387321603186
1.5207470541609320256666055269748311791915644640274083163665195603026736274658288479023571450995668423 -0.55503328768548153992837537533532584350471359643398492261047857591126698090974606162162435946685902074 0.20603854609972918055454067411833301159774550849123705382234007544687908489846353143305189533320929005
-0.094253061551563226341888856892961780460662310819441305456847209148800636578918388072053430832124624563 -0.002702077257529610646232714792274531366592845445415424263064056526823373985072370535783367568281541416 0.12136722932039752654220247343463694157954214433084975267143932351024792663594835168206863025386882959
0.18230988196031194792891748180449807636420007860186086799217606130163049759765450199728106636278068016 -1.5477384958647476863113409098014925050972843085648956975062869595690022651954265997026106372028910138 0.191144855354747004280565876240469215009587379703803874761424640726622421735400678650066491515484722
0.022236712760061023645868405034206179954510561849189344151586176966969167716148338799926705674536593493 -1.9140582927734132081451876747530123922037000694748331964230631719797482295720349677162192810260969167 0.080697724882740271765412714043999300497796740539440553546633342676194915097735673318224944537762680147
-1.2073677037984883012519845497105322475292249010224045478088160090301194505528925770075975677442017975 -0.19135841664125773739096730609822660165570013237663849246920305848137989962818711168962085268923954469 0.055285823819608876462667375285807161088724448588993879527217449365424833189461501909326553034904117621
-0.08971211388975852977054711593230826392929625261751047789215645355537936781348578739102068891764760067 1.6179429931149369149951429515705741547844564492304791451035815999212825623696852680617331273724058428 0.03119855499526978726117765621291566346494576591394469360077470488081287544320339777271212305302340547
1.1574886955860020139976823678815450056324450512824019075823580860887524159400966466312481449360021554 -0.78243786989703964508876571863871822234786080603620466919476846809362647532976832473736921460995952965 0.14977615789700222561909765420763190674219869993642263480724257323590785277141509357014646387088010706
0.48004332263459222636188290932564721751969440422078747973426491139231663274998632664942358066914654012 -0.36531797635670867260500703008400497250053773213972711569106428658963741886175993294469085028402346385 0.15591925122287146439529795340177518389160792621807046120726155556446005841643908012893926586411044548
-0.54536740682943099319926925892385049376455758414200701813787653693051102801148066489626363970065028266 0.1049110391785947299788733494954161983762026124452999543203300422826473778196609948094558239581612014 0.032498394065565868447846041952651967183746089530449172528473665125447666336039446786204226826314438942
-1.6304951526345980459874799800173007951406389914971144813512395055477119424186445154882865178190376449 -0.34668791936866061592920080061944350722909866481413146958547899080323938513112373832771361197824445867 0.17387918980565603887370642368510900865152968225766429370660350988236468342481546277766007362022322282
0.72362193408172927413176825844285274307239159724383334492713381947752659828799221895040825579191324154 0.084444228310893031948183304882343300712961177785562770888414433536006213366204164541847240513856573725 0.10776499502434615915423328408253601192063303018437694786571780650411001198268865369873090136392793206
-0.14103154498322493579124835369260004159071393559735244723553205703112182448483177467994534171661366917 0.31447298820714775463276129681484654744508385068802407325058154479569964384139124844530910916161771546 0.04438959558290066227258206913177773503245513570573356495953569535557590385159871272654291757415922962
-0.41990370683583929006216671997782423860064855438689305590840971205667449571067990827808632033073141769 -1.8223763682802794073754269231097977207152938510702613267796979007748598888509456007336316509171778177 0.12224438246650348309396111399517507567567148104958735761297980290828236387032569957101395697931265898
-0.34973467011411276930079943668145322387927206683590296398373300926409999396169886818885975816247357055 1.1155066055170249550375549049888553031509913642221711512614624217647957454783681497886499335986688589 0.13460609186010560337305450513045498635989128465414928802707245305659861473833453111204526098075472425
0.88664458400526690808320835743980127123942054642711863936523816144891882000116116009516257844126123776 1.5716058462120048536637705751015215787876761427928561501470093038886122704233958150798230746355184258 0.27018779343385443338333005767734232072452569237781407997147477476529562736328197447557667872652042595
-0.3630184279159346355683740931077732046539949987810767301670839967199312838060632076200982780670976249 0.46818738312859204173823804399344428044920961771779661206732056915723710911143691225747084969225961757 0.10474629380326701995522759675171744231734980850837346516729498817077750669142602808164954954221855616
-0.93616671511222072745184222318981391086502591376404192109236783811801145350228618677494626229462924158 -1.0079477318148339128776551656853508625112784761778283792667057800531613801240837003903330600456813739 0.12072859832719366856869518180265866066135431741417929903540470675027246680257128781756767995899669046
0.031151369356443526382062255915194698659071223415747067640962992880199609608641397531035692445028782238 0.22856526565206719665388176211613694312929621198351533516885474745856040312337958459181774512892294515 0.045799875868439632345877472955637284761396039698012104040811492235552673072924301474013852999338463927
0.022231981634157159354146145399857524193351497990982330817023980341053533043968279690977709131857710137 -0.069778998117677197653569508469027884122763490860598960306982805296153208917972871743082139543591463667 0.14802559287552239275471068237535290048626401176462408363184132457772364742490080811492491573713417053
-0.28473103519298639158395578415533974842023458176715242439508508195083435226679488782058630778002876995 -1.5548857407842233500324763993296966905771905338675600424707044864897034816389254790673196309039439267 0.16055708757583303264373404490012677800762757914874371682118122890681944042144115129736642719876683912
-0.70052779532673730975108071457393823521483042888123384601990985174451353455128364622909405270764208267 0.94809850416009285735498013197233388208485693872998921522721529539420733008185665985851309208310768301 0.25558682819894850353697965180365970262296845552723121903317251388209135390868001012624597062512612322
-0.23590727845428170572423438582602524348197865328457881049810248231854310042209064040128756905595164247 -1.4604513885988591660281881648900307764279833419576592393593532344789373139010912635847165594851585047 0.022952224606078952227781687408044691217789973083584077142787552345932718109434861252505776588418345842
-1.8135902959795324296832049780095321583410155329237770122337787781728691750602643593723329881830644767 -0.17424459782712611773643742764636403943323236274443610944140478008329617038229803357357012895102625809 0.25957979514902655606777239985306141856674871766426290722180635413227135534265779990843141286999825212
0.52588689556994962189812407992438655209417712860958239088779596490783757078921037470976935778078574637 -0.29207333004597652667069544057337925143577885647106679117955495355773771403332913192047876586023797975 0.040787942040646744253576670246480243369880038249911015078874836157778998257484947381670921927366927207
-0.002356392289776226606707242820417991129124670120064117166401935466561836796031727958060187961007490577 0.059183110022442859377276888445573564066803544221086370677047934229598430034255861919107751804844063145 0.16791177838415844020062556784557239649437838933339164625026228896763471917779387543281897411608881666
0.39726801323312936058053150118301169984296456133922409956826462035602242933037053467528639119452047769 -1.0182056383793071112993479003904128669859527983014596214094140555936653494598865726001011762620179121 0.20907093646274564395613316668344300318364578965183872252963517605732661058004911019356655289018146706
-0.89292484827982524780072588212167109719954739583872174761684000033239378998825658067485536835072519651 -1.4983038546188993098293008657447353482522107476163751186747607316450294850113436149468989236117377168 0.25742945253694672309903595687849948312999368467069308030872520008783118854964802534284221343125594255
