-1.43471242759809182981787047199092322869874718571609021324893609727838446206918772331391073299663543 -0.76412985874425374345712073533128142676268570957531046417655916798704759686844572437047003458517866186 0.050521856239878036276737790691095138883460605582017752931885435859339057953692759329543642517511933626
-0.74565937077108047828745343471630984923285875397901519690753256282153819060851716860602910443024752635 1.8136344420537156321240247721467137696462247425121441430793304540383194008304542551510621372818904307 0.11806400496476546575576658599298545950424611224173859616160724940683919531972409094818314690791118085
0.12784242460652664720373543905493912107929536367975537510264574229918697328942916452723679658846533435 0.78006786231033278939288074763888280172387907020427821043755220568091869380724329522105683734755935585 0.17516432420292897614785299281519207915826473232695906096003479145263718484284500810372868239811149657
-1.181999650437957997421437763342941973599407616902029481385300898086358561603058551542440356550435237 -0.51669091374107047821248106926038678638996593145458041894100822703124961460269048801465665455855844664 0.23230470054688464839831333288784850404256940448930242124376822734190066187230575063335147888779486655
-0.76204160310746356894002728589362016029754009423521862930458616839608169462003981444490734926985659001 -0.0093565342196050792129957605162985177590214824242187387990139212721066749890049738906178629366715364943 0.10885254304617024173812146045560717570452386413170377806768262407674891778300577081658580795952371835
1.2941593475310566829544772721993027018432615715555854336164759138167774087841760093622686495501246617 0.71118211206936998357359724561561212035623395466803694079654236165953510788164236972131162950262111753 0.082251140082928523606208078539525224935020322342149818182350110749669701916008092978989834831762430016
0.076981616531302922098089753587333602183418523778421578989146182106337284286939863240163216781162879312 -0.59821847258677450901141173090873414762251968496981269526331277686782912177570777541607425708873450206 0.066933444171656205097672643142526674927529716901912364985999394722387353847078151747308676066948104496
-0.1039529387217943203617654950425443882179903643568748273352819887175868383665720925597991148097655956 -0.73015260200366563097092157700455442529129883987086303078208909900504407382900836961504613344521238098 0.26226162610423236409419160948305944719490291632445122585487485715007601555304490137430416927433935227
0.02210164233279314727326182088896721489046094161741199050693664412952392866482346521689355075322974646 0.00046426112605928386031445633866020738340912834745566352204839156339691824426813805769012354652303820471 0.27728610934112972248661835139733704198458565957038657434790229719335326027639656474465742912593001636
0.55059817142847532833055345332744683485673853370689291077748828696623208940475388923736006177752405024 1.3986044368528283459198016029417020978897491356648645133311395711420195199051848505204296790521563783 0.064970015734428993114871710189203744974678350558862967349159423867951686826299384435455113982572843943
0.096004754042765205871103561321707616807826571988698722846985738391275850942293429737403046645005433498 0.1089820182652330651811774988069670120858201284952061894749025497066989129200457018279241068465456366 0.17868457854379509738839944434639222674607510901042290429979421603533730660744121022335159393542254853
0.734623416355359943690365663942736691652773437489921575754518155065873373683033487188021625407002111 1.84945543678104113517398022581827497652905037739060560425216934529259868356180409458194415223675059 0.067804944880614798757767083971735714357803404774496034042892878979107937781046835190452840838129665249
-1.8778650051022725010461034312590800006161155788340471564751004197971873909154825352571140424545783664 0.24201044137717705122506786513532306889630407247962614404911212662797381942350522026997861854877146194 0.11474207851607671589288631164684016121888187021632523757324425802337429139582204387812678629293140674
-0.055442749445051737851839680182681326673466168371248913464333145163402898729720644989504654372165189297 0.17373563584553423358232269740453442901159779866945996121888739734186363866251345901661147754256876933 0.11859981193409503508043946069481642830985304704668389041409373434432504886625972273054256955514486733
1.1730489091833189758737976455073911705560092306099141718818232664650737156855416150699278102890381093 0.14639499670276426803818702954900411450642765689170624982342534621586394109273839539880016591472999928 0.048985280059201063393961750287762341636021592341653114057499298484945343345469417743872837978975409204
-1.7526137507108889461169617645433142048439684106831720818885544710550654560842880346499771091546393299 0.10518141287312349803619272866053573108657493809002003089951778995053100563333808318420502229619672418 0.25449939525192701047959163949214736494735118884918743799874834446225784497912134081875388122610336815
1.4930110815364709270039346808398792389688391078971627548783849207346091902191514558107461567824521917 -0.48835634165731438511866366093438915058542320789097060909885338498879539424105276426395640209436479569 0.13779909827533578172588173617870158625129551969795150272290146125247523385404387006926736243449399023
-0.098801835044369408273819304955998799781300865001141426227079906315959438852831662668243104118508625527 -0.67697672206503279432020099291507253287820785927367468378894812728565290713484286510983692526627280312 0.18169680559120667086566789244997851987384981172266690597199493782267783673868342768160330574402528619
1.2810445359020749109861931141908201767934906817168953271940674207246983716139839739002874602781556216 -0.78263072383095366813847619915721318066445025689385757197922348094529634515447013252196384192646828646 0.019155195217947322450467799132217613400406101361906516374605167229157287365223021329340231693192108631
-0.29838578681115522323170777683878476885803763393063085747069397054173208026380606068586853627650766459 -0.8951777794786056828766270418114616508950270908861954938000948084762004198213232749105401686427661231 0.2731322654452195564146712050329277802126722260394955167098103074459057379616479604481453719056300058
-1.4339429172391625991128384262786543290791025713677256501405423164637811885088935127362316033628468247 0.56275153435673642414321753861937410694395974388836444728188902115110002113689615763309062542299842001 0.058364535864385672142600626605454628959548266523836973814169384268901424425294501228476295985165895941
-0.53672008229311345558291332931759692840390900606412433931948161779157070660975763842997938755026078834 0.31064823916002314221192493404997395526525114089864961926783205944169300474589587258981993100669488765 0.12326617298549593674656199797778551255467935618890656117298880876328200205762468632429977489370218589
0.36642542286890629138997480901087450201409995155926487887056242376925341086146541739755708080029348084 1.209754810371123679912620335768875446102126722877147743786939367825211838210212812974886935848346398 0.088742368826836752523679305479283531352865599038415200223274175112296865538138772980293075414021225104
0.63002593112495868493085486851583230872512788474725442464410244416341283944048407955567687477689691194 -0.7292517299796929754259178565822161966483971512683969891821951840430714802363127411578285386612987923 0.17269685351944165010920291376050652781224290111776834838986457495895172270496552492665731706776737778
0.74399706638352010541510470298153379174972668435460861988229944726582076779659134288020486750678387277 1.269642570590179168505100845309622071057817045380415553893545429762765808646297387763909905809177666 0.12061120241078336580558173148008145826375524979023232635958898200792024313967827344751249909534619399
0.089988669807349979994776686460878249351300929166334368709771500305249030446779116408115005494657953248 0.036434598225018367294781186682849817717226469013642683515067609485398236306852412867959932913992122028 0.1602883768827482405267779450769129927878103904312156443450962513437318511620907569719938220449508192
-0.53046335832021905526502240563197609148055152830717081872115587464114101773609159367703575730344145013 0.5780565528108221247440227991894092828789491684390647262591701557543918556258655940693975539461880918 0.20974725928201497705232662393656973203996329147794491831604151195769505662838320723154824358801280861
-0.32559213871499124008467803011155803852160950792308763851778129908039674661450862244432941323244287473 0.32132920884097953958317825185128706475413832367401032690087386796885539137615843800770409266744135127 0.27722871607541763195938581416030457676000012264917679896914171828128936000569428473597836086764060808
1.1242742090007256968784055000337951985548835935040058847282959118636076738450722767345270585275944314 0.41235514161877265688153752171878258326315919679159919605824218911049188463980999336466081775896365999 0.024243803085123327186691013069406451310574745977242451710265403520169555546685433458779385835577672887
0.86816170041538141125958906990991412804858654472703005771077863815255678073464114783950485169978958957 -1.3246201362983207294882353156244042554514763596372969724006421144138036015629993097861753248506667401 0.089316960016958425196120417838979194479787838403186319334644739681734117895135797023746395620194047073
-0.05433410561898292776191839837453674539936949484620913682920564938673949372574683506644384161535511719 -0.1798030711471411909799152165153714442652088337832761719360517865215518972349005447804958449237840721 0.04424014860792519381144084447659519449925459595197318896857448603022824356005900348275371630541174266
0.39630689069756313970744071997497460244587683226606432278398966212068239916218894187020389929841436232 0.39759778641377589053208024391178484491948397862469654619724450652978056242466811688296093960352382563 0.037289233287053793460206533090276786020933804343515421681986918453731851083712302520087999016939659726
1.5114442925466556390085012891097315443269836088556237066071557475626855832764609576988651159962552725 -0.84261018168517409070476564145316796886087006017221298765747104986000117764709464850534374543742093236 0.19980055994341410691233506613391855971342003211592155507704309968500744011010459622811965522362606907
-0.67833859389651464475390089597834371425263113192787714555811185830658067345157895890205789801381021629 0.99889098803029296991415008704546690094142865874787409040571453618965883191631854933331275214780942807 0.15142228742695152552736775024646980999531109762483921382407335560803121951711848376746379785642682984
0.33766295458260172897546756926160285698901261791987447203024141751793076950573616421124042706367848571 -0.21426872372099614114225290628877178970569074843102285624985216211268736522109740954003601486790439603 0.22167576693520793966213061936393477238180864484231116522302603258176693531538882095580180655337481317
0.18025572476059523233669293591819942700041749527476275363280157407318783748746180576950051910391697245 -0.29787784442847073301994930544420222678073508027529531685858668998340281035908787499514239469471094404 0.19933461123800231503339722739074330210823701954826118952672427347111123243353468903949019333684874971
-0.1574001551250038972857305382589290334820253041066123422200956547130456186197644664209838539381615273 -0.13393756366508682452627628601134646422399374854535303686039478543399930336587621099335097644429664126 0.14275694159850629100712330023313663364056202284871051822240503150867229321506435093298616609011282918
0.6244372993197417922054632098411438968182461290311627089923419363549219122085458123062896687944007965 -0.17122117979482647334124633692358263040229829976431274216255157327288604981325553984186401913178391326 0.074783855792576333534472936242334460237466383361240617752752788383726996663264345665560711013205827942
1.626059755176135247488959558841521926798653914548511353637576932530665158386528747062809489792307398 0.25229228263088596903879146110180752853917548676508436648965653094782964165947272048827389752832637547 0.16753431523670313310830647547708229531997576768438857853499580110147782370917697788311790898014525103
-0.1688659725744812576152384276889161747035908075914714511941844720239937985051172827521464681781373799 0.4836159787861287502239709055725565844777935487532555555705127731006565891917013828154141084132933074 0.12468967297989427006590056445576674230087749602617062993656933400256786492095632695255807672581721411
0.20359009504414092465455884793424982670384129335499514974291017387294778248310111952308274171741457684 1.0108365991532532353040204502815168251082634387544083202476131406376251176730867436947976670054686371 0.15899727476704818301802404059676539508854287176771529952366946664475429588229721963959753070839045421
0.15992415484097592828406140799696438102344570187203237631874560321410883665578765690097949262453309611 -0.25959907466663903489192926824791737021869299363398132179880609461452149244665035646453823478720284892 0.021101902317973755141991920765027008193460119470726648156695488420688761624689384620154717859585031791
0.44562541729735262968585407412288061546694921769167718103603257805562123627665742268792093692958383388 1.0488647369678187852805578899129661332244238034667944802046872486237966458250462058495155350783093685 0.25761897205636133436642108411924124123602636998234820664811793311009273069966893593331123391353926548
-0.24986342079025411134196307673348977473210346663469954761827343418937535898302206714224278082027828809 -0.24006091775374948599181454068695989516545544080221471433383988191166693793597228998187541161029001706 0.13914913641057722305765932980549449800810772634417203532792483996410896078008701185160801506340706586
0.25920819426213248641019893547516141342343499569069462389065293711201858154488549949572140810230997814 -0.26807301556838768672563978405539087493364358460561567664852575153024790064490603618487717708690235293 0.27166777545483665392176844233893384040935384971933311120107396779792089555444677749899412444604136451
