-0.60531432235512482896322362253753836361545465827235666911056163328998778642186434448385568575135246845 -0.43291343948974572968192544145025736148389551958244062475557816494317882306324531502191461732292396508 0.10756989854565039992215798309417483976978388803240312763791910784416084332441452050489171009325435378
-0.23533654530832477871910333505697824258998115917568383872060160556656800639908384236651749138367771583 -0.035638657656360440002990239701649315651284921883794570318345063629601107148555446173829976794955505063 0.024088292412883836323154587754570228866342900381232256910908888013963244516051251490855256739701476654
-0.25492841501114108875331267702323180157245066939879976236848712880322405083008910571882964353371014637 0.016879155595508733715647772901366365925107005572458870223963692534599186777671540813512042655468706957 0.26777208230239635681120577571753919755036528850774442869889846945777764910387154476454664383764600742
-0.35082984652654071198274927414419591839511647763356820940490758866817714174842618754553157062589278372 0.97046692109683075658432792973087211764588006130751725335946570628034672307710357335354195741891338557 0.098041351108340496089819236855156387741520598925975622239097898913617120789107289713075440167731338901
-0.65134242920590189680132723789922682201489311627525904121846323334338710789514970703909597031725936793 0.51541027435852871457984097652359792347073131921399495219697145858101560489435521514041737535242181382 0.20692827348149838435293192174312293102293683904936790440423669089989751497338888074550290311266123885
-1.4316249705751092826247009718384695702465721428779722033264685404353534671796899903529049847780224526 -0.9907593863326278790095029988458086086619020852050373778069371752590109387752183963929156501528095398 0.26891168267318155981352245815017469827990031711607922100006999208701712407535478095305135261382067436
-0.39082558998444907419163591011782133873557707271127940572089854431885550709685713306410255915212022122 -0.066196648989809413898789751478887320433102179149931570515417913681060054409056478655621599190580918625 0.13850017428825566356728816031054121800720330947947695832687015530569730738562228368781210617555138571
1.0930494509427947324236471670063650653230844847633722457692188080671911923543874636085436352726316754 0.85218780259567895767643107134316045441407751691660345183456289132061242707988679405064720304850047797 0.2775476731653635160518024628011618954740926578085639861327519073767709664431098713162985341171906594
-0.32343018701933803613004342326375448972160102164552293199889283683709555409722682085413819117030293834 0.39173842425104089448026568109739330288220449814831977483805348889373334838914667635225249234900998428 0.2264579111789407169124857690058365104411891244267084703885735631450092188357245989051666423852452682
-0.18703706578265900265021323434220604241975367759750557500696647275134718144292026308566101826208078522 0.093950064425718216068118383070501832669211479122470442781501790741140798224225718671792171977561472195 0.14488966593361956703535786800140633366643896476700839960601230040565174464215078809065777311287457668
0.04294680603180420088227853833016267259950116813342435269734846280975812880381517573969793090816898577 -0.0036258571616431256438190910641045251543908541787473400260132876270392782139970058765674200875447335018 0.19643821102926622155059503733243116897935100334076254490876786111841909611303246542383353129903757043
-1.1600361859492958033070143524843561077014264855136698460686099304568342855612434999085047184963309001 1.0364162922609924159533850309305220582474182516363581780660875018780785320644171243592954402571752227 0.069976269598589688501560394378397537134333027638225905544917619531374684464086021657704456085568979347
-0.52509836861732012886938427248551496751970947031737321939178842005100928463797044962531872921017431948 -0.52184086630365038531835364452644645128084498791995592417639935641480601593115315503771132805422847285 0.24339235115367408080632858198188287449268737914053532486969632817062292663718999212524403523696560092
1.3532983340919318788190518672480694943963711844855747425071209654708605292837433636768284415938723152 -0.0010521295239114782182770168726265904029127375352270846828298785515207969932862318490169772205805592375 0.14300817287516901679750908467034478233080865876634987557688096035522310212826288272994217554900856779
0.15427677240953407528683235558876375274741175663483653774431757226810209548034783645783996553736957511 0.16742923108310166418064667215525112766917151735728058284448610094638368602368465408883357856911811685 0.064323610239424624218510542834076943851769995983548720770305721412882199707159817549021627373323086355
-1.0042316895126099460074620252986648433130812361016139559908784097369955607935935685093060198152655199 -1.2904342469113179456366402017232899900403158937410009389927167044429696436793585322174038882346511736 0.24645203889885775767897223693410995980295850495215844416868396476336301524718671237144249017088423008
0.18884724172827612563049677825656352242335695719117188086504153764856142946521574895265651300606775972 -0.44181760202927483877770215309846804129156376318394500068257350925283656016841999654164709529819114298 0.15807239096418378915660398022522446189113012821122502368007298240361922251416728006611851372464066268
0.25322493077853172498219180530218889173136620870333962037219832297504088568790237654980359538138456762 -0.98257031787016893693831205842134102595462037130003073187874803112490257789015067361661159338245499665 0.042796726181865439279867783005353779400267606941363893014027563211146049105231980126675660645210064079
-1.0771148032125587506721611798998204434009726666644580445846683690565590270023260002113642771923609296 0.91754243276506109513855291405749822818898164563325991100460019041115429531312638641968049848608378849 0.055936104987621756450999918290377647868106406308170492197693083576216210183070117443668291763111394759
1.0763357202546285133780770021435831950207801098338832592190872716524716094964807192057166123993762283 0.88493034247345339939521138056388890751282058563075643885513959131008834949155303729740002506627504423 0.012280261209598323250911591656379356076824365048960609009172037693348110816217465398685641748433415341
-0.45653127582636577368580824024441545968864667322323587905061204891107159344408422678698222885801780067 0.48769869028499249759071077842194633543085357888639566434935579085383692319313529326970829866116033503 0.08417434155039503066269991960886464065566134665881831446370005430855231592412288952269994309345146269
0.066922701068850975923341223820007177324105904930945200989621620990868012687923345105304418938453280332 0.21092818647726130395009799169516803549138228729976042784244469113545118317337464175282887687855708403 0.13919581619782626430297265638105267674860716123033904390827007848746778996968414680423054516601549424
0.046751504843538050818905963326871056010189164348229197336744337811053489925169329460331606270082006986 1.0109501602313852408465294681042375205408511667033685361528650696058622310096602138977523163588586588 0.10083236750225725200964418360342660908336744106670573515232141007086590368401583187474661446403993164
1.3424909425162382412824590885104165419543684226392303889546346135452729929082016643283409623344609917 0.7661615444964600213529273506843219751855617820195710115580548296598007570771123356691382899471359211 0.15141482273877824482972497732324998643959735627611935414493129405707233431692123811690968487631797813
0.14110869369047726478671145983531538849973079444389640327585572061278330805671393272504343346743831726 -0.021195495414943622071775120073832262679461426254722356138260633141942096989604079228818742527315224763 0.14719106621947822034640451895482495883659517985560027616022552539987555448299477612096954869442346468
-1.0689864142543543581712351788086355029632807909082039676948756402172084383179677697558687346515886928 1.5665530028048096630859020837464871016690912560190675390598370828258266273692260958996897548569847149 0.073768471000467336895946384090358772117950142245417802932453727449902458288386051825317269956380907652
0.5950401845824141606254187866488098506408090966638050009715523643493390209489319147641987347134082575 -0.62898097766162748101661027270666723322325895406795973212607041658593928795865643285346392434360443319 0.081245770274294781458461228092006064356821130843882486003976108073130099013470879817566900289093708746
0.71658156240187083768525232086124967308470809528560938966968621555285576388129148127944814933405742909 0.50802838380227030568965515878251524614229957047468094734951132499447804411094158102173749382249021394 0.26296157232366463414919845815206245395162193127108695771779353200996882825033227253954425690234483931
0.39831132743207467291673966694622035565914641162112176970236734789457934383326421799326533501000343549 -0.3032353128221257186284224475272503766582685807324266410810611475274908805844226367513653175381343512 0.025767291499657233550138483072277212445830667427591017920189785936298114347146459025524159060382698243
-0.53209145295086407154371515910098210260762263967316863920394216321420789372624070779173135886201371704 -1.4399591042178972682718535856591218677859386957797301146378451323811119288910739935440779191870145864 0.10635031932781491727524648460175950292610924314234872096147238068613895655261794049159243928695568448
-0.029633570039382017678226708116565479226119973122868056365130086320172793907331817257888191380544083629 -0.62503287797079801105848870037467725833134125921128326107547921082977153655320397172675187788465428041 0.23187502837124218758035013098645446229277320085582369727356515344294686200194625587519904221096357058
1.0642975851696110879403077798073658903409551326230607414565342500688884357929440651842462661125242302 0.027744086343040510984399234283393408925297895556127638112992443955874143371682032996246754926534104637 0.10841169099635661194742661956664377337953370350103717458035257757847977357720559328126214424049137446
0.045387333975142564661346947040734721277852943400281547723746081076491853064388787686267516742134938432 -0.045669940472732331889918550165654451205969900076878656435265696774032434618660683396076596519159661801 0.27542853391918739843363523645789380855591172367741242194833232311391239269618996591194865228275587536
0.75761821558074085592478339299238676541920046251560848455188786394235783287835321287999361675982072613 1.1584909486870715638971737226333168105137887374843953850868334584096150682967792293689155518522946254 0.22735179690826728227127422821961202385423513311592209369259110012341106587569462064811300321519655175
-0.48796346353593099539139695172932923956795874938393347224074783443100639865226473730823074549016094002 0.33181968062769531371665622736489157206622539505653880037425914428141039837852029479918952000617480645 0.18773731419041185831634164036635560533278642366372733822728566191677035199280161562375210679719904886
1.8632674015332214783193042889744467334845506345592788318335045039448997640752665445829648936694044109 0.42109241343860302225637946558163782689924712017707640674294714515953999818326376812740123960028709876 0.1325552394569737881925031968262806926075967007606075120252726847398594466606115842522001724962369622
0.2356617069429132707111775987768956396807129272138104159847234415931639076263210986840247001595858927 -0.38541551037765207427412612127850190935702744241987732560441620757563734319779656648720463836558006192 0.17445333186035773851730178171166915502850919939920196663927340722891178059962101567134264344868529976
-0.69944404067924814369955734618763778061477589544047781872230815322059895360408316606831195476039814728 0.10377847698129151896684349848881443802220768686211201306781673302611394845578355612114313133194188696 0.059390820308352059976559984148599207520967328361457900188675819011379743245722498531380333943587344102
0.3914061369571097645640542606151622728103188461176871527412843726981247977083489486527154390552332732 0.49338076267164196366934287824506623943637779821295958294334626539938245500360807570424507128669745029 0.1422544349361114773952543761601600104965036499448686696406187771849716889208040971980897417828609961
-0.89176990864997566181714016987798876626010846832246124491886070874731340331236071711597385327284387583 0.32492289855891361018963259921843967534520807749325450603187247798035934018681427080621046560486684232 0.27417361816840149148294219222544461231719896637166544486716037957169390328155451722467163305344568145
0.85448992071444348994783386558661379026411708670043924291024191860120605951121972584987700216307489171 0.38004756302234336443967252074781517136129632549891811806446982924236675445442582507605974531492475461 0.12996811679678570977817912070724108131954308530420350446255694228440575085489596895915547021892294234
-1.5656889381233793909451076558664040886824813687277005607873401787070727205633809114033447722412389382 0.84936594512390109997900440749448262264666899005613938147886588114951312537865755444868780179898455795 0.26762372547074612999670082096574224668547017020802934519376364302682486359083250580745688509973287604
-0.91163744351149950882105600703348651338475180566969539411630792362476087996911898958117642414648005801 -0.058682402296892553082117320990557049556890507552392726434522587589998184402879443538512028450783659869 0.17479550915976629272745353188190631063245500258783102405169525117310813503344309060663791540982680686
-0.24094021108240469963056521136632428742964519623534704696058955763838627969305916894313659293115348297 0.18546349111119346082159225078531792750290081967948428177698217864548568978599036826370916561955553803 0.1134844410249588152142765983171396431712133411548243411959610289305385769719861155735912701392393239
0.26198263766622333723064489875670657973831582427955596368495166511843082253742579549025529067097002082 0.22491561786591390555420688730373882587442712470253052523234341854117583834174993666650828802553884384 0.20284587835944552540060161618590594349417026052387121296719804082753918577055059196736427020580222304
