-0.86665392259992778635098664072995054922154624042310330427940454927450999398848969247674269869887614648 0.26173121547016640352745810676668790327871441818660674716750990272632538781608601341039708611509887964 0.24887577508261380589972802223415934668577739701348962965547181057614486404323815598155041617589358737
0.17120010978683951405832923752337377897237815926486515869313132915593247661743530556556838084925823435 0.20906417386823025184699446662003542526732658130106652585653292389967813902527626645786941678795298196 0.010651701116112456112813949827925557664726933528471686621326588812621084973217835690616233145354364086
-0.069098148356006420868214755012135554361933166466051339786538290018789457374258951485812472918577980101 0.35909102265228044572336294036775643125036453390553874389675902827930065755270319037259445741300320283 0.062072709525353280503785091969166400087747934642104696439741410831956308738565583277781693763823530118
-0.080170243718709451458770157199244560536783946752781406294090953269852973211139223000892562764847617821 -0.47659180121189026002750776809119852638713197052354554695533775992579676573097333596074569349044630191 0.11423199797584553242806542308953718894497748416268578969280097259199992492058298445900011436440274776
1.0205536824944529093849117576264520782115772050397550872948807464493306524379784888190128919994051227 -0.56396453299277119699381764539881288314578226396452915422815109163085852811595520219344429205224983671 0.27253107342032692238554263064830026141771620778076731569323329355312733297417676847210502037210341868
-1.3635540543222794947025593816057646110644977203244946742698039717787820639914791383897011125942608718 -0.113692862723290914995080495489904561724777627006529596270305817665503032064517096782847290496916114 0.040918978873992975741465831584215176986842805490638692903351615876233750692283493750372903227777065949
0.9723409456965459297864759115719488680130853698362999700992900069369336608595389446953800324664646652 0.91062106338035114297098015099165013833879259009134844626719798639979996943127060854436940227055392814 0.18093658524574880717679381765868417885111436205178927012603536106610816120460035894177930521254999705
-0.26109475249133223493930929713034847548186231101780998971284282849268421267488987594643574139291394515 0.82299445600933675022939902011361537594459862657111236016103275988081366330619105388960441001236226601 0.0034271498342085777864100123422308484046623489161710795773680256348277041055991272910281086554559153606
0.82777462319744994013547746468504499773677768000569778234040486648391496751090518448037892309216692474 1.8173402881447924027875727608440504340321721333089925946168907954028741516667867997646605109154224809 0.25093029428242911590696007063070712526328409859911570170137232555150024973874864747476302485967342658
-0.31845542635705120477755545297959807238144892819660566039742225931061754368614053426345384310431685412 0.019581930743519716155496377213762899430605244788795098337287375941590385947389438332020191124426564221 0.18288492712546304771765926731544011679596096268667490010111502514972430868929207610846743021317402263
1.254358458485382331654660817034392115743379909568088410597808581034906899961845521269275742021973719 -0.38115295985260699757587126763567953401264484006634430312317208312084250103560343659401088784188784216 0.14181382249269356279323405010212342613513207059566538479107293278080980981446615896882642345756271419
0.035945911640794760924164389552400073616618302085085405683798385754185025778659321657905655238702285182 -0.072095292160614742185893765360754435799088134422862798157269531391828638434720027687787954721615554307 0.1430333364989969953610992583539610371047821459663827461547525927829972540153358843405474638183943929
-0.080697337687096411430038418253821188018416399866924260153622638070352474829098614966000887702299526857 -0.15332650569818883165833797575834043668457557237218186545609925243076940818147508225346858857208853843 0.22053849884053281898787838452626438021046680513096150565273295260696333379420304766511715830225563694
0.57492754280357030006844354255602932996164525216002621222296843270076311895022170401661359300154756374 -0.9373331484014214974735978340516599050465339561699986528046481069853294236444620685150385788916448487 0.00034221438982545135944403421136045551700420644351822625956314820354111110265971616033094364398583285461
0.042660248255799632135017069980449981631890757959020943363405571400018171850177965886531736772955681578 -0.030673494732713150271658379988507796892580010369550989658193745221370264550572160459871912592833664441 0.17729193853861972852834202384003534236901866071923807926947347246050780532790786057802485011756372498
0.19631429842922722807316637235116126516863008894629224718747227411692851174242393211475548343609092638 -0.23891263841932066608773435157221122482881687318029095794887342402913888621961963652880834476934425023 0.011776197041342490771284746612566500041865696004219304695040537514614791351049659655479945478118822983
-0.0096407688814934066649381142948512893575108043962070797799202698587118816664155667716819050505440016474 -0.17691113105093044975594418499281406376097487246115647688674464398407799845489637660467418634050472062 0.23783694762382337755133088312027576580384642500322614768149111761260359601830171337301068837599319682
0.43254211056963790883832943536605914094093644318425261398270618484692459686492637715465651276381078225 0.96573327725425765537717971107272984820995211498796519322666125398426630227168552285174961870272277666 0.19907030250218445266829904133007544058694863296774320268844454205348298952058157341149653870454777066
1.024932729956033646304187762505235960837882257869640049703970347860210287303659571183776071401177777 -0.21167052302528348648836813441723039116639959924829070957594456201305106617012692671461284961655412149 0.21857484208326857837382092376289770241289749566668657453440264339789609658672656267420839636119778046
0.18319458675206053692661633176059135131653705449046212534722932978095156725026730267450101819045505193 0.98618009795668806671737096099962310105352079088162305574411780548343893333479785947065875430285820564 0.11919647016155260894650881274511234171583817172524033377818590828160521518874602678984994417487286289
-0.10131491439172499609657611517297599652186989203382064314646724865667309074317216275233019392319389743 0.34212165634925856095506783857020336476447302106599545762545891304016610318161882222627722290849561929 0.19799219665644157527158587715144778320207761302220557972023378996641972429379522147210560165570823756
-0.17685336546941154199852744763351105980780840844610323725627322861125282718367176649840771779450545543 0.7529377674091806323871090777382287449125082687374439568753337275026358839024446130732011855992323388 0.18074852882022198380623029923410532152639120457099391246408340405999101263191976928411694183653736316
0.08171140491635189604283083806810818080763006820021009914605499007160224917426809497898472093515732878 0.0020021819048235406926606307217451198141912585968067355651415726946530967260281094346794140301645200647 0.20762303143584632921329513228764034003101399239616226620593532002690873661692945716053862862653163793
-0.74776184754594812080814443740021250406941088412588807879614926952352555508905736039732405663425653291 -1.6104399585372884288972972951058145602186136749246924728179802277425944835339609410135343621496328826 0.20541236378519155915217560864136135843797257950316158092561792214566715475741446051637029112058738114
0.29708061869217282162417184956130083004163791446903417482689350573688585058383163825865259548353042326 -1.9465235408151012946710564780904064504847292902962095659548771899852733997768699899550761571071392739 0.27053239611127308998521357604330683466981998017847372388789107039142465446222068787083166276279756102
0.011112645341037283391904856743135824768441011954686880078747331834480851585249920101025273107491780002 -0.076258677166645728134458378484798284148776316726559347180916237373959984095311803002266825288745489087 0.25567897722379747956811285146011637487222527728354515685262707967291828993179931661759446701633353604
0.43763551450722274187370612586515585675867904774295595941680923575681855380271542078601214308860802678 0.03808666650750082998937496558634509159827379024825361961489141502985041186410674239891520604468985103 0.032923919869480230409151589825882364931240449113287111734418291311225644103367528353607871660312168983
0.0081835176621171207139046876549623049046870739411037969577000529215978027811209976879362688089817173818 1.829801212034195137390663927790429683865924588724113422158266152808833722802004310105853867113385539 0.074021068530838812564805072284140273837332016377602027349764796938899274844647442137003677135719344441
-1.8695295047964402435106907798071219341906958471537167907206679591083393712285399675663093895744461318 -0.53512471273072918911432385338391611607737895176078792925520280960655378128990042448066019102419208711 0.17977612926194054073396806754471952792342880709161102195229104410762621123610632870266067327012217018
-0.1422605307989497768413377980871586184913012617300886152577834052719727889653407988044908920246893511 0.097828790086089508339961931287487818740974582576261520903940092658043605160274646278234499760796277413 0.12951714431463480750332933109556514212996328944957869989684499117991918018579603374477570300539070082
-0.21071530237883275298297449000710119056585084385388330177626164183247249543465405540792420014903782914 -0.69374175097971623265770170948300049083430115635995916647371458038543043599813742554492556647416116638 0.11571360869827809142574228875275414923493737396423669192391002372070808650035966599541153092398766363
0.27596618584917505133872228982879851090071931467388329933968700557269460052102707077808691124673903184 -0.59885846564185789925739321411141969742500059828783758712512738747312408977797080369730133206386447787 0.126416915887395368310773014945937951236786513106182273694392693693026783008334798520742812282103076
-0.099887122204715556612045171358280138864902006410599809962286086208346593589071769357082854806342971479 1.8646866377933219580360894636003591605861241544321883414885953684459405884726740572579057412914605497 0.10306684106172608822865457247081092315115571167631300403765687982801208816161282741321776209920095177
-0.40116948357739739778976029631782171905234243471498169709214230431737088884696194858134906463813059044 0.56495373560926736295102277658936417402287325736529122750297107518422036451716216872328858639102232423 0.23202119007561281122060939926902805517586787968915749560893868197552999570832411786254466968476959197
1.1907439616383923347901811303986545287099619751281436765603785752895036167375647035931874964555886646 -0.00044240158986535049073847534976353547833015832317686969838272428173520098591023284261750908689252700963 0.091467258775250788568835783204620947560599040608268885643551079019096826729957423637171389000037630598
-1.2051573399568663863340758055334955719425751262056033282928001336586826987953008030847008804305276783 -1.1088267729556269835837565935218080569573335068292716578585002390744020370343220996308905146650906461 0.14698489072254666321922461333471004089834038573391841610866011205792592523448376044563602244439425957
0.50627476861656766598238484055628548413835964155360518679302496659254111958179757901987685617219730155 0.81497610601552524466021496766850387463087807393688291371951879882491042749443656402171292350538545955 0.12448274489231514806774455400852179520415903500368074173412881401967145261266984029718997796344454859
0.018562015276936067565269114076381119386395058056323256196784437643661885513553262829357274614338690845 -0.013584140832178923806179191559034670914909703035989395506511850591984362431182447240563951523758153845 0.161114996720132166209567166563523952438783393346159702409755933302938122766101228316969573473018015
-0.25797008026270711429835735323095180473978535308988514400309865940743450773858729904395157239491439202 -0.40306303869279835114648642247543060017381593089692157136865026653985689188094131935412539334285089863 0.061178683237908142264841350986868927396649054885410765964596526551536081551988356341242757874582326569
1.3054520873814301211220609718387491828484503344379517215720911908623713356829689582835637028692920678 -0.38733186998238361947692567172821821536481667022739216147925357317796615369071709117466177999054387647 0.20623803164191024800084619488215349587479983679592698628916148611006012382843083235040620206682996124
0.64644138249622526592734240434575628704834454727455904138337583676587272164189350911114624996188598839 0.18512808752482900550612854511785052659020210450953805524082965964426251653452397216280087979224882642 0.27782430672964036196859638220403232324074888370251689960091960490958900320033199632468404785262333181
0.58879402954131872872251224887494362261704681087521444510237077679733772442192767302891479636401626459 -0.14476845278516676863849048808626150385729737934644377464070489767845543793520607754932059527442014221 0.016204231148188282654691855480345285116347993063221403073156220320703890218499878086309538573060419628
-0.61270300193164984949097455917328687458359004271246439971077051713650629154925838736274884412215125657 -1.1230528182750650787291446752660418378820924979029176493676930613138576425276214084119520645093733125 0.21252887717500280209636035882283978056291021841322082738149437136238396531962560021113119053527483553
-1.2545902979761606505391736794201550824566803230310025855587099168490244374436651953599869248424896175 -0.20281198349584844679029474350931188876716277081539131955280869165247447132211146599007612951857984155 0.1501981682577228384909817893143686884267006116070592133398479319170910497840817403764792395722716046
0.53739865283480892153444276088719356502245303453057768091852792194971801546313526833713705334474299658 0.67526693480232999393669110494754897578701295209437398544170521745289742596919694025951318764300928687 0.14278062293436372084815467352581103866196295453517339779534317757319999231361151975347547216563127497
