-0.27024861428559377398510817449443000582774917460534468229650202487306676992313454282736443565153690752 -1.5268668327924818035109914708754666908125530931563635395145205794593391746584322442656089171665323382 0.10055587326157794647412178242800738305646572055261332538433409025750044625267884092167802637611035054
0.86988906318510748441160864218251705611891878537492975140184343206973027067700168338908269257272981401 -1.3892195062479345798355313151395927860097162492415838261696238667446558839270991120004086085607455416 0.00918765957943086186668740734135742117047547579731883901074619711113332815877568121579505958301666574
-0.28420493925217058183403383130547562941162283031819330773697923637045812501428613467847915393949445662 -0.75136211037349039370873433267158565856843545422235140085240569017901483485392491557921027302190171999 0.06433985116774638303128215956082942988796187650511254432917072435292803599571215519472092018228068101
-1.4298387542100773014203182932327363467294262153086276869757270965965755646141781784220867867333719915 1.3504335528440452658297029062548104506152979867880535074455536491930461958664747657485067391221415604 0.041662406530710479422853454180062714939282232159942164850960853616182098300989747437557118857472512587
-0.66015879170961871453484489732329398194973818230147592372236517696343401751852748321377544610516784745 -0.43917715412671948124685508120510118704612848197532373407517110082055111298580204091018592619060765942 0.070452668703157051255073917624991929974183553720597953221453569658715540603849096425152394028154412127
-0.51701741117544220224365678315864234523676632236167451322631542717211929721917240655005065701241680794 -0.5280785984291411766456230544036208730867413621818015206968233098433950476389944791812611841925064676 0.13913206579415482485179505395791889689944309916584882030204212589363654181788271042838593178328716317
-1.4704212124568862920805462938162518439519777934646739138777588920405348685769470120184242553454336947 -1.3122040500034803797394258725412777192309997907654974172234963281897806859265987466776959020363447943 0.26503613465728567895908594088481558804258487047585827675713175965215098766579450084951858029143784853
-0.67143280278006065445664435817332983820457370819122224068363826390759689815518686415685029168670803453 -0.15213825969156577872581947703565343226668944468167257962421531582027105915779050831519037968597099219 0.12335347921110322873624002661768141566759385611510766041356589814380429402583119845019117668361725227
0.89534506471634729892839061167856168146253515619596627336633992895674527396262521979256955754164083984 -0.68570076597349387528555808816971556662791441757865115470917523401766668179713201715498442659378608861 0.25252506994923580827288664520228793766179664103714357263837949156910975109578554811857835640185829883
-0.39241943270880793256958295201154884300042743068611963287643434686772692197977664181265119904298933442 0.64538102164994444902915069655656122796713861500643962237392093427140459732111371051098942250915481379 0.20732881668955833913033096079241167770057817429470097063391819671607381601964488203278390451951660919
1.0692934961755161333067409554104286576042819279969577868079110315120201512894892599210715984433541989 -1.4412197478943665173093971092306097244543855154656489695330711984426907328157214272007569363259511937 0.26914177429486221427711712039136478462272324281807032308858526629230492878665690263708518879417462194
-0.022052004063616352073264297900249276021640691997150741663967608409340656171946670691548120243882366958 -0.028947733017176814487672835185070282205249477029315404134496638948425827179336458259878133138583704344 0.18597266370795564636089628005043726924630228330602996187735926739408618409651243952259964573455525629
-1.765401175229338061160328256658820105187187822130395345064883903544287156391030829655405989657361112 0.67636036277448448291994766788557130846549431948354018078265260173962610393210074257819918239439962152 0.23550124942739941715383001887915186620301097263667260369227701110313752973053363836648755295265696217
1.6424728998220877375789466512066461987710838523220031660869928547269327485224552735259094475045598243 0.72692488194245713793305825090136441957697254463277354096972634525286545700035125412648403960680984222 0.010167154970665707536688718087956759475889155992509616895743771678748280809447351564040734675664194863
-0.21954651291918163215539075619110093315092347842801554303596793207689295825285361916465896433499232917 -1.5771468534734528572292111552610586536251030520773028243724225965532712822090276756508509970758105883 0.025705800038739357429013625127509056629030672410562881915334404612542955019814709570052519036656302381
0.47258429976439978917530275156623302026091660426286293856168907068506811737706793144886991598711692651 0.5806695019489362863837415366679398434835732836511899948022188700217456515415576609564339917856938811 0.18248716185832667405372744465853579691731631258883091044300394141009786145752534656753837169049720391
-0.77556733341883526059888075076627086542206859766308497437239294616582283199530682689896971022679695666 0.25755390930592329898611385157211122855755211752490231869371937212438102402088957097327597905307560424 0.081253378018476679093732431486091742204314242793613062573061052991502729531085831811612105517658414492
-1.4498707713526737340398055473664101704894550111679026959795052300441232955275868607524548097323216965 0.22804346808158619552776669978406612953256827313406497065130782683592272541722349735872621579115529017 0.10377313079348683661625941419464141792264642957312732123435308506254016996345525671753556657642133898
1.1631779940200980266392644203026348500101429316648191130334545194209248918804905106002539013078187666 1.3642157561018073617329670494635638799979131701305484422360442119459216676988174428585303860946953189 0.23241936965007452888377594872002779412926687937157248829277732491838697812331890230151493570316384384
0.11676375046120832606128739054939145659710385895763990885119689811449938290324441610973539664528452969 -0.60050330877503066510983070706023399759353536268071067710255100897034191561862838810636550850734269023 0.048746580438026664946365671712725384213730041126307773363158676763185645978998323500875088925314536093
-0.062287384374033675420835782529017352396005235812616265216228021596917564335283401096097406682657785727 -0.24351117499431778775133003226127079554945526719375172802810912655385661864760213284075344914293408656 0.1252560181174618220541188961253841342083926142537692972541031592917496618254515585987195498684302103
-0.45239939820056223258783762471630443551734822114997710829519162468376487708118213846088370937703293092 -0.27758877143512216839052496726625950664446603523740369201641813259183031399410330781768648403669209913 0.058892002236713289169746441841984597940538518263225056524450813378715148488602001870376533381754715939
-1.4116898475595727628683701593621178665392681388537639781311047517513598114588312908873960218248855307 -0.27991432496838815764629469147954324377615956086567741152040191168360683232814115644334838923338847084 0.17238740341678869021738648993787561487107058165414836463017896092046494770656384179765652706843980965
-0.30982739429347227590961633551022587558726425694153515065408233033120438684482469238139527442436836958 0.42556786506892539582261871824471362700089316044275619970010023031151430364895475501331217917361882339 0.19414559114231460264090567412768656813062583711086666747792961365946071329916499966627651257337673354
-0.54594854190198953738662696247655145284912790218103974496065622239089280190652795440191405066093436167 -0.35375901170869437901419141951289445445747960994800490079374653531252201469791366097290818958846017663 0.14425313356384116784706000333157695016900275875994481708263577665679355512254285219800920820877189948
0.45622070230606179368292299125601751971671174212542639668550527774416805895089211685595698302908232843 0.29877983010624523300993262067699774448108578236212168456902989654776019391931878776126895833011390304 0.11263171677491688597204806477429430242130078118760452686971705933782419527880771719704817347107148483
0.027363433234065924021339551517591193666803369236607865126350413062696624380546201319500862359290786655 -0.027551803791562313719989209238760777664471914955699990767308454165598168862491067648620809552438121105 0.2092171836917700730733988769835713890086095266020263124270998287980464651502873827476675513635002342
-0.062449285805616780495755350498639485204193532367783822056692646833607300353661697044062674003360696792 0.47934466560389865168095955064713655482988744719057664748459698890062394570781169257616802515603267107 0.010087603839167716708459472290943658379177112763825574856940807357387561173077745706498578234938817379
0.53530228577768653060852463202598520218260635736594387251607008629473354606934805371397216932108512754 -0.32903038565833172461587622003781237895867156864341341159729055970053197205183159295455864936444516665 0.21717514758374146617277573530384764052375930907442377756803638621769786036709162038791610028512061303
-1.4756669580708219026161922522662957446332059847140718629334830926057998319188459135505442788774708734 0.9664033982864329801103070394625140304911183287281791602398344664466192062918135228403412972183959813 0.019889285584163560296778483145224698772842551662951988949453701097299969113844492202484158059505091955
0.10295832164290797137833370934179938677903190249274784572441525332031037599755889837970042787322652462 -0.73534496848879524007438456881373542747297114705255575907591270103063818417939341441067382052859424174 0.25504235075780078496722734385457212102873625800897484506894433260512583750783838798076864191871779146
0.50305882210160932624319426248808151283141054610304007658055036343197150993212598443400533697482644189 1.7581021116076670459338093404412698377699353211873080614614110351223971398402307960805798221989304405 0.08257058387374801613860152224633479357886830253876141127873383888090576359398261198466590997411896897
0.10921460468577781127001134354614960472402174135582470399311401182979285985818693623780878645112873361 -0.45178004519457699713020067580809283582665904952293626062974897092921000400268643863539754665187742844 0.24062943629216017706028571636315224128534707492973448778157900190237212803228003052249693481875187316
0.25060372614871859752841258344095214134774295212487114043178003183844330971317426365392177180587675233 -0.058201098216549065353001759415961499984915215722730386206837946938250896065676723760090244341296652432 0.048560320955096854388029069230128362339186258335296056277967973536271403402357107478375077539350394371
0.10539808905714478323237396360930900631716712960563065660964442965812633791790795448536480618142439959 0.31271969190379221105119105309852444810963598033839372797936826124001903030104515139272888279935800748 0.16286921640202704259000908222469253906262936066015088939617997123676893315247550634438532893537332755
-0.86167101515719873440900585218652518363718005982729173688136046681242237290794155329040176650231633033 -1.6372229028242150916477202263488265245356064864133444709523461153243161195289752594221932027386483955 0.1170214516569442176672405094995132935857207422383371647097912896876163385504650118156179472985359744
-1.1380503138815635570903078654789568752001926758347078304022265841860206725938154946167710199228942141 0.30184893084572869794010615238468635298257915386970121740534349781495975321414112215885301719142360384 0.068999307832122565199832589888647734582815419832335380860877768753067124711480989387365583214280507206
-0.22471574723602209418603121832012429000544407299944804526174844845604302063567739196795259625474966505 1.0501870218473024567215492809599671916365721483103077025301939554314629954301650145378742663073809893 0.1685684027984279049233233021207757373978718336565394372481038344369872092265255939664362114336212459
-0.78214705201505327544296528021284455466132298986496658063312648764378747550473144627776008421730186159 1.2823909472226686669326195586774863407599478834726800992544294185526536454994811541591427817921162733 0.070847465865453615592051139695724439754847372920531806728123332211168724427228277507993172134589115937
-0.87078860291688124418585812042265533132814237298312387569765500818451165398710682467247607034360610343 -0.78470280393461996538107975012283045203917262458671310594388131436931667527148500803632888147375652156 0.17130095718410935902849557258215889870604947071980321048455649469863438579130603993501247236648752224
1.8429009112745499351653158593826701489903642612452913018819963916663150120661831314399096566871802121 -0.70161490207841569236321389885089174577345495604633737266311657214603336963924566000940602044098614241 0.15095966864992665139893022919678317851895156041448472238420277182884377539964867843945571540725607516
1.173087835735014904012998744812826693097525336237798328870905650632375645245210494878004799445456129 0.15093593116115724798831546710737271770657771542029632917148121552780246238837678148781248313829439822 0.20428556764349415361908655275680247636599594308159128176639462483534263931021299450077858277947717686
0.0075015053654468147115884459652554376061143107822429215686423045726429772246110026260144902907788822087 0.010405682333893441117649370147870725878309155512896517727051955078524790666139100818947282549363462097 0.13564970959090604110487592210464318585960990303367737934141704602559960957580930125978135595166150744
1.1169951825980830243389067500358588635883064187941583128907327938310419765311297159249310941116759416 1.2242427807468607739761496693985403491986810679539991005061747038443837867231075440371557733909693476 0.042621663903190429387695991891559496864721522615357723958563300618322145464005751460354905955931167078
0.71171211895532422091063562911768727841878095096003336284428615611639574879581075426012136420288556829 0.30780378739663135143946250304388296423118818453174690786436725744385369149735894234311981012465604367 0.17753996566182409047791057910536895301564173484436874225737192072476678384676480812770956420216554992
