0.52335185087020948750301102032232888398566500159617671233386175826826555684716355590698333955787309658 0.43960265559559643272984897404563121659478745891000702755174023999796560173918659531583545364318709324 0.23806949153845675902429149350140726624912162308464673355671943780362944346844475867356661125352270336
-1.4956358799394435403582044171018792847007354511335012192144526702597067387625832982763311441326687119 -0.48090993527126589526756339402374292270318748836863459324207859138536476869909060916994171086365556007 0.25056692623652364405742718629132181558869391575154905199695807154542393441504329673002651877724368784
0.0034120897194222810950893349781291418312200143767164469359613333987803076320069440488474939066728109986 -0.040875205095538753241493792429882062313564508524093008907028680782680076915581784133694149093761073723 0.20488532295698101653746331442852456723111294640193103237145819753973325698298755734127867673020407966
-0.00016408517908411737591013980493859428176877623628173071026513812581608275201454641744993796914901114325 0.00010948592332821496241385740496879255883794212845622316876815919906228387479441301974467255905437884242 0.26458679057383723104855764454737141574767758958119415331936722624185829220847305238165407038021345998
0.093358604067102307371716085938451057288015142307516705683036549994465192573091795615018242224518755318 0.26056815260227509031218573063637402785717783366794961509891895991646264230134702746287753071461496381 0.16548508856602909789237951136409537539325937215751149493951817291380986801264723405582603783021534339
-0.0036769075218784893253707390614514471992141554808802266637480999071200772349958185037501240624147431703 0.091543726026977821953287936348970301027764032056358273942118536179179309428142849004583480859480799933 0.18951824101665388357947010504125522375458839893006363377519814432967304547966265401447283607777174315
-0.0064037351524969010219523882933479148027056263452178173735291247434344420616006249136649791758461862669 0.0038600854419017259345536439876697384684530217005987909651514313741822738986277019363867331142942290152 0.21006191695186953180126703480409563434508955323183226734235693621518059678856628535411565484144688003
-1.8311147555851725480249050264598714573900401986342078620609111533893036445503964304250642396457685219 -0.71242197550749379170844191178920120179612389901226861336435342689223312990480962601765117591268510634 0.10836372692567697701071581651470434547838676594887571907590900900046861088309978200915889090806098592
1.4120996249683749467521208428850759072612522559746520175423508705605691678804466658116394837625644524 0.64389093453009190314220835132266552153067013324949745122495216836495908402136442320205771734474398506 0.15115849248471699218569899015206015849773275987280721008643111533838852932570798744051632850058327252
0.98690056098784898262970213171315552786319152458341273688527332229046178820950690125620116431337041952 -1.1190490813477259329856745229859800655929402518131393567427679522463627107334845486936263377862239993 0.13491136697926898936665525933625767508149108737801968294998123541530947895621454372428404480580915819
-1.2058060128706135120984364682842683633593272400321093174600297097046492962704021208959634320463867826 -1.0016204340370840402402557864828925637491059123030047552970889025136569161642993630226141394651116564 0.19225730568790552029305300865016018326595874950575546773742667987881981407914336050153343654109679136
0.8193412133647305818346376974839119597911769992849651677209911207710039841467329162417283008108152938 1.1461032058504504085034074606306634058318820329996007291472898299460020900791191247938163631923082328 0.25507448652280453798569675431273683835370515115243511575981155429388688549779027682973530984295700398
-0.010258450040334485651549188886390021916548977714198144052031852451975841528212625797081027067603344192 -0.87003411161446668302537907003787623326570115479138255905237925262574470249752542933246025533690209979 0.024759101802784774495023523835050794156502948413219573260376538535546629314937104200978929539301956476
-0.17070153584403979353129563428824418997124802666439898424979654898998147764901996835506156601201428386 0.12225798743619502756918627823982868846799297999409617339254929082587046856623015106972380039485446531 0.20936953090014014852590504421018249999060976212513457745009779306687224256782439189756791743504017238
0.76087632682001545814727832535193514655778555929600160568986156795690918737659398616982259674480181797 0.20611056275273270211411631609355954688289133593358600855277365820722819622304835078585885213134320283 0.11098574886955912777926335893441879804293666624444944475336813509789956223777853792532151412434046256
1.2672149899864955089745494955218409907465296797186343612449729511131422245291093632091510164465765315 -0.78364184778512342465678760191363396925720414024828617323339545310426611782559985822863342998247505078 0.25139061398849179212987011386997992924026727119287342077550588855588090521388130790254910340783170522
-1.4262018759085684512449732282050361045515210110389727957889665154920151197336032149355151093973398696 0.42792873463501358936398537547110434465261722117011231567903216548957519068219174967739518173679139183 0.096135565288679768269694839615657528099107017807964163259391724548459625648973451036359061681825973975
0.071701769457080193604830055356849532447473351262302462323143023407712318831969860888517919130372461639 -1.1902589580554396141003239896756256129337006303602552869213049946857297962200181396638272112557991506 0.18823881749137668532571244331048826317967752947018401981208653990959258741166137758367754697031261068
1.2342226501986014427275393093386070022800674788360429703971500665417072077207378124240810402148990073 0.90018269851188819214459368841345180718834024485101318960744317339852226964554656758974625945342719299 0.27095843049224939359020761136185289203437023080390190636538942620643054295134028043427980925037000879
1.3164505908748406134198005529346260372652971366269409987955260995946730605808740877342263266839302513 -0.23239233345227673546716193271581245913451568788533962367198048440770315728906922075468964887480857078 0.21581453929291271213675239451600431353137353437486814924737172237549564259841629554700229725874865758
-0.72687642358152344217723211711064112470581172459595610125808381963029736242718427005550332366161050181 -0.3204256035165573576671569540652446842838303083453387087458678969268034630031199549168509707916774708 0.011074983195454324279663135174415841713684394235026733782664056355265926463124171490934211843597581481
-0.35254708876908131651846834783428395786668847179691177751348302017489540004785426398521350301552718541 -0.024014913711504251427192629170616945585983516976983565251953611343649451316654024324498810670457993772 0.1832735938653168257568388048597229705725129224208300187401235463317076265589064790242212810791770708
1.4114005883710115314311571908464448546087179492709058906108833202618545528415207056589054492931227385 -0.23949271973309309637230894893346295602045935992796321806341872403693680025996478723073918868640584487 0.062374640862428626313305837117541548734676082836003700437490937799011867079937817590363224422740694234
1.5999658031776847777223305867041468729079135916629038535634367831721175107920582721876270802563729394 -0.64117463350452259988789147247971882754404356656950616795059833796306714821608586936908956139784381649 0.040908000276566809327557131701735217563216171296188604037373542671453122249349404716247869928807562204
1.7007811474506610262653866923659735335963096259026818616391840833891244585307294490998386323862245246 -0.36665545030057777236185801064436587726129658510459378890528339834292929490529378180256768493224733276 0.15879344168915979870025110611091039519851977448527684125387542957434277682238651071191072348988187685
-0.097016442256886134535223745173567569987084988444078289024447826829045184011216995841001269112278299498 -0.032972290808870256675092205715907869661956499501035160075906445099918015294295485068433424357364904407 0.154094580690363529621157240168253521997327189001154152665180624010422822840951121308629550604084779
0.40735953150732785559238743154505927942850615937862619548794689472356732291727847398194433645174039329 0.48001889717557040271553566921541881691873420556512375760214823124794463053120984513555661201752681401 0.24849212739485090794892268041731881781373522264999162316762291887341388988604336104874740665779859248
-0.060962848973342163086455129504654173414241078083641433748318395100232641192160707971382350659417604593 -0.29445884069477200249421540725122660547930544539957556605777575153570019745481676694188535025636272254 0.079432409354476182409750452488024910862717670103488702196304594476804981445333146500957936673028379973
1.0292110692131382067305678003157198289603080763643411473563196227996140489031759916565130024692657257 0.95262488292416647936673159416672186234703359141768892665168530613368879360286310446819169571126736714 0.1454253885714591697412453307236818232638990453637586128058137078026699020662248325275454035839390207
0.4284892519575031345651437308688638312021275029178885499773615126800394935673827838114950820974079517 -0.43509039146068918166851766226034171985641338563720326910941398774801530704543726747584080974523180313 0.23395210426526904966139144151862841128164578490946172863424169857796774113365951181338658252735548798
-0.19669824766110259964326188899285427009426188021396900280755654055902946226561238340238394049217440412 1.9818009440046247090844165291900956723585456747492451557850384512795243025609091763669734774501654 0.076331264720954749256089386477034146262556997266484718513014730725771389307296265733886088691803819867
-1.6667260125900375349126583993140535673950457730330233188338884670517038427312755560473726912274379072 -0.30686070866877089231220151189167450617961761213355865508511795447589007024268874955441149277672346957 0.036235571707483226967530495050428110262021390344109256320745827785330768336804757448419898449310131829
0.96232381237473770077519858387989961425554171176863914560371606572070111294892567357201401803592642504 0.24583084434916140175479127091601831445659307767276466900323208536537836950293013514992794649268196073 0.15495152229890009751198658527515362963612415177564377815478399812024044059953096848644559434542398645
0.090790938734764241499860485130643401134400036695600896675842030566344237991619819566444530534935492821 1.2575600672006059681247347728203612942352566360576114212735838377724632345696398688564451207119628857 0.093663202713251600933705167018516492557774798192648170047108348221742215353215283943702317399022102584
-0.12788956829105026253460768455772708261132268709645767909841361420180419159115335785352965204129026447 0.16399233195240493618824731919186965014695672184633366257126610143446950003630976064216622713240406676 0.079444732138491413935098439493778759739144652708162069511167762375659585198434676259028054354681466968
-1.1096447585025351193762957637034495502678211219612112413282614138748306973491471467954611655217714686 -0.32547647147716239137099715122579219167579078809981605415766900729782201435575839321511940398060003809 0.082382759647534011353316104069162904213762877533447443464540313486139940731305655748927064617342809009
0.95160451793684318271833576134914525810356037922522511314190951147452334198484238767312838340452089838 -1.6780306022939475224775770460159391906671898144518100002250526426433646579269833654706347510359349475 0.025499715119441490051432325528244756799404526192753170895202020828483027943524294693227839615225338862
-0.29835177064848685138600330701856713923040819734962112533145707389029436211646502609773586384132898892 0.28106139016245922733230774757650092834642623735413850810326729408026017379783107737755758734248335428 0.054125356476682829986366958383812530331693240842144061607234330617321618946085562823520000126576746179
0.61411098190126796678568177371477341338402724803555979203537822728480718693915091411052297719705244121 -0.010180073255824380035284450030252928128612225163055768021497018338740891166217095862065066953637529152 0.25804885810273599781411527387093076502457407580244853472688140097621327028415526429458331975328523101
0.23123562090188791410954062662932292616326485576905734928151949929699366655470764356628467096294950631 0.32664071345460951168933334791731648810501799286673757360055564161424236142271688750385047945284087515 0.045396453503347774811773708178065953409810027151019394206771354868404260974861291138619603951832293465
-0.5365157647900992247993500586385240154065653833281713099863115279559178379422796358280372106732923029 -0.17812883608153383203185541778073107312639451046478424654110935302734132381204382304847125521120137577 0.01204449903114422041182458725691007554638389387807378733587088834885613147625448015666163684028855542
-0.024367883736640461536025729187536643540754017807525300045205282138009422644843017047297528441819849674 -0.33856864312977870950121022357266853427678312033046994252953646809322701698027912682469481214024982555 0.014739877731853352981082604799142326895549166593511682989643491286475876126523182961246827239184309915
0.8051547967696872153773038881621641754086306493367488410333095139107869746642179668657175233668413489 0.90740697378494995060417857743793308145355486341858708051800043860437868588659984069332160789131397986 0.1390122621377308042123690831003401918326710339661532778191237340989353597416208364481938113133699199
1.1858337059823929382925188950521913264790621316241758022036532741378565222425864009227274706852051277 -0.61197258675767285614705160899222713999767052588590289614293037452633588047038842476150311387143973102 0.13154191344610129572519788010100727764549800138547628548587769444128666466237261308385745423914585153
1.2307228370180847713260567602653673626531404926925938302938827084979120584667315693371952249631361156 0.65686129979450770884461888760983643256441859782918654365200196371336169715335965419874584919685727777 0.13689942019194557451248145198061560634987355931863639415103395111493544775872369660407852888639450334
