1.0898267203623977080093926185805349295334852636813525824465588405844508855851832939192548164760631713 0.73634681227098361660330599400092743310112770250789853728486344767999889010430708012724820808614298672 0.050378381920320479434635794188280078035484358173996765341148219866783489171372508729095577845561916273
0.073796850350338439538516881181741592642948601504185201352446926976217314266539659207982574309826985406 0.14586690536168724825659716819619506555113626273798132832190992068714077296246381170371991967744253107 0.044533606315723064906205369568008794884090684062961996852025169517811732598656847130478696879605043068
-0.22339265040483498377266779309480335122601844397983517058121351334896367569037418048488261946353565922 0.79970604191395644426906000931174729062492653422601900180361247643406018713652287912434422893193670709 0.066538755262706370841422339221279027570563410734161843733253421203577477731040207240488812204414972374
-1.0556652007432625366882057126707587818714247792309222089607213736003482710852970353719351190451191556 -0.87847857688897060525672573692155438668973583504864949178027310443524683036662852523593300948975988579 0.10275257865766117520266089361775990101506927651757991430384295487116945499521751912428722269406747837
0.44215802014953764215096746307614765284173359913998647547615972200123107103834175814987161349493310788 0.66868873462217103671739420228180613923794271775021629516256786065399377702669752574166462929581813248 0.05940049576495420984791435952572497945774075852968038007849709094583349785699079418068064758241332221
0.62459987037486112307723959505444200522932639487639410780407513837821072848568591862360085387130962162 1.8586944868187652777180121703474504688459380747251150057047098089493316190884806346580278585344580159 0.22788801942143254539055184802892344251780866821923105422724634432435499272723390540628607231153075365
0.12299166403460839161154577864920703733139222050663530470162833270052457178962631612987562408912646905 1.0537443678532581348956043909376439254039610322705808468959930738058766096802224821125945298510022912 0.27504811481708332640453919455935668826229592375731532057450059130371623412344659573357816603160173809
-0.65929733532878792491858578345910026330623163504703657021366624518783733060602571245158250927115104787 0.32306420970937861015152873948883615805435784527493080452320792174371458322640112210850083778859366821 0.029085320068458991891611949035004421750938905246754928009021527542046099754991881986282390685775392826
-0.25632215037419079109764108319786630353272233181052748873701934950665403485069677762600411634460676193 0.03829230273571490929671784742118006011646350481429588958588099605763507922065172380090259737311385877 0.034007944235950094830308831787911822349453759287012310641082639382776908324017125112797576780258739192
-0.0010481299571129933248267977442444323099405135390953705730893618531899207685500892446101722792569025938 0.00037650514740279392082832612746299540681982753907800675094304126467292884478412865748254449578744859349 0.086297910447675883138614761704394016039423617482684314844478430194441172934275368946792934822520347543
1.0089929128066239090755015284416853202192241485446003979384548543141206789416504364009791537615255612 -0.98598828403021148485121886766599538446238494419118279415572603199431910191700757176509578075679910282 0.15021561661095844297234378419365368205597644215727128039857557056643250775212549011339554552546354203
-0.26805890977570261400021735980229101566423818748035955627064517189285517809283149449567951842438412454 -0.85987461312412925440278533362285147726704637927925811607889929328242319352951026504067514088023050509 0.27137318957179111798081990198961758984857595515418994797931867389123739865198837467501310985224436118
1.2996962193594347501381324174134383487558912766781329562044587501854315905867954906657829230901874465 0.082529516152501245229371383587248389350357005896769848651905822884051111090400994136122822866477387032 0.068206244808094917722373849618292094184443458500135395907044046551165879941095619501785947672438969406
1.0521300958915838568939844331667439450646787322995064318018500929893760151766869914187530850539303956 -0.43946702442589783071707815169513359108238110694876088459014321219825270898796062668093978732245097368 0.18372885507208085822449027583146181637221726607221101497716780575152179549968985538487568791472557927
0.47808900599285197043691590940281526460551585420702151911679010450080771391708578540249841105699896747 -0.91460471704029578346307741134584924194600684999458549592819053556342591242958188933673489163257829726 0.12160687174577136600094679990384022979298828222162700435568177703685203389126819215697040822429915134
0.17582229680765311697617744480280403107002050847903476935144899510412958486109182461922425756186218974 -0.030384596395760456757603376806884566484560535851783041198633149523197237179962685905168503649264007497 0.14738243319671914377324671805487734115267906143918273932333204844138253859156573791862027484582838662
1.0311480543328787741472365150304212972104798306442186441596758425403793762240174747039723013874941013 -0.46203793620609598777954160964797416635764924532238342264992624031388365414348009811018191318600828965 0.16111059979299012411400427200158231957335294867204577898389968955384348783803899612854812460106326303
-0.94524688160637281435091591180648232505954109577487901461787151758133211840167293395820547667384459938 -0.56546881719305825062159797164372485187715405338277167713979588635993131355245375678856446650172665586 0.15814545274416492618550792896440827427711745730846570296780379539646209083197884488388029673066740588
-0.19905021290830362191923785555895285770532896503600266244927719093176822811232228905240203996825997871 1.0424968542578858409433161105967800284336056277213534121126698199364220192908304380197896337318810747 0.0014138940276935830994187404741034486759855376991594747751141078594971251178384364267200933043763661986
-0.25313893716428108264879585277864036755207510068580698668942877144243941413841372712972255456510266035 0.011065288296877213172317660123468893474136894714940117348981517762269901079010241734600678202474675451 0.023033373033010312821260262335748900196825656329164277926123224765009925522555598410852873903776081341
-0.014007580254040824318507149214514830633724273519467695229322665528191672687700369855409005721823454967 -1.4792858070797976456922190291934381305087317121444015472879514878343005671178074800733583151100241997 0.2299753289081622097779880897155724978404735245710035207900696428875962242347539258116957748588524204
-1.1257001245753226899954298702966254644164485543337373676893072701434081924889024424087150116388333302 0.074662577754795377887403084098435021923791213527690074007163449339901253079506305941093151030450003453 0.17664285022790547356400910892547143810591674338919198547473056480137624178090960276291305603224640976
-0.057118178185745203621476799343171304217857211183289241461371720307898017962428199532771381231306926313 0.13377995545367229562183126832064111625202028501623734226776839152633875003968595406567507452356201879 0.13649363988496859410391970200664436444191632655030624218474029627202349733180709008293510752346595497
1.289270227323598826118527587396496879608345889229588703908379630084238640776962432879165139041371291 -0.25499636893255734037443944487633203063507711698317544515495580485706302653532336520882378783712864051 0.23393416748811669468812463538489480192435391170710930490291191578795090481307296924240505894832083641
1.5068146476840958144104474813906381323147901493353951168701382033244948885265728820776973138180006546 -1.226923226097020234191013441908083997252737431375848996297591220498962469481172884653313755156710704 0.023389710231464210544123429922109602667787800323705833971709999520408134126775109004484761942977352557
0.17975441343228414659469361869359122346030441717474891754257511189081593137835959010106384350542400537 -0.62602165661519839686683116559925748969013335679705458666396871867766817730835472997224656347609527904 0.096630800574372988850329594475701363361856930227040915918265663927138480202773104763920980158275397088
-0.1508403233729663304024890385978208995161486639763408895769613615060742203649168012568467908912290109 1.9352612297131571180794904138500797947474166657808468642939046449925884186370443118759072656697024677 0.06207518545861064643191624539944264480987440533802564399917927637562331047418770545419494447022562955
-0.006664815596255158942903121409776725537621675996501213361359997181901586934382594959798743284881695367 -0.144607588028145473905831580935673630223145980836142924813505729691725537974727768211911792896193457 0.017799317572513637334818139642293426003330903794031287678531756765851630704087669458436764649005910457
1.38115437890532797976149370801895071958889371832184357857483029910365765610726733570109282045951454 0.69820269440101174492178983499083771434627693441202753831590257958577937911161995170564802732187760451 0.13196985548483227892485721242992989195442900794838293040058221862074359633679456485294679548613319453
-0.67376328319968457230676860097011303532441493672565850265160631672208488971346948246853613536340196857 -0.58315607510361499978633123773484239537048483057305074912570673712636857241204884323693550343291444304 0.19049718470234737348319280982544028359608178959242486018030082054238497193059495167632871363831433984
-0.017299645053240933969854183925047002632927964962751166810530172756335405614098651963323542460082973203 -0.0058551232805473360485082372013045246988737013511774779154661824782914586755984924620279681157192393543 0.14526346795547261791625895913434756921221014236178107566933218697512189673859346349643114812502410665
-1.7756228367179471384588970953198340731317399992389421791336261480940802267239652878581671684318547118 -0.28954227021424941395629350024230062518436579428113749916864969536874496569376541561602555232317010976 0.054847805045278644357512063853238770766025366088597472314786398132768596299463596603535729961426743699
1.6355069237743227232170335130447792918243485131017894312460188247021868205821401182246782739263749059 0.37844691015828292634806699127119805130377502280668827919255971427851757349524956441943127308887050789 0.016514722940223671728543987192632300389439436795696829793778698318280432236768349194954282410975846165
-0.69166272382382672792589300990533677693767576715835460651906175033568913599509929575150170829380584572 0.0084085919035172700527780205838169914111089978566394519489070131249189043768254162636100720632502777631 0.12952588721828609685606750470590608185603666392567239229389334797596673061271020732191744687473016811
-0.21170397561654546154419088787851911039897587560542495015874499945488208305771535688390689233948151126 0.015962330748419249777272590708338509298474787635229362231677587219088388384754048858862536391435626586 0.24706328657495882365432773361025632052670259114693280429677560875744190943399953050074284224754456712
-0.12107184144659207306025744846461011028325362451712112767169993854377419925205104306995348483513831647 0.10837921175569942117896757780532434873467614256158761746600429173722489343998339115521694091532245454 0.24195597394844385541970740667653570926918008182814918421287452202215813519063396850291454966885126443
0.32033401257142394321023203242014038485492518857248274092758927853219355989031953373665703070352218843 -0.28539766942140976188422051094289493442111895293105180133363260504948836235436615351060672104406873619 0.069712728309128247833761523812649029893203876968940004924302799614515289260883558150595315171112758364
1.722316447930530353264885681487417561391735261677564073727183570815970417341758775648826494622157661 0.44957421780804135196670660985136876499924009873148622911885201386633306872770668604212899260453040031 0.22761302437599532623359626030207976848852353928473807483731647530040911643979378280003270789376202426
-0.41019054416158723321212145158700999313172805546861812275430226785877116996610781042656733258035144097 -0.67285355106461315869768915094069577436086000254348041685424594434976407611986190367529833152662972737 0.2625471603383243212750939813952476886521264311673618133092853205416821532196243508248584654051689366
0.77741875624862586884219232306123450172117699856530782442292955051369980663784015133789271940741053456 0.90379871095069094210650573467835504015234258237526870652982200525349866577132444422749119203836250158 0.15761076799571523558817065280848462924487972560794539493906174552543642191386439349635735073996946125
-0.064334941244942725659044511002387551711312085383771140074033892075385876298015860599485790559944374089 0.014335396608184789560859947261694904257369399727805386665372379131355451969920487095165540924930336413 0.17219987652082713173970376007559603844766974433175226455592831682242139077132885886909917702582786146
-0.72248166042237926990484886741594785443583870970748292860635899581173873685342202711069674630018925728 -1.2750075751040074704434645923211998071233393447780950454337127964157851259083826702158261105117335625 0.19110467219009747001813444496221171090212465351509853547237965378370096997173576425124414190945723547
-0.079454014105355886874556143174399595253379680422173996711064000146728962867351905147852921329164378409 -0.38368366999011264111477635083746928474978685628020607426026479293292191763631681742605134852244197558 0.19492783874128155247935520515464082419831532045208763761673078501084060304328282491627226592512543019
1.1128338244609108175439667261659612513455080386345613349586539915712151376862030644505909616865088205 0.83189111244635358819242604005778909990107144306915687505983110755819826377495271384495144193716253199 0.015576854312911561366885476409494875344111377480493651579193832904140597772398864263256982938382501432
1.1056076939476343702317682817507986991557178563266411463149999035487841665869463169156651864078431992 1.1656653597586037224503633445872739261949954247860720371901829833258076828794246502650076774737222225 0.095444940658523158536858529348494123569636970129491717949980330293150307485455476841818912687059479349
