0.14377109080451792521299714518331370806293423296065243735021834756485890955737993756808399160298213295 -0.28607903418294633939261190825848355210230799443236700852152490171941820437358092793617348519477422115 0.092710823131211833735753939860007996338478350233234670428048480389987578656284482980116257973061768174
-0.40304422371503683943365276979854294044774513900064773078611436387801124012696663423127770302053964212 -0.49037090342104089584057306406904546777119053955116923425936974711434460688984892830090450733995062315 0.2349514847463268683858210540256481867610349577608805203361095167970923103424095845874040823464598999
-0.46381332986394392978424586397581074662075335102646027878511456653442937303948030271080776007809332522 0.89222376275507631562890581733563535517303072841409181716513606176435127299000202194508890142975547379 0.20913517408437427486715035398667649630741174532073606281479786093693279347001901048535410916353575726
-0.40425164691785112400469816311807068799970686689877967582142890467717654992932628475507853689546686401 -0.18057205838051356447421008619586041890580490913689237190686765170843525903713645452456549425718805355 0.10752196323048017225829856277261823647805303004803021800357037027724058388102497681269308258983170002
-0.7484311486511601561855804612875862626853421720170195650938366802651125252965210724792464934377821454 0.78103372853610252507496156253190169222412037829811922996575468882324222556267330547607499652795913954 0.12663104705100070680168856980420677873011529403508039441972381649527682754762130217911215975943355432
0.99919397151345230856097667611325056871859420916815020301425802282497846255686163585520632875288832104 1.0879893403384271990437364275347516231586636040639999582231442119735026473691437677891365428345149467 0.013693715174490050196548396186734625427298607453803934081193012062778058007492185419795105550759622911
-0.052100496141450254760234325799080399692157268639395733553802544599865660116547086603962709217293456898 -0.49684193331625176643769152008650714479684426320879960460663514232786028754868338664701562749371420131 0.077210647580746755387687258960653457478660899415216404063686112271865852953279178529510589278545817659
1.9365049666758063201756296612463280996078933495352242366535077386368895656628265573620254512068809232 0.45761370818816435963705488440045823130417800804022143151383796851749878258908550421765164477649957304 0.10500611335877249269914983615666998685830382392801531448132260879175271220288806240425093425045140906
1.6027109597144986579282955802093581507268595142190775470367012753292611524502636694589675767561996537 0.21228930694696902898602858677198754314020996855775623070628716320884745854696013741459968296588294327 0.26936126674804949380021605636547064075480883926304879424653829151168621296615447004263483000127489887
-0.27569463075866782407248995062980310797266810609081512320942829789681500389403289742584214195181285296 0.3968014213932735014428501466725434783517701259984881835696605007509176102286529603663041042008459465 0.14442304157100204942175641275434198581854863549947384258528477497713739010003853196973779179523231862
1.2951877417530127340843839925923765204817984259963607596942620020270938147623759873100160112460346202 0.073409845307710297448006571418739593104212064823892253334502337540109640437270961618989813500304712317 0.089896251470915188516049937197183617843709174578215493606429561550214131283601778112935354860363240014
-0.51603658721952903752206762140190655211153259783087044671575045484363712163445836744645249070522695219 0.044089157869912532010038522050295036790608996903650207897928880800160436328920915217859564686098111793 0.26074578521773189406115746531735854546608441969742875554225084191361079573655827487807109999412174146
-1.5794284935359105815280419017506277758688517880325390215319156475726290095974672478436346719145664668 0.65389556630740982976203488113596078141922142722152489145739945593651038175562741489435386948272456591 0.25744494951190985879524702557812755177137430627389602323667655761270077062795597997433073351076387436
-1.2036084918869704528509923705447518820556587900951915755536331839201434429849280953174449272967027054 -1.0324761495704167072233743890371127500311525857376583477069676282459177658333319716142096420877499304 0.13564702939284974405486860218436308005074046940736308341587298023203625960692089059484150897758796873
-0.69110672074351077077858985793076208671673416633250446486915115458141876453095992139959857685685074736 -1.4384219270532005614118628718479997441975075680750439551555112684987248640452527856318337438918191532 0.22658683494361352584568358923626365593125648642796168934572023919423497354625129710092455634997705234
0.077387374821677784436862125676173309600823443927329118365499016156864252087224145018173537862154823347 0.86666935980836547982670711699715670219024157942436887884269999395856903472266448906995047613969430947 0.070630358346052342145634385358928002673796988269443138440846316829155120676688644818001093328034256542
0.05358121495868641707877227438252828181898522908184014533551637512969623079595085412581120683773353494 0.99047894329145963440162445379638958639999762683752829061378147726079281760100296258447952727828502427 0.10910054755918529339353914202160256144184019406466295409909013085897217590230556080887768437788164657
1.261478096167195616431458155862685446682591832221105285181070578064268860807962305147500531897907472 -0.76508519387151692379671122045513098190769893393316546305597553486027440374892352561559345252455439156 0.22336948537808678367807679141786160825388741472841011610695333307143155160367231027052824206746596249
0.3742847461702125614379268013700626301845247109671373165089435397276291971233530968032641064119009961 -0.87537950611591770713569169346956483064788240782278248236287581417979827159722751635733198933834256022 0.14799341921224985048242911376168140718056023685294137058311422901383800874278834285405602145020986434
0.006972086890555510744969678940076314485170704754189651503844130109080834232409492068273714095344886766 0.5529443863026351296381775015505360223599114795203600015457671694247419263195487183908622113284811648 0.1040327368169480706111057490936332927647152145445394215823577078894105330375485962163417616971097855
0.15673682456429994704642995389709981401510975972056586119275490302875181819700436848967874773793035611 -0.95956573923437098183143484058420821354980444806856179135680295814536265864329073269052905205933975192 0.17373857829915619477287380461927806502931523089330180429424232592463784443537012421998777261278916568
0.20885780619179361033757135027543173221806567700436635501143962420244703177350656385527240959582770328 -0.39200930701481128818203799272847674179787202942591140153132513647743043861744995332220629616564625592 0.19559948681133799401453180562697923349665244269411716314111211188294218282311411395535623130230756146
0.94041551914602338690954168319582789014222424708212646100046596541589679783921680002706944126426617052 0.37866909213464874883738572089890982644997831758036210616406593611630633898178579092993558269193506004 0.24220661090871474153691362271764020687544600850339131109015041466432700609771572970054971124088484813
-0.54927902495848713248970553402988589513451724641263752465033083821672635966120726942128624410541025127 0.38855173503848194920373044310787637502661366658125231916059386336312406247452844099232415003870412398 0.050239370909929860843310456422272616054304723587875925102232502507696508079028263252430430583672871345
0.49646128606666159425393839759598457198002822026089884973595295266669680637217232904885175016314165612 0.076996136439662993202110038557798275574401866463842754757571021672047630829090295056698684596778471132 0.068954545358024712122049987374951839297698737288216171761923376812343463003963073520716636733339399121
-0.53309774233547347608976922403721714092715676233643801944101032769435931689766526339749439627218303411 0.34216539721150316730217150556909719739828790771818701349556714604773922440009883471084008384905481573 0.25808837751823045106361193792431376138647085333914237883036369614304671812354095606920965472895797265
-0.83908900532709401318818741732947760010905621038562520197645590776567969677616515429997071620901605715 1.3211582435752801933676859586903312152530943730493488363118366653146280783000127809438922986347000612 0.26813906560550365987477126463139240776709299486610411658420462455531830974854869260268198944644788469
0.19392149861801241667446781217476531929629205056235977477572589613987165748885214745328668891645083126 -0.85820415233009658908508970297830444513370671780584942759604302366421116015574974361692812801995507742 0.095450724089577413454835241014385017846597414973098030147729494740346830184740913446317386759355127259
0.041096785400722590136236687918348329444502099362793093378155562849191900265301651388331016570728887522 0.69228404402256177194982827241620825477569590811758442009226420617216488121382048658813976817389797421 0.24371110186523510299362946734031587547549796781870178698691704640110315692350982820572911611807744362
-0.33452470387159784477553154170925401637623008878513106216973677662663991269975122929516605172046882481 -1.0305718726684784037431609282298565249912038676826080569573417139661973924370842946704226678982148927 0.0015586993154819038506796851678492593368863139091693318723980258041324875080208142310497634738927409551
0.38750299034698850868587541413822535056021378865473918919886058227497523764459233108382205082570284237 -0.71284534362963374443950415941031039144315006898700344964909433432927243208689661283803006438909537555 0.056397720892797649221470173023463148161405874004127474298030573528248280219657818527159023994673771218
-1.3049068178082021305893865614345977838218698579759564910169264983672542385810704180454190098845670862 0.87977465852828011094587800543576177546262897832071482122832979508079835240500888774621337318646283724 0.27015762727284736670060055395984652149992994768787731404274270478334024075205867828227675903076526408
0.82470539846094540610998982403171473366442166829505284499082377485637406380372756374187389148454687544 -0.57708373974030343214721618780260709063240292699292171971689007982750338464713955642780739014001800321 0.20780304524163269201801002706706381233986361750051610186446687007824645461733986090498449555284494478
-0.45136718957095904219127617227795151078344953041435105995035491206228003620633923154604097176955559153 -0.78229532574726823184521057815615270565434158126931337766845223826751707921553384934244243851751447014 0.02958880366234957042422461772890303990534240799776203063859813869340189548722562768351159565434451537
0.233508314037849012494123791512970989328975896106332889451312653578065286930437179994087432251066686 -1.9723396671462072606248089157640140909168742264785808624842116233615917796147786384224128284159038307 0.26895086563387058399156438090899914012872559315330052534586075239877731766016341596189292388903527305
1.7608716959659718514577213399076781791296407659938227742367742004596722237320095857989013976138756437 -0.24444556700431932572028027603713282321958765351335999957165059863353411214788760197099983398786604306 0.028143250169207049104184229204430178512455968467200603263736811670747919097809691741034925841205338536
0.23856688532795653252918549854515710269636191974487825076884599054768764522614639415412511820571490308 -1.69943251740303713821269226141240642437988327183904096469667333068606139844488995906882251046712959 0.13375047141028483127590608143807530019500674090942830897898849828485431158800944143036645156638147042
-0.11617147295969644414708517347808691413717577824440303772115165655738520618101243012901567057326190442 -0.74176957228957853254834792492144250461062341423615566318062741294395559869859595738677295676348797365 0.26746640017824957324041941248849919555802899227308648032645093742596558569562627821030894885026833444
0.21834768719469580031932118349555908880249644050091370807009709937513485666088623727620478584438820784 1.7498741302033341867054929630768172965065856187131055412667272551361387909627772159017567767818613437 0.0087220243651833651560469549006002220080429313816792339204042127730600083244858281470048379940103060815
-1.792044045276365027038871161928120029234974977656028311845984969280994140884928782253749215965440265 -0.12755027388064112930897355496139000571346084665743802901921833343691642743626236936381458439513421506 0.2774025476363308391605874121847372154593275958821554263564018937880179748924137339464124080031577159
1.8099724451599656674325315091495064107568652739977258684032448469304122990060055225032638552445623336 0.50015538121529525935741889064940524365792442369224012294563349124865177581239363199196767514980857343 0.2304905188883690825414572752117626690412834211100147847054913497124807682561595058900667110804237035
-1.7870163852545409940617205670981834602689565977939830129324030931448558987343345887165388875789917145 -0.8077401245251221180692502978104561380281243242882723240583413855690427003276872044976237079308065202 0.056324156730155110468921812914124688782047913309617580796477702855097494573960963288586794371111409756
1.3755964336689794178114773072624772878523618957451129234926910109505132498176235206543152454048509279 1.2570245288674387339001013822707381444742582677911368847688210371762334617526901508306176944863517197 0.2560064626308553318033921044087889049652539007349878172050063428411819555430606987084091891050104691
0.35065945550166091034687759478200259055191569700899960725396959005821059674881362526861679232965733846 -1.1444933456023484631478377705368106739266683845019109397671988151431190088646307262948570599275674556 0.12709262502646798474824473191836550692076374077596694218278153349573251128871919699327097428908983511
-1.0083055280880351926457551127674870989761872981097987387205231642654131273440528590269490473897644489 -0.30385377087958426847705874300674559252432195508428769230900982468604543623172600958929293798029477924 0.18241742074908660294553679050274333495765399876542917601399607616591652211578916195363726208051935123
