-0.36299770889504786126405473011976881887217938482243934192295144341003516596991983728498019648908027661 -0.063895579757501207527134567840582188552843936901217787454166731918696805803830278365718088588740455316 0.23099851399675320780489699211763540587424786809688480659024247922303487018388312205028449295800552596
-0.32134012645484218602593327482970695889519435857709283251662105265123726529747168581473300317797069197 0.88222771953857523030344954322689545554625612310387325700891434813250740607857626015858038811422177695 0.057040092379156214885771445778079092755380196052953994495961008001164866452715957057344005714876157962
1.3385466554806700687328965164086111759411292119051880383234295604524850009220203258744500718173934862 0.12904790685126818399479350249534700674893990039347051850365956692687017341489026573164913750427742759 0.0018454580170633194641877503413498823923013968873637474687468254594371244583084717725629526701093827019
0.01345726773557296736308654760227033417569283756824982126313766291422285637881937223467651304117368331 0.059012848323666478222971912864108092795105535520835549300133946236224869817754986420159158290277884123 0.058124603520015215586126367474212627856092759765124109273680034366055518268165778483654509127909162232
0.2682342495984573754039698760923045130862122650509436607740393341906432820625721537290896816662377439 0.033422299938285150377195173010898648284326972187295582837167430362453863830686651421957103198783367766 0.17716217218165959433342167134210833335623055246851961855259294753997513712287906767117329940099550538
-0.16946511180922459087395575300813468035187970075600945102211704296499622430094670657043858337899346076 0.70483702747415270273834844248163605118971672571024413617036202398916390349947705849538934528386528034 0.18724801704525578720646289032555938634667248261434821657422007716306687921403480774055252856588805515
-0.35710625614209829490817968525864914428220373794606290993219838058039565554610942451509986049991254007 -0.92402991068170683453010263881970877649527777467778061202995404185767356474415351748678795969754821806 0.14706818756593247984335622414986930554448066937683659894439330699443063279216529313034296464907036044
-0.84679146935366983449548518455505971430521021112439249571548784409204210976036855606703298706148945752 -1.4376922644110184453160446934629963108031604071176470372415440847834401439705516897250623287003346283 0.048378680377694674552778776360513674411654686878495758252246602767076300270919732083380872572355066827
-0.83046937997336617863238314936449750033491838046143095787057809897638630380867769467510696880748947109 1.4033110752946934840091973979956193577227120854124739597679082074849004704008470670353417969139293469 0.20792689881141688100312803047648647421188959761118032691572448857802189208295217657609396967228051282
-1.0378471706260981256463102351160654150048156663221453969213488464726715693062367537971061019532889515 -0.48903480882383133799265523283004768694297526974465078192229680647109433883963037342889216250105125882 0.095753989222962612474396409602301525310666432615882475670411414212346307468458142577103895841001523109
-0.30909672318749545430971880926277620101250424644239225235662566935039073937796961242984847262745145598 1.3088847947293515473774449627799849372504664583030596052296195530496903296526760848221508034332757707 0.0016126471193960994521656861141357763177158037175810003124751958508057184078666436289862670827983193687
0.36650398834649088412194824918985572540411947518435502824319121619131423248604671042524178925736803104 -0.7930049764314887874696632372529896377503818641356707282791909497764165926672259645972244984194038246 0.26901293741312570256381839852021981394813133727558162193079384319968514473093437366968431140534712832
0.41389517564197674503788005982868996868982163389082394607017497052973515936058852336298492416899708564 -0.01472824328635122139719223098440924772268878261333488489615959775024037055217745871953012298181513077 0.25954858300087094227397217259586862532696835677286104916263703498383266203700031198277351231532994824
-0.093836662745763132555430379798961418734668916474122845292011393934303619147905164890075237029296438086 0.050706173313657396994628051694903652588256728575954484954817922536085218100666827251012970882132159022 0.12163846155249793104162859843948442058273886149950344653688750862857117894461175476443015089613276708
-0.31963661998214237777766726891169660000058823998116015022117620790323949860549260480043801827393067044 0.067458531870314300650323064129801400301485844651846379155191495853075828422280470541792385661833744672 0.083570831296713796889196205995439062119101456778873373543477369685620491857803461807198214383677096888
0.55222286214573849596313745402951425875000838698544933928767787560266398850023816713949350672077193466 -0.29097119880764118000306107566082266698966726398660560306648323196982948734715713881690713783797760336 0.1323836867199383551914508525512454913389795294630642301024408014870543128258862452728996512161261144
0.024607874304624228311217000801363319486019622892634869516328852581978435139289078243347109754828240731 -0.044690013596941919924593589958959270128175626808996686399010625990454232894501561954040553671212642586 0.02537945542185465367506256125552150977563010431008920463354511433577157922287219359025234189328797683
-0.019689148784636574295563988737905604863286952345587537904760302776964984371673171769081776913277989976 0.26736566558863283401469319955604346793890049884755135852945324500135471395898950853234641949676937172 0.2136679474986611390724058978967384962949047084924398848360914556554575199580225952195246654492557891
-0.16213484703547321840352829084703707944907925558138305316201371823356623029183246410132602351790679855 0.66771596466197528897031800646790544376609239299930425270795180895819272646415310952138592781423468604 0.092803501390566123657042793363610571812540401932994166915136366825176116031614623408581017251968056302
0.013407890473480101810311703727250117563494276660867710243654785366866932035000433205488678128066523567 1.6759940684689571471700135025055162211776646547696703022059116863038339955961707741798301697849327412 0.090071188937419754459607957039735917712484708925574087690546042040718156283100910746017109350900343691
-1.9681110530241400707349315714879190951553937981999850612722780861144406511967134931980237380825282875 0.2408510146188752213972720170230555443168375462699823325272977677127687311791299157280896275293925806 0.032257183823039618442074544455629746437906604320584328555434873984508283132184179707019279756545899903
1.5370296679556737763383464562543090531031023114230613797679239293384253388227686856580409066487956212 0.08232476594685535998608339861382406198369736857998249318959198400230925263750872512399651870683654805 0.019081655197522419964796208869636686500327597961448897145896873297279192566628452025269008378834072996
-0.48148777939897741199273066219800429522648598053405732888665696587577103413661367709612689498493879446 -0.64321514446904178639009872799310159815101079414144732911234710393326163818022566689224255388502620825 0.16079803758963159659950271346874394623107021945256737514839809982028835846915165385893083332522632747
-1.3029429410819805220723725262620986993921450777024537668975918652927015176201095611886664292261072453 -1.0801309493506654696242311490947841146570132739715740815538350319092580479234342179886628154903744105 0.037946120253914658641100692601972439984802222064462489138793214446086129204349324921844992847698845139
1.1015584560808325866900446298089344610772270442419864085094657854230161175999652087303927295166943012 0.38936851706010700820092276820389206024303652950856489322961725081000663583535848698690281623768454797 0.1655049957133286471694090297102804605576411030730777605719737185832518609048065818300777783857969316
-0.11552382627214584728344127767093804604972046315947463838723955109031628861629295106929972110986176856 -0.56552569031712348224985558289567876050738904287971505415510790774620916339733093969119256416123429187 0.17819495741724670735369908771828077424425439200944492925999621149633308247152609265718313566700500461
0.40891373158944590597772718717541237602777959533220464464667703424410268929268712994336030083047632752 0.30020128456210308003656477604027918313618993272185455221404313199121410728682686459765165964959716727 0.24889766494377581233309814644616145111308106151366413736193836417484401231067842724783726084226349235
-0.059520850636728721150470932106990503965465999181300264998111749686064726826191733156764800065729739012 0.69435178888323630891349532924369519451960350230970603100378264382880381483204800940232931369566774757 0.044196524301637724441354598183584606253704917232113772237467799052802375296347828064082982066047299
-0.39452859526094057842322267840043305145492630038905986734232588894893091761038470289638606930986032893 1.6409725416099351648411677317017175702837259181528248908492210314305998206965787519415914180858585566 0.063361193922848249501831199543992528384882621043556891920056539126874096417565447825145784166606581809
-0.53740103599383043370142897370975567834721274764569854338274305978084612157535242720028876247220160524 0.35246569347659771029501737897734194359560142307679021203963390022034340351725599185108738841168383865 0.14018882369276390906614479431931500681217650193306149730611479854438365454945289729289635163802829273
-0.78395649980979667211181281309656417503033140870844506901609712275306122486252351200231346293907152037 0.42995673480163376041693871254367039383387819302419723947316136320754981907645490447377487217770435816 0.25472096722569992417281436597291041059104157506188026975900730523430313462201329812601846704450794552
0.46034891310106483599055622895929934343567912366787244879669051649501593484853641737980324733796850877 0.14395128909609706464694795112982216947417783290665946000612980510630143450708966717627902010343263316 0.20864762492218165766334864779642672791285678429664914118406627440506985623523388445199243699558972681
-1.2415586920187139460404892498884016317170705905086823700207202105909292987213476783274198268302176168 1.2165269616524890507062192015926730283408721919580338835243234806821503099436716810440783537288533131 0.086805420023429226072083807560236842837696552703428551701062082040526015456800303904979440194916812637
-0.67917759191604934670852914088264698243403140441802501418649061873822074774168585733286120868765957806 -0.70126150850907505332604666357496059008090399158632170705591037625432069287857994846962472690478601451 0.093698815693149434079681657023418193363938622676132277217924057836006688758664830660152012231647481944
-0.8970423027425368522922980477950191829209331178275397536236095467569627424594669686837543096450974003 -0.26462564750197625528250805655112364155746846902420050059942648715294188924118581746639464635809494669 0.13378395456706141218411688698441312882428688810514148415738598081484374956355421164939157176355638109
-1.2142873855108931221220135148211166917343318615114627877043641434377075177935149060686708267354635834 -0.16044255156416786161202929041372758031707485294303687516956339117188276488912918225662815107035763401 0.018041637831391054085651129906057375714226317556173174026510239516301890082840162691509756130005623612
1.294370134213314174043449329982280628231347042859139589893382496205840914443383360993504611587259954 0.5139053743887509568993385595846464866870840434467130719669479402816304509755333286623339322863433294 0.23391724913271134282314970562399153011597575944293611656986139404707178717770383843818733081862511701
0.85240630491366536772216509021663078959560952781415906742546606177005199407326259974736097731482973016 -0.49363207273335746094315450834245336122875505156070949744429268595328981287846611973991652488831913606 0.16576856772241681423073410443258838589200067350997401848451037010929646580352613827577868313557665555
0.16103491231473544404852807313962071075587689654643643546179030292594501350013935132517951029606868727 1.1691718438053505335335395219594510223181796037315003876843190435194447819500444484009019900453460218 0.084028293181638387568801783397281940260757433434805802180631527504574842492772545922151199463027288223
0.0055577198855682942100843799028767719858026849576811700036346844598757662485915779828990368714777257217 0.60716752754287423294393727278784133323686407995667038358752965227430826963333150731711991931984736883 0.20563915052001501051459071415861501320155868745357251406707243461648878585001897645985733700547802521
-0.67786730173164358916150382695140790152535708523530830540407688869999726159919431400611246355718531383 -1.0860559256683335516671019363782768442582696805492211411642492580675207114187761372304845621907248614 0.097775225931655243126086787336032632893878628872978710360057047921824646517076960280598105094603685465
-0.51102578420149048504485172913124767472967464268256029489400083586544624792455728720534985560180145751 -0.34224793915640336635980205697653046774968773295477645240721505101322231333589999464535562538146797214 0.096582763372016629186999172524241008296552269372754374933974854731684180141939541250034032964321700323
-0.5731885607421666031599787914189376592873314819316722903786269216329586699234661404850998352345244986 1.8068552303379781690519533908590578482366540162208529024606005991549190464669976881987524699225194585 0.0039032388660585446092009043017083889002662330970936552808258972470886334034935160866625790419696885374
-0.97340758869401891624167845366556385581936809762714244095167122459683835590229340259411260859872148028 -0.70972001399528394221254294105187295468566333415878313070588271147836975476188782808569887630275006202 0.24160165945845303289339264730521557995262795848652609803654553190770932896114329837099892942247318728
0.50913875004698765043951783440357574789087006594378774835816840312805551838659412718099051166968403734 -1.3476718485272445027311018829120374303655546055967386710445942094348284865173561328990939701244815681 0.0057164999029953277088771904682249247814214885003720595901581696841252455293260795667323230294689990464
