-1.7716583721509733881831961725493105782086767186887786132349402236964511930439675358865114706566796309 -0.46645081767218755605849760038081068547357726343169119793548813955502100741171706541426851825083964682 0.059502450053484292838621058061822339794590269554670470271587981580015722055081348326240179021620697635
1.5628175631463356278141906924090352171753465908328738938842982375379098743177532355942270193226140808 -0.069722573835972812956280926625282495647896061363868877802102026254814517200786749418445701852294273699 0.24652573944738017010477963222936727747653504319237337839667135265027573585479735020388294790603272172
1.4549012718847713751590427913572338714368062523439555579267587496535802643620966599595718333775432471 -0.59335032401551382169116301678433299851519306253814368477832782613752165614777387941557521816180824848 0.22314236103479951762445239971679342291838532288760593959108205421193555525650271287323994731716908889
-0.78180724909249993106133847001535224585855784899728649303617187013208056402544581857741765174933434177 1.5191130134425973041045018016701777160691425709122436484601811160625749655222722443578761827720701016 0.10383913852831983450465223130708673274602761802317880469813243190502337249479811195770089290577256759
0.86318387765099365148154690555848132146044078253753341080400122858227245764313037416450775391926561284 1.1485134322607547573572104556585437472230137192106197820368653085611496952070928651373446895830181259 0.016081876648622970079455543142013253773924443699427855892808757826328672122460196745399587791767467679
0.092309612870950143571569865035356495837935337705476896803141184395844729067116791814608444788954300156 -0.31238654278592569605725932207267185544559325065152369280767635426313139746473448945665023698871075715 0.17080046381861884815734806608022549451359424558745611661687112254913126104365663042716184277300708568
1.093208839200861993295756126190367409414149856883681196296615140653146421865650006167504021281353264 0.31257825407388513097410130111791636029257407213619931989232746286744433211331089423718969054772783926 0.27795463897159467347135526631696234008336670734808457682418165823543617429745260186124760806659001439
-0.028744287861892323080678309848212726000353406380386374961310802203715694552340770743053599225239002458 0.11848265136251096464534850884687406999758971646432293684536258742329244533369456294797488988560796812 0.11675253131188415953394920764219843803542356071066337544872752365615574800386589399822896806173509859
-0.47991662140328567592875961464317995940394503135117081563382405859579674443760435387637483867789709403 -0.087831974169968076260676541288289994662897160390091795801676363908680409615833869005513311349513644449 0.11169597557598335072579836692881530471697507642518572800231287385386381981727627007700194445542424465
1.026027740677781656982585927284337974023043372493767782580786519630729711361604592492961151184287071 1.2201367256484333138747846615591203220208851943396537027294904815897712239161311316552023039220806744 0.15221585981163972854388446297211585345896929051474259367145118181161182598665838539985630910545745252
-1.3229472545973567489711658897987046604741496546421374025037560738302591697472887771564581820727710594 0.70922103792514205294846217946218371841073777004196437923110501316221340156073178842065052882999998771 0.043753728647518470730056359458276950273895419415857414402359896568129641940647732963735462890912365631
1.2226853215143168849918373925780822556736016931745224686489832442696721847475289488701618408699969647 0.59753883373010399862318013822891750491997130610780843660809621076157519364327472805849123055062262101 0.27443680960421940570159639278893098210117811596212712222743732708668065483520080475668296219522701403
-1.7959466843433538423311074021625414009965322503701985583116624565668945889683746822524596317215712547 -0.077118755798506848687598479733611406919884093438561546218292009236816260322233147074288067083647444418 0.20652293920129850390513742127598869403525220952741783810794330293073542369363433338929456999427006579
1.9009347698770037698038793961565482717076341426984493607330227695345182196255900135338994203934086298 0.35134870447806589896597886661595345807602831100456684910162338718562846307771237589944694950132932015 0.21043001458464011835731103484438371310406355061059309297341970549930483102859569757343273552799414012
1.169241768026316843544409470164952180433044612350817809196387826399187339318195108524428168333256509 1.0189357477338768931492890281255820228462293711601470773034718924435843367585920193216321314457799997 0.1116644720319003789323596715028191388214041088881453842499961611688251254348864511696227696663711593
1.5497955792653431906227501191339913169895664903671402655737842302746969705948686505444799220642354623 -1.1239589041305409595196919694301626461313006708042124451361445526276043942477054238958473984999057458 0.25184528819042431160442191909595808335154036930211215255158495556573164642088900670834606946144981834
-0.55330712418758133223590962486833048284022487331791396798471880938569894943085782196242463697878856662 0.60036552168465451885741282461850446159478337679006993784967537226912760988422787374317518907981500835 0.22525933484932377600461960714027879759056263062187854375934121547873787993028210529078921709249347067
-1.5672718962844809445015586612757649077206478870657540280403422656453906185342510112550731111364604101 -0.11341892564556358166490900221787813796480171116547496167157280684732205700676119071219287745159801444 0.12249630622962072908020671936724395194841342362025592693827937322102032168674219029389731264347639856
0.68513403841507004505345203859712799037144263729144785097632511864336461446406486756910597813737962709 -0.097278408597192326896283964652884244998063637322350634517295581894507207111330465407859760696697799395 0.037304306022017445942750528079393743570242451477240169523650377626535449366917962259708408707408383596
-0.024798179797760600319243766864915249243332776457112758422191707216251394478546170175764117801021795935 -0.051234493100192932544084234812209789450315072274799840363778802391190481274438413492519714200492916485 0.24849181525093640549916131777007809007301217947336828590654852174561907359997572947961782373995215189
-0.11498074645486267872344590719098380053114216802741799439914421594127234735705057098204301807517213375 -0.81202792375317347572291617918779806422580623761795970179757476878690410992763118728538136021713698785 0.083516487332163835171082555113618630746449264114938691778538041941135219767405585059848635026673008462
1.5722784065823830749174304683370348818841959604220927315732869668343814180794767237954912352441564875 0.1166865849154811751357240161580586060459013334375379796938191721490867682632781393650957089118988623 0.24864759531460505608147033873619022122871203168474203014540282516917194788020215556494282129845273865
-0.29302066300067154423862541663551607380388184138215846744962889202915706408313145567735238787934102797 -0.6770536047692922735851389282873630976461570142400155760314277539517112073693273033587363263590748775 0.25843622110703375945791841346838791842723304261190386662158914423040668280953431137600868392761138394
-1.4027064064264147237546894423781538482501834815097588500997151081433397310510488096076129430636667374 -1.2245324401612362983378188609675473646163679945675166194919218379409445514071333503664798351455189522 0.17229405042334751621800322250433744623566893849407063768672951930664752876524541454533693383984959184
-0.65230085250994542450185105312307740932702311598678097922959163342143864292406797746641049635561732484 1.6180273397979495464377136244414087754941553786100435418707398668572689344710612102116001854066745229 0.22230711607447965327165095929113035403779992825877455641173934524656810918904755597180287412443878676
1.1999329565767352371253965488044004268185377263268253990030409080726992295042211479410900697502785669 0.66049598469183169629215592284485242776317322686319902755580975783182120028861000560358709777243254868 0.014728678991906734712702499299252006335884003975017345861355274190737095614629033927013560620052601193
-0.050847201279107968882581679678958815229229759457275722907717730003046925605022606807562449614814393027 -0.32914040479478581320366969329972439369111687825263775351539328662427484330056836496979495142938164798 0.21335966273252935718478550143582514145255692888459514034999489907703180157054240929917169433556767841
-1.2691183710718745414919955988750528142484701748336885516746129581316172941101817870279109475056160966 0.26177131511476185394245061069795818789340360545190758777591035762674732588250892699677092239689685396 0.22904544625237560075979422598297591805050329578103386818895235158971815945590863698476375864822185017
-0.13613065963601236208425906533737700329731018208741541601323000376117230261802693996402119606031619362 -0.056555442480175589256047238267278747773497934856929253429293136625533418857249686322776811976283906225 0.054512649207451789497321894323400590114536066910453274314210298204989873145878077197995281693474977255
-1.2688080831361157556578634816122998639414726118502107672863228738462130234803940005560036334718579799 -1.3261848019573978410072065252204528772169642283006444751491908153864328562877328412336974299959807698 0.21189551590163886575456896126773908446024520551139565501500017086825630026352595317666768422039289089
-1.1656115770605239627801054559831301770364057060342719516485729019376457042222450016222992366510610759 -0.73278619173985106436995920294381690809736647749475378716530064756374465848470415113524132653007234002 0.13897393528659946427418213973198586743869895398920766097290947166300696846014357379000958763919000265
0.23805269057541468772711547000344542573317877872391016882148959089257168928333447681520803320935121469 0.061777189848451221314194129937989815114668809128876657752612846181522093814035882312086646083008457024 0.12824196327417983916659588310560669315117967133627898622107032408274217597136193914969355278268639175
-0.80794256854887782844997908749169440151123928253779489732621728211876207215409847526035299173760448471 0.026401425169941481673794344367103844902899702224048404967662179263265324899548205410577489777020450881 0.0051914391543433245512954974532469273123691317619369405391407782438530996230019770838228999221049654237
-0.20975578809934738396925121635683861051936095259475104150068938550937048349350373160948878862015826953 0.014616634768136468831836564331690566582573131405605622654223632827453824242055946483266331547045027838 0.23494055262301785761654607895254084188066011063355776289439396397628566739936461403733723890384343088
1.694193951645826786213567652522967978391743194003150961806551286839116006311719527078936570038397459 1.0191225572387800439250665373378728404811528403495361963906202940602628039475712478008800345643846629 0.24090276440917100339309742416706471298357702768601698841707177699234027960754572944576631568872512646
-1.024634248336406587027219427651130433979851375281939039648636249782190226117257332158435253611440049 -1.3137477997490696943550872522457332315742194493624944412302457973549753699399483228648916633618670485 0.11495705711664513127888293893478924494107672896255810510620240599503617954441786487913744608642631989
-0.90487985276450236138739106972194328795013720708962331264189213890455959190111566338470256142701960673 -0.5986349798298582084540514484650898494917074975511858137285695173650633684147989029314785703830502893 0.00050522068510883146699789001190415134268137556928095155423035618608891071499678033478156399060041498775
1.2084090669757202097742417876675195170149798221003739350425266598808780415859697752691047642117282789 -1.002949789907620246380133376138356572609661569338685456382023163874895810370863660273081762692872704 0.24377088570952725361074651194012345503423297390454595703086163352790700752498218455799474894878657393
-1.3928413016843088683895816351459978089293106962014684895412815526703182910434319262976114706531648383 -0.68427867519534322629729187884920524650780270474664884872057232333457112785963690332791296920870901242 0.077234524449457384804054292978273824079503678515554541499662870850681944695023394963136333681330035081
1.1849287764944239986021969496240499383521515600391167057742538766398236974718426145641519740763471838 -0.045440493353673981518435581430646703760545217779096653309117135113829320906888153121292460941148191541 0.068958543234092824500289699882022215346069748733844572523917337088037140958838121563902480989298220431
-1.8345369064612026523755500967204933171457611032694064657170096908301740004422227051350149813279018543 0.31594977860192854061963723530659915369555506632008493988992880617491273700114946541806582234903718442 0.066024567392731056386273851252412769550137233586174640970512541027634668126261958571661198940340911023
0.31300999714509746490701935634332008872942787902970028273542135300835236505421086151288018078996129403 0.57057341813703693660756302689851144700135209332116459792563332648415298774968695340409418986324316753 0.13984696293449441447307331437689094151867811082243417901928529509160176422488110196477733247822436419
-0.14425950662280728668464393725090013056735181360476890498101222622580530699109410254395251813695786453 -0.90313022370729943677136328226679041357547633132008821237189644430926597024671751106381139316355403157 0.074547154411078674381376039026688759326618494716426773546301596829113598621269727754921235950974628164
0.5242732443376633706783877941791151651628033738650515250593828629174544408430638701073378420515119524 -0.035965585140079997600244277291425027450373016830639489063458371046406582498737517897771240704955383563 0.022088044439019049966759737026732358214337519483649414459743661608643807534069663241100872145811096297
-1.0364269169003420983577007723082639541047569983108653838166899778319514383735935607425449947169842847 -0.84069316119425406963168004760599495856498746595321458376168650832566387101378396704282392912820894407 0.2275401841608685179855900172988270675767627324141418489432436510675402623153872309769124840678649524
