1.5512466963591043723264645976216259514925220959218531690064134969185316710580620324562221268153472206 -0.51074369665184117813192599815049760644689322154484359582364080862611359496521402364199148060111619701 0.15006976096677934814350740611685284736262008228397330225384394703681652996973989678374969586856982441
0.6534750855028111106777221999465065611332240633422304766225317879779925847296571972690920520832820706 -1.6825458948942682527070735857014397919655873757856934722209041256104608386623411639564689046158605974 0.18372853755458616671741816208516326167054158589832321347432572545508341700874634168657060294578120316
-0.35813064032417542444454049216126041105147439111445276264876650351113313845850354357235952169871909834 -0.5786395696444586056833202097073053648010807535369483344531541943731995633455796511112067884146976299 0.085325310144547045688625862141402925097515963498444237731434227756038128179688383474984388866953800423
1.612862836468868506043406594676183763096349283307692439736572255965630998669568568957667798743376896 -0.84525700249942089899548574211386274720654461667073355915551464775614335439442909097166593345187272532 0.25300661743331619710580612083083584246947354669970652489948627762765911908731507878293427305005566752
-0.97563058531918879224403531384868900604871719138753290202365487552554255265284257141442732050664847597 -0.46115288897433167003877661272286679186497835459454150863248496320020411582439065185023007189118438188 0.058114882596512562349478820512602511663335830498138492404577134618269806262038889212038403729874763984
-0.16944049001612536513180290073707959984566882364204878330283606844489354362546461606870471677375079643 0.0079345016428179198770395760970282846597579625876202512389044127625592790635044384110999420233044131282 0.11619108145310215497392566547443455203778055496095322988307088422019467162015101537448746039968934753
0.018838362623449702775058438568857182768178417248921682908800860248944946307079150349453332956633903135 0.020341256764290315976065917417017175854530026874219010151959940047581879304942200665979300588276189446 0.25653190838843162771944647360610498641005476589187985391583587998477165718752989262017354986922551143
1.1372864069371549628949814184943431474775653640058612754480699332138172230975927577359492165949573449 -1.0904981894432672509650800874855221489902080562119267929457419587847717831906229135841734176895923331 0.015276910089995750885940905147053858967443697372535983164651683885349162227897109150376186665691579757
0.038122665041270754882382226934922183987847644641448508992207729719110490727921595461256299150178039074 -0.17685629505622068363134086488890648966770589419096521948698406743496489966336911909848919898934529463 0.13793009054146345089265089206475348143909298627538749204981483789628789520260890507999169589824813221
-0.21867122298626211450567022267141701809184346329600945238038427007067065207988691364511952945559614348 0.21710817451760134923497656098702738770361678331453907238178181602022777235519383588920154224196434159 0.054481738905897378658761747403102142619324936338819820814377464924131636635547123385995757383053236574
-0.54514560471668661310388740831580272221268584323032832592447087631185973219877162592805524379518611642 0.62303637411494399206667749014693597064689622422409121357138319495516081523004733833069696112381439743 0.18556354971737731394824672522020087401525651514044175889302991730394372792513318928127622132924737577
-0.68128426884611228675335868157220739692829964490249205651212916526888012468723766888147624378430032568 -1.0122569246889819737681392559247007734293746927752143612101452224133062948884720994837546495460042869 0.0097126091674782744377081444697898761606000438505385510284126567447971031567153578152856629788408635812
0.29299910694081371853137087103669311241690172720813009361232739469329832324257189233690072794010535113 0.13988639726483905390840634059939510527921365278818761915048993083710822854509093641375398889565251335 0.21426070434950050886900227839067422926759324753242548985498125177470746957705562448844588076190447507
0.46259285916533833679288656415150696148636928615811477252108689385587959869160334106165644939219507478 1.7142550174988183376250300738033078607949158613007549904745779842164654845884214570585617889075111744 0.22340766801198253448179520722673099377985366090336665646133701945874368446881311309524195808071719123
-0.88936180792405879109185505917324913660270296037767362723806053298131205454934926156313997722574697536 -0.59927727851235390171989672367350245645116748715597995459963372223040213809896532689326669942808116914 0.032067791900205774299308741430904606959423938853276712923352624873601203554914780225576821209021241868
0.54218042887906053652938951247064767629484195654821606862661181977101463675605326668433436143689283091 1.1449775975730953444423299713512128995282979547276184389504102352121818676164230466469516992224789576 0.22181645060063118226124475614295498051090525580520067001050748755344827105648586729568481465288826308
0.099052668763608177296817619473108512304597720254685426096330449920038296931703362955453385222902027072 0.42918154593982655978683832185398127787217129752369189562289010011722724001926231820230140888469773807 0.21318828183277865077662539267387777315649865058734144265227366624155426566739738649277995964908730818
-0.10205972070347654548279299190838881773953029992079286473780750201565556261375336043638952824466426744 0.38152000090074252145166238780336418422602274983306229712130467964585690477452412298611212893288885245 0.076176973112733720887744462505319637304701015832075176028863017580550389539118518538915463969187255836
-0.74642385552798013214231364260991246911961064921498044005693180486096683814048207877374722221801584898 0.7532274900999259292842834223858640585685048809185979626728396042131839852786732539626024894907530711 0.14656906276513740135831856808190438814542295025517556627626793937453470998883577976632315854110891891
-0.60662759721872778823905039444607839037680001395757693417961613984513054829090145811379686865814511159 0.93334826842508471856947725275914880655164550594374504327108462371985788528495492241011651000278456929 0.020534276287162891773874572375683414725594038036171681373312883193831194777522249227186570543830821268
0.4438319616101526783385017809458268319054393100688562360229716186664926835264331325941576177870781825 -0.58685173921774094698815759840892947316886284125650367648718317749404770106650258658676135641392608348 0.083120010220337595891107001125610822951934861907893592255059448850322345127110247929726777086572351227
-0.64828376477326123976404425304504720643746948562786014427883097740813097915758786880316281130177687847 -1.2727148209284340805528791915135415830390415034915154161896236039366160508859657103669659950366350837 0.25335551109534291393853304561376769143609282224175683765945822857454943399175599090627710958432176345
-0.54971496683887405165136473064459366338024043047758447422837278254211617650121668205190575156635534405 1.0876063706711504238097845932287425186812587523446741541006354930791943709312912742957351722067306193 0.08967237396644318520156635443374261269625743386417790445713687425136763774487717397624826710308243238
-0.29219507150230072524946955292871459182483713587727239449360871587113731525493706152026320444918216829 0.1940139712005023052614938677271016066614671506681410683095630028402210560543909180836258287746866357 0.053073727505746068732888310998292495079204258522263921231456444900584191153115092493409446387802760131
0.21929721037003489748929323265951896202973045899314803117894680872031719593133262623506124450536314806 0.15870297683083197011769040137898236970952988111374217801536873471920573200430233767560483009179764601 0.19619686086076610545160712569556197936157526262083125331794354924790111320174373557787893164422130026
-0.67198289645347256720544898602294907363311984333534551113207205917387113685852172276114673585140757256 -1.8157054979328744018669345882981709122773882450025036148284589880370016929250379386335497886470408419 0.26008155694726545856185669946191587769938686861433917375868720782916394860192393966294243606637881498
0.81012762047856024089674394828306647736733852047828056464613512692892733717899337723689360434839658493 -0.14422080768822148956389909879802905653751436758171209472161707251485220054591571457356037488365892274 0.24880271995555036605728927176758698158749558359225766392062541220988569239623689587023766182118310292
-0.5721738239621238059675908422041692415594698323171504432161342377123233296720531736916474401499575441 -0.32995794639201499515246310551873000645519441407448437174868273577704830297537848839632577692814622886 0.25432937235862421150767215505732175362434240377945307965725977697558226781601494612925991885606760501
1.4340948827189661744993907821022911941491352328712281736498011275375573398244866560374085954551152265 0.77832186704367121228874026047872884017315290227071852729421835439496490943369883936563315932153476521 0.046496905335056781259499672849314685089633946687413782060204492262587494953828876472228030193708779709
-0.33935452348686539190401724906323929444517589585620888236955911438633938464983973673993568902484383237 0.27559406768799614703391298826537035733879864078933409456984596202106225601528914495020004040468368104 0.1348302109182216072493057991526031682604521131984143472259195441443059988537484113571926106095455964
0.065475330091173524984923705960595186850849369601938538483130537961354282818901214414525834380393186204 -0.0085616150810747164921967536998499517661056656372066476049180746333235864279005790541144347858025739404 0.14392946143534507722220852371315018235735474936127747846824887270098069389574451759547991333979822812
-0.10302885145902075367623915939571992086624572128362410448658424872717658175106171591784026018174583118 0.0035789424618545102017270961996457927217740002731910054147452702180747263239267598302810808879277297785 0.21469362151991217797106783329556205538959553606479303063584000325559987068874718473750504992127100291
-1.2303412524558017919725961668770477869365231764483012488054897691198993188336548584541504119449428523 -1.4670429247748969143149551099250064341629019730078655097733254388695450089600197065091384726548058026 0.26617403229542858031768012157443040602467253547907905211334324127814689533020033123070033150343124615
0.68548054298717731825218005214907042856977462567586950162000843881597615647950409934012556591451960085 0.67058476732277522655380665827069641670143246583105456774888983002958110430777009193415419616135581305 0.0051627212995188843858467046301344358787585830235849610998749111146185895042452384074917087444212922011
0.45824424494352834814950372917805063337129892899773406690489563125645951615297573151140238742917930919 1.2713760142706785674507230527730247223097636103416701467924962017847345389884457498372994409350542073 0.081430506303489208097873916696389328940315174956246697964239861928089162887353276182523202173686240919
-1.1216177940865452072580295045988611634180704165735833920737868985630430613859831219130481091227634978 1.4189813905075880012863741786299348624178841436141950109546740314336220129633776217594922572970323701 0.0025521958711003040058228015711231898714817573276689751049522708635212238119722649604606625203058576197
-0.17873628503148625979277692508209484491278303128245281380426189866563758787222610486752578232262689746 0.15455749553620110988762733462090306602856204177136960219511220643513604972079741019643035748219323889 0.1099827028425392409089826132006855355553528938714579473084071965588248633002835408272524579355659778
1.090428599534545946884650596215084068601375499757758774219532950312347339475250271598537983455305518 -0.63828962748335146610776104011731565529115437707766622090033360375640441687030027811676380542340677057 0.16361044113113119827917946507659391701277870033549614136960066504525588865960906522069407915564846762
-0.9612737026269561135078917600014185439069657344913972537330289957556525325080360440244583998022936719 0.85544319214952262180947254503546665068196413286231634478814977987050550893379457350529074795559815679 0.032041872314398666269719707586333185708692400492638914910986077153146564742185826599716963561682819672
-0.37720443272208000464679953882664664492205493342367829776106679043571655220724895921420918355861088573 -1.1321713960518625831725988640454588975464285836106157157635091360882644103586579829932254740511668385 0.0946002686405621883067894862684486037002121727932664562122854795528349401071171280902715754199000852
-0.30110709777827762850778186678948494159665797324226430836018487114507856006654950932039781046481650353 0.19533601269135447597054094529369594277220420806246163566202865334855064359150830080362965484613558841 0.20946381912452841786078936629092495847122273390680701076168715209968257744320551363850388350883624758
0.23913943674667829766412060987450268273140940013716759951443079037791060326062375732294399536940940571 -0.14400742433921093634512345441286054998307429208559483776106760363094217798763055109527473147226745902 0.16564703979701679570266994602963211261494195046528482052792731105742211492911150278663848693719429142
-0.48713622503115964319319421577545999495559975812401817372555129519300287813302010152527343647832857648 1.3004166942307711011821557399783680920609518297371745833558298054980451467233952478551452058123747592 0.060925665102909637223546306909331809021023750625780519919025095199787692758300657238057163102650039619
-0.079026134773425034515222508955356334398852539570660329616019933036298317620773917876621667134197271288 -0.31816308951499632440179186550077983085330123610510470595352734160578302769781455724600695761944288749 0.091951263813490205141045520935891403091569641849562073148656423517925651071474126324683546934647371706
-1.0920310667078755081029087132435875265959863236688374173872674720934231125609072565207352710577770119 -1.5042506269001099122846501740084944270160529379584485110624391088940256522378350696690132614904334428 0.24429892679225753441088496661154080470414974539248944995251937135728752047650196990643056082623731069
