0.67242864936985980577490961760953559259622806863669030564290579140768737989355600115434320358311322125 0.47041153972824718708014762893657119601337989799218826445167165217093367312490659908663460648094713956 0.15437423599957303008869452965931115990951605607117095078356145331391780575263986953658597437595797388
0.34261149151507995565676468541763616668916931108888762858611751684568184203243995465537843185734178235 0.030735304474177347570089679267545574495362617932254183170796081360660394417341492557362019365009520456 0.19730264795912644038298420679169520301531655946640817555831830906680914080318355000734324657285697103
1.4164032956082750047835106921524727532689891892779648034940258281379286618423287174811798001507203522 -1.3125823441615362062975129799147013899360437615334814050145768173536655748017067853195602586702101106 0.17253626431439659638678031593210840853370342561620889278652403502227131642975342837371627703158380272
-0.0037339692468487210656604109531178270838383408343855311366797994693693234393478524695427856774967647059 0.86668390608207012473082418163288058945471656789497764478126710649006342145993317298060458601738016447 0.2720849402938223972514687763086442292060703377215361322886231488790204395906045165483959859284152009
0.19082498875442526698184096220931423921855130250751979412272823144870832785952582809789096541034865518 0.41312871083928825323626551820888790204998778716780478342099346180997418989967615348425516150492094215 0.22440170883468955764801296501947860766251886125493258159964017955270742203048367769724633484689054519
0.11943190664257049734151247161551232080106072351340680472176048593587743901248261828533174476285663172 -0.29595984705037370605528894669373622255850508311241506401680557499001206122955297272938939668231900183 0.14470234284919870607280957650039650240616142778155788850542389671043161291277914626440683160261951236
1.5477043957407098477482066649088926815030577800492341036216931279461636734327275658327487577090595669 0.6665181072772012890209444611184707339264817983491008571252720636330276831376864286493738927927743311 0.08012867338140565600133449231472615478202276182897237380292503823524483852795927951009946958294812121
-0.11224395383618292174719556794391808588136792976700823975504834286773227279071353403917524176870663496 0.86389306432477957532690656779285468227149751288632887288268569892383094090113459174871338333352406244 0.15652412365360464101339086500509665323852705169081464571897874324188698044813623982067229552189636416
-0.39014367830841679504517539210671317861498172099942994848346112091626884161835659115776444975543213558 -0.78969929846708647535613790969330684164406345853955854522434774912976199727292080204740283907284006099 0.18930328570105963138540288108925928283679103801730809510230174721853268596194581326078726933523739873
-0.87823455525810002068356994923622496129004304788922017929728392178099643593519179058509518566260250163 0.99901267377240416118931800016177350980037322442552693284870819629847630080155091856968441781020524187 0.16219355292906381009543460079803812317032104429694761156766722731240882914255581271929986106943487174
-0.95218086182243860317816885374189310052254192419388592441847851575750293348144525394954155858427591134 -0.88186808155307134401397100196444726835625709612175641009652854703755120431357758653142977841868019587 0.025723517962184034621829203024788873365558250190336266186829888339918121142773978828241215230548254379
0.067149824838629152697461301868406923496175416194241698730968274476381508285651562704265577679589256028 0.030621275621780519595657749674375388009309694486588359882417200732584319639216302310719099682681016857 0.10686565246597224982095418589014929927383902879388415687730212537620904369790315136338498779386187927
-0.50755850487217560414535789355096782369411245005593295635218197087773237999821774277083728027532478941 -1.5182805326249321829631189605123515248268463696674133773309875737208471861090430744205950953652468955 0.21942648534104450170646466832799797062716468869200231327919995216265155946277618495311258068484528799
0.62406067218946674642879112158696978679356826264485007704109467199575312828443117309214231364998669402 -0.26509789106943441863761108770302532312390101452191949535803382366044097757614938781615675520786272041 0.27193493156270426670792643779515536953605969308596321202411930822640097366320536563202793958658116466
0.017381689889622738436253467079149643774495443358254040031519111498917883223805536764754033237615909084 -1.2124131096833814546798528883253518987077802486783425555622726963803750015942789809301747590637104924 0.096429112118944210936070955981118898269304411195796353415385220953555375030760610540760424771754065429
-1.0942603771885938196334764950906765656220464657903606831537597481158673521429716140933473943506643476 1.3506442663600109138850777962262784278800331085799149016042055980197370241281271899391295028911031306 0.093311185883590065688384762293256621274185264268730867310040582134256312962921930586212996661612044242
-0.037753206073537826184058834578623505840349870079847417170698954966081117767252444320996051299996783482 1.506413561070492005564470986741276804248908950908633830434512116993858757849068007744885713091174079 0.00788798197911381646523536962407547531113355273396535160170635009473964065472344151582016000730543967
-0.085473542906720427591117206677153288451979608027083048705536607336345541963356433851436518232759884902 -1.1316961627193818112068114065398762111998855508895615070051005657398097607185233911450947499905223305 0.14014961382081562477065562712170967661988121233433139130378482275835505512773137450769937403762964726
0.89833855431964876202800329872251208470348149854374373725139207848130137341958858078384623718354074215 1.0285335645560420864030995070977402141714587338585768015076980997843832211985925377445794602037184499 0.013165589434641052043217880888120151883435022097817982712622083910183037147718159506908212166411275811
0.78856210979652728198972115304179802141238846967563213796234670839951910146387588363229005568079887621 -1.3169465484869498441839821980827278822808142304210245797155281748576481540450290604985840780544687799 0.010522258989213666203317795362011108584852447040833120144577612310293978528608879600014112293354654995
0.47639659827832935100455787023187582708535286228427257103328181307875173984890164662216609403817549042 -1.4462711694636608676838844534690327848947783162625378204183928919042848458509840455481900423416256358 0.01947917369615939603542801333278001214441561373762328870150926721817262752067455777054922975614892694
1.0957680795491281254834283290330497338417579271709567855688899530132019247717927526167166589579548256 1.4080407308444198232804521767104627634525353086365435020517818571516888046101735457084183551000639262 0.24355032808913745398100021419739138564934372599877272014635369232777159059311468571533009401842051227
-0.26239350251169224305036269605713785018251841886134358999851677883240122582353227620884833126973155871 1.2768916141172871287362369294009657725715596502819449329065355132186920794617553993882698665237956334 0.034276983680748107178866973400350621740948802141482571303560635225835884114121347908485138805837736901
0.27323628554191005901024432499688577308364837693959735783757010018958840365528602782872237633626721417 1.3063366224259544246173822249029729651148064125378323749829789882674989682011751978046627612968250541 0.058289674215272229711978423431054547662856441509774566513813711878627649609275187960808016646233075479
-1.4150561286957873905722806660876638017549784480352564516467091886979356938242343794058732232791669571 0.86168455516421159175599327218056174779509223528558674764499013702665679361184572310669216295753254564 0.042626615643183715144447864872991772558172000684424489095113273982874409477880330480651479681345888166
-0.74747744441460982569899979476034584997520542171431757273085947046072380239473407342096144601708445466 -0.52412427255952462255160681138081420365015168792092054883180546180283736560816400169694440180662896227 0.20408677631391462032960602934770515539106570239239875571029102526716794001654984002705021059175433953
-0.57038673236395467490211732875006855819532755663554813203937719392126663855560909697652940915397111633 -0.35837003686435814434853145052644686468574642964727706345532565642080961471975956521903031805598718071 0.18971775887854882784226185531732179569576195758406257349437874123458874513117518926959065943512771938
-0.69678846713650634105165499682145177370633175076111478239209417340210677827530088952904751780059396953 1.6655343970049539026926281688935789101813877363078786724230529929140788772887278694096132548534199153 0.11170119353529603030201876305381182353727691070606632915086653268856853155545050849379789814691343368
0.32261204246571234640067140138811000190784314756742412366455890960630322586559414294382630450752700402 0.69449407493826877165378724531877486848894170640713383325549501492508040454432033442203008021870728415 0.13190953828700151507342764354236630413677035379509966184560494520931661393899843740355826501202998356
-0.55634485515919345042381117868347854804721290946797948447198516409989138219228163773207938328154395841 -0.11497029520060308662531893027535367357016513946230636999586503079235357520851180393306156745246018017 0.14423138684838488362256910838589203310042420009796435859621349272703203453010913369120404673581194719
-1.0879068795568993088545910655834094619444403471766883721706657544909308279278219074865575473014241392 -0.82115295968637681194964720281605043793945553652122794546539694602951578045028010948775092573543627229 0.24970654876639312983617772643669960922944326898068429661215982543835473852104380782970904800189020366
-0.30243771433041486237191365401123608579440949251199484465845714686634783921994875781362597658662691519 0.84994937128600362758867458105486479600277926643463841725346223826982414441426605908640953783675517811 0.22133143385437571302812734007775305865285598727938754160729487430426042643363047411075144943830815724
0.75836437533055031652139935424358746132993874613584079400628769028248334365693963336260657473941430405 0.62480035087368495169384058089454161593007514620644559251656226037385655953188189410076327373950992197 0.081589600120307751352268131988110384046305834229027630687190134189349154216615295180767224242404687026
0.042251737111437109543274494997438721609945583796374041229595867209263847694840198540536340560073110873 0.069274904670662704906225458887142944306705523294876524251641554631427721168288514590727594101837130432 0.03151141489301427424081853812030405177245532468120470164436716706697016963205915139316687666602150793
-1.0158656115443498177532763465623118022435985258930295847861578388854202643113789496819066620638663396 0.29043456518091177732777678144268173917983895369583584180735496979460753140404028396667751645489973772 0.21509853742163071036390891145473414939224531720354165750950775038484628241478852398507390166134050066
1.0251912000264250024370996629836499800193207048752177133241661447520727476126235785502013760050930094 -0.073933951532191405530016678926099527862120955514328842697543037149841024183283324809533759540706040493 0.13248551809213252013054878217584747482324872218647548192108086839623992145527809322385625506239475946
1.1527726076972971260542288916563103221784487224756548596527407258994199900918340417426578006646973979 -1.2389362317909349409542891753706506639558546626469143525254362569001355651297468412306184642999108823 0.044714128395511288140570222783028847482160580701378295239110374270615162570088580995293469941646675913
-1.1810833036515836473170658395065803987210464025386251834712745953061661984239247063078391766945887401 1.3875372937363258419852809681258840660177369860150390592397195351683528006200551657706821825235839325 0.0029624291065538510430192501971059063080367302791691705154525003926235015803072994882528785563036025287
0.26884775403347211095315184082104516475516507304233204895484323763862710452354111973772417500499145372 0.0057298563828938282495818490167463745441949970097998182333383047205390865645402394056788750062884842044 0.034062802535026470389178980533022998963960990301474266994908696787257746290319872507021432776782997533
-0.22300148134340611526852193401254616879934161675664339088920356191717090940490328470240122328456736897 0.21566490091309903381280482274257650672194682763050837877687221343677381969433608649442367251883689746 0.17707506241894353229721266096405027921130095727240912491632684374533473618481110782161591608389406141
-0.0017026948440379988302100243539996962801233068119713411173606031090246363265526031883405005305641136315 -0.0038499786900009903840182324669421132426291044041394566238924546364504462572105103728527613156925235538 0.03508020164025688612876759032292650762029096822691639873832225254237554188697010227988368469850018445
-0.64676157035288414844642345337295488508327964083375064712524564696096473022533423344649261958593035811 -0.78343056485905891710473976386503650952620902734043874571512281510534123737697462877846211098175041818 0.13438264050929129161101321346315791652235037335385063861781462351435998428912559953232695149746358642
0.39168154691138781311473032078659409546877828609420386673376473008828474729737016411857764865210515426 -0.45476254191175700946182720534567528140475936795021910203822306993025438421099555158977285176191890746 0.15715732768407426337378368902710865671350821684436787979620370986934422094084812761012821244785397217
-0.54086256799817030822675518117361596573116576909928263040326884577262930320373333836147714759232956021 -0.56139160342927528067277191608283267154880082571845561141405620080901968936357189580591199038671012843 0.19882680191969976687729498925595991225303358188537070874440102845345343142391804274261289822663242445
0.55103513001302688095712250936585979369214320088678738036674331934098715767472339151952822603120978028 -1.3972600535902309074241878100256222766931275319540974699229250845013197423671575238212514964152518607 0.098502775889016813740696192903165411840046016905699949096938311821187774730390972462619437418167589093
