-0.76389271446564046260450461717139899741002330609540716212150978957420325188276272729063601548892163524 1.2358570548404363953901235489007092271159176831139026355565025212456263939103111822408871331549048193 0.037720200897477669303314941169908644155074716537563270618014862145032679080909340105158419288793227369
0.12009244660119607169087345984268533325231768463482326409482602010574000028754440301429487612605954147 -0.19861822927471272130284139109399260711191332674124863094067491683889612813716451342385027276012537838 0.053989668089008765928938473738115007735725951019037024276222012478785230692512571534864164986407863257
-0.044847652132447064100649088910972036902680893214454636214495495855413808255531317502293209260263308083 0.14953970061698228651775799399968906431209889915850762755520532148715625714735734715067044745396926324 0.18029596555949430553908456827242173895179767224131647229507209160111141642898388187548304494548132175
-0.13189521535207773527296590116765522365314521354881396696807133764731585990771533182115312230745766014 0.58907358527788655274685069624236888229517736590065844457119151855873636719173186627499544762943276971 0.22280010122399835527528404071106977189649458784532288764137997438332666683311358496147953499797813184
0.31843099032292388431578526763419775917905566085357702278180602083793312819856390782297262747188422708 -0.81454201200610409264341920615916589519791122165993744441720977516996331101261081838553834436050802808 0.23073323148095117079529860311881457716231983808345954697410928277008981083366305207439552153117226435
1.0980275077870407311784545816708870688306626872326689299570085839332028832583882218666706149236976916 -0.44854684986194237871447794072823462359782986065830098424291070079860624181258750782008268219212949624 0.16738078605232390863812473002714698808513007080972039118748464285229656497757691773070328593432669598
0.78743468623298571738615639512947642010408817133506525272341801795043139668673742692523798472345798065 0.91847240366467558364757901045941923365732407538069499486394112277461985990432815083662902791814672112 0.1946292786081972655789215962363296518053753406139605208356328997702824349886856177954493309607000681
0.31346639054519341173416508767311386292580787836217532385426856856055096918480338319449079328328870809 -0.30174238179238938666576962918705831164822667360207681463149106391271775208132558908843984918346680577 0.11895409524616932888298321822604148490211120768645815648465290089137217508712257482031981451231719205
-1.2104963472589587416058633027533564586224822988606911813253305452355654148795444099776321190481729566 -1.0125545126061657927121045379173304099033622650047457881542562046521284712105187403578367292648850742 0.25028078079357719029445416805859130282272681250080030524381991572497319334150516170216687342922922479
-0.99142158837228876431609388804945231681381956121841322315549264714025309695693371925374734286421869373 0.025935257160794082560662743116875887193466202494466286778400123684944525402934772563654788898252647595 0.17212308273862134922101657629887683191559828030954457589031692460520418550733245232563015112305533578
-0.89142683276763259407779535831402008425765996304737461052167548497012812756050237299859466853047686222 0.51122831108199583864745526023121345687605176436028073290874481557838611972121136133681982597669955493 0.034732245759288662228531013489528544722090813144159169650342466886413862703686270519531643802155555728
0.73823187002087626676861636554812501769178590946640102538078019574997952811403154438178795628431701574 -0.053283931590847533866714898038658528521573567969318901453769470442123188557746604246316475543776785586 0.2649333649613102473308419629828712857488375798674571121427892114351955271528546539830984860989205564
-0.13949907329398107540733681556347461268151392382050866459403221740555487517388551875535856333190177992 0.42950073481718417214517889903272323792616401218408602170946917779272716127771673097390624170175354313 0.18833109790073426041335424670538940103587338948358217248002784902960832456358053811178062686095165266
-1.1003669544357180071632073781462676892306165699796118909164915348535006271896782157984176331574172158 -0.35410589899814665467862410453447457063114203724211378676464067462767751668900977914145540265022550036 0.10896683204661817315897414391486486785609165695644880679887923906953587997601666757394848593062515079
-1.6437168292201647191790837511992311205602796864796915921195399484079479604052923363055721848268895266 -1.1109690098663765246485113321504498516244705404850902228456233518816512389065229798406431187611592161 0.2640358987081111788063763883892738778494452258589941484088846993391553681534259456729542932657216529
-1.2100415377712331462909678678233282030828047429147846333336987563433119565167849904762701527750139677 -1.0142275657806681570183805824494601973027239573549850150278080632871163460836123411634953536356788502 0.030079954538582462720897545282002742740741012324110381977938752641662972489670722843824039487169777626
1.1391688985234347200612597074699826951242847554142233857917876654774258571055853626145207419811105015 -0.94596077543684465733301493274205429949346523973591852105763091102263480052682047885437722701528283548 0.22819627956299189909722437621373766407186238936147249845096423466387270603284199336081100441175402994
-0.21231255864753743525918720814645729434082842393018948265765473068814053036301512755585285739517078941 -1.9534970341190012069981169470041529482098120910841221788727997796068555285823215459020996808197170078 0.063076672907000253535068864981815567199445080264190334788315475430162494173790204254537236662548780237
-1.8753721141366074496458222681706494679522754461571003971041883375618333518927694520065132930393417739 0.084003459459075646080764578549618420650722708300509465083136445245585582149661463009858503828452601354 0.16477845429595335143908127518715445503051864219619114982725565166779014101543641821623808396933855485
1.7622773178455165894518372516811136512383318964577195570320799935374429120453247505222514351008390934 0.12620242278331402238781352125444317185214720034652670270511558929591034316768202023449777630634436282 0.19273147806505608619452071676805597281425967409687758400189692065715786169716601910470192227224949384
0.13031137843799357737088836362240712151696696023711881123958559001668218559581241315887570136490495557 -0.28730975564932633627392439032777522980393626947960024928820631511591806570825706308471963027642780237 0.088330465513202514123547171311152266872430784204053195786853149475903646242289927838386797220767385518
-0.81892582580166367952772160469148888805103772766900468968255687572956726703511405270643076207297344469 1.3764038579011709721008091073755295182727014918374411660373013541920055411575077537840358040251101491 0.26051427512738897042923893037388858708832285194530338045119574217285105857880010585439500725813618854
0.60070225650604678192000471559622677007578195472249388877698756132290718368082740072443253569907337016 0.055966001365453465478467851703105971774538266105282681209543526562383073724111802426116542559475255262 0.15856190139620415912967268398994015091636147904096431175030894024417781840301292850185754594350356829
-0.2137760989690328098805211386519961154509407871380637763760937288410062828532464770115571259809386069 -0.5250450371919844544578490964249288568195930813292015846087971951128909526248009338152104112418776954 0.11397712144792297787606697045485691348515278826239065404888862530763973502819925923903115491765697388
0.19285838005987615544483830503924289754785061798501201162238198239540568758942671880172184669090980198 -1.4581435040294416475171148997869127151868816821582158129548819744765728062289203461810159833784856746 0.035536703202773659202834767862407192493796828202144783423484196758292282468484293983154482983077856559
-0.21370329454106373451690321473333652512895468657914065585050457379880872847656608072208041620988054224 0.39146515978878252297200368148398752301297910063321803728591056790783172784299274071944907668855728456 0.16982529688368312093276994330580715435569459633140901984046093228941898776483235912234847299707214932
1.363118309767168254700533421076972607395305445432650076393881411162195231560402453111824600860397175 -0.50729208404671002422469264425644649101316610631904599209435142029471642261038243719266500593374519175 0.27440700377770490169805264212860359073544878571645566852919976469037711040130142540547652272379104808
-0.10267313940585885058758546363454849675215082872756369851900357615056376355800039911891544760605224459 -1.0957698204613303733322554382558700015208951400723772707318285186454522467477047732098094819118105248 0.20113338933912765653004414759195040066934018819394156571498984500611035876350498482964158464972210611
-0.95725044787160666482496029246665448029262120784021896592393414176194536312724092331493390789523579556 -0.79345206088803143960706598174006803774038228419539117295802813954031653668547549666766512308239032421 0.13554574575991819977285730803016008133096182362226235751208331158313381384482767948779895379005394713
-0.49318820919909152921230684585052613979108406727464983957507944514830767560480832471968181693906031597 -0.03139855126485507069690228349971092438862072057360190952552497329775146808858651718042012539439203724 0.1879317679175698691192072123922075435433269698041664624514431275019014695648442887392860858366481669
1.0522884985778881907635497897646432458102695877270400579157364364956499459791084736442393958458198467 0.038817220613341553191432901135160412923513586780464612898363673245967142463531029972620968367201515172 0.057088538364664265231641066593676090094915718976776393707786043577967652475978088742627812152781699234
0.7001848734224538804147995890893962091063238739861845631383448200932078982523367247285365169791189715 -1.4976280884870872143206818061865035825270683566434171032046506091001749928704394485470869212114407845 0.11163257865446415412128386029146309916821754263208093415327549726720911766230909590928226889904791625
1.498459108741741212698956292342595650738745543181517463372075230957666750380696420174068864400711758 -0.010150821896603556309936461942419929400309235420826521519711253403466795625922532425934450882145274206 0.087950188126846101367323319449895470945488839602853784239904516035005444237767341180994288273942741829
0.18792389420703168872359100097924549316416157545160624951334354035798451979593711816778552802784528576 0.31850417445224218780511032524230515879234091546173912775857551818580003256315331208361856830805620134 0.1664151019720658971994581412442843810299793630157629114647446595213131560669287943384105871752305871
-0.075437941708857726048468499188775956405465843728235164670729791550451684762606235876607829606843678763 1.3085839787350590369738155289942283145431657400036699422945575430111366968128283861645768660781747269 0.10903196053622633289014694126705190674345541884671773072091015774780115368090012794305872850085961029
-0.28823895305635603668980886668998476356809854574418079395092646470734334534694766562774868975824606346 -0.39904813616962066911517305055320279957346294089113353665201099810869477209971695758036796542162041923 0.21560253205403577960784199844734676275026543020730601820274813600369995124219753802783980781549911994
0.35749573756191690803566974409042183153448449367427352804692830352819919729576497997836671388036483911 1.5907123893368437954620988822846670637070081769103451807703912597384710838017588305838693030854419328 0.0056894183190228028580061685423376529219359044189855827184552569159533550006084354727278016070846046737
0.29429609967270408484505732559311293914205384258326288554283073439675695810558132435759093079361419526 0.78221856985920665105201989091694029003983692783778701637841176808692937157185935616552154746831979559 0.064079311184196487556488061843946144986987993220249031969011170603529911559672062998388451178609060116
-1.8124355136338786207445080362546131259495262419663271108224327265661637959316665872902704491344443711 -0.18090107586927617189970815505714510543516027995042534490435193121069483022923155037399828911090063523 0.031149056219201631087837561140233697832768207980569180364710115928613146075977889934676853579611775617
0.05233337728708439789966312710403897118156890948455845946084903758359868538633099005362601999773347776 -1.9200468086986488261187162159836080387483894823790401585226107504210322895590662668925286423396157983 0.25610251976055701901454147741443656361244599495177593105977040587643211578824076433318666531323667513
1.3540110793350800507209830049788352562171021774925888450362497532833626008678132104690399310084270573 1.4272170806795662553145215790356261130863470286315142635227773058572276867486254054041960645500848814 0.13519251276416010026231824406623721839878364341971021906580206682868832464525602259562396789491673552
-0.29174360583254824931310409644040338190717522889280255905515327139138538025577141966496558579463684323 0.46484029820077727474958730680013291673363833498344894419145743961218934043882350577508842337925560919 0.18195903827559070028602866909747169771210816192971362992562355382330873809563773374999934024339080818
0.30680177223034343164513001031747205210274954416906028110942064809393484990070772118996616154090575465 -1.4664267883749107413444694433398357463070773835908387544542960384956290185505592154375207540797442617 0.15863648127815704235361062098217876015161040845515739564540954793956695886736860344666253775777356103
1.1151169632689680221341241598447783694385103385598095114560086617569917299304200118777012094429364148 0.71594865311168959018533449061059462974401519937296935508870508812886882288727099158540797721876937795 0.26254521799294340920831677771276133234152568666059568934575342609186908595065636202902013477738954154
0.33176756595923501850883344144609337229619346132744476490733518108263346507865556753758541940936162102 0.82864326777323211389903161357591842301309773560011445545855041654666233105628741353503806324476302857 0.039059886909339925294950723693681580015513007706821101315538729117102236713931255935666570662335346851
