-0.53283282182316271979212585036078396650098080792412406189154352318171465447666165922839712811101640132 -1.2040366943238939559827627106805171356474664428501685432095232696583727169662234553016374160176833077 0.11396953089552769308617881071775947190389689386885367500763642587143412107416720337725701856946318977
-0.0098202752302184138545947985432887817638985239929972865017855091965732198369880202192109428359503919571 0.033322036720505146736364355042580307048740724399146253794306685284869645159198706378425453701175824503 0.15277679137711971191157731974497551486782683424812126648686214624048902318994491123017252725969563354
0.25908533247994047335318401792708706269371060114536861558493184742916391838772332004684613136136344573 -0.77990348722705960661386599881731479479889523057199041214683134037885215244404560805385612200995785795 0.12666831471057605172483990162480887688506343966678601706808178837143423771402727430949330571317452458
1.3892211624300467894440082699998790524326704053467609064445801663204173397498006170655412573994663618 -1.0509364486289571635764313656884171229228938483671721952121687740778057643410503249293804958771443297 0.11753567380355046467615189880347932876740612503446508039943869162331551231265600511102107105105895736
-0.9777162111063873749658609774222938005687010420455191324457715643661124798962521685670919909637681735 -0.92985386573495892661897352881646467914996557736932040914658782135545259715013490952605134573024965998 0.035441692196592842213081389903389635738167709659321577847059153229012027168826708931655926384034642919
-0.29810335848202414895670766318960670067311734607337510892466559700287992953665924141528171520818890781 -0.88109195346567155100920687296830791888763230045558918343607958562583956302473556361728639531835780765 0.21006211335754539725560552057806959636394330180350779968206828342222407740079897699464192868184203341
1.3549247274959766016083326025266474005223775775493996893061538577173307231010690702763824057116190182 -1.3667494083198216864333356419728565394736925582200590826739750390733773633811780688352520174186771352 0.17150275983232365953137050367424750897632791535999904503341615913383938571045642425161493134165447649
1.6099695378149917696432486107112708333355711558675958198217362347152468907575918815516445350703896033 0.59126067914039114360638274777866135179239098562710941276135562724191805814347044090792505710972075544 0.15205232725431429900487230940631277575041343903043588910089414096188881207381981278975357447491213056
-0.059852434835635315046866487604225928003498256970849914962148721130326247545750755951052578622042972685 -0.24385036257229467732337686161591730749470745896017981270136134620591499685122513011339627409267174341 0.030959404554800894472630562176302848415373748351628754743643828196706581800757257661362695799665976673
0.17445749932892661187119443372065707285903478594340163076726298066318582091187018535718937158696516709 -0.15134283761204867865884169583903872931025765735172894705847040733622000692659184645358641026006877293 0.098105061980964454067316604308946544318937210358311015308520206641286932241627809727422146723202007937
-0.18803443526936464242688183990000056515966664256348555447988169371354990080133533211991377049945549693 -0.39305746274459328354786635683496880356109347085810118705498744833309046043686043044771358577908050042 0.054673130766274996158176319503072808731659624936466652501586830241758044993002297056045817261762754984
-0.64061781322645687173658007551554064251021451782720598444498307149849090254046263193904250566520752029 0.39619425698482251131404258412043643122045886452328508324858982985449456289075341486070231787849541619 0.25894341626638783368461426989956839361483801557216630825722691092666515595243072749402358245025347144
1.6071860289271569616412804370946146391689089917060719861762654858585401310413240829609909125487837227 -0.89989639416755776279069122511887944989370639785933258553110835204292995199966905789457798351812884676 0.0022517827807537643287298230339407722356675352416117245919463922359882063520817588705742855268826244932
-0.19795734230249348644371445950522450047379976372482602780165898697440650631541450328151827003367934161 0.43554885366061683047461060858178038543665628693187420918526431150010686486000034379487847454576961524 0.22668961079003546673966128521518882071154611964356269488055833599278543457805498582176113270196338974
-0.016124482257660628050823019137549909249722610696672785650353846745237621526577794011004601860287162027 0.12274448029521177860201958080625993069751665889019312806365008787299373338155319360570055665263563626 0.22586332718784703626623871802035390617594718104014216006881492340786954726171789508130454089700099215
0.443907816611300590049525733113209810198459764409077751385896300825464357681490338050272264135068324 -0.20714372529345727285480448964809969733546311263412517625862189877289747897337965285671628624332987786 0.10023039745913433169734639070377016241003779125091459587487448452713878511033248859996501347926325081
0.080321076900201723081980576770139090823687901030675716707458081301826068820295239792441115872870414229 1.3894581735333375320514015114539006950541333780189235774431709396066837763401283764064795837873710689 0.16164743497353346726780005121629153928291900814519643910443469906488175772304797526886932696341863283
0.96908760618116456757722337672770403569706586438974111596801830659480148376706779898197061033190895812 -0.7342762606186774285372454138252600911544554100336863082886240919084773034315976927044089877058435103 0.090112158449882954434622337102244642273860220617650577440591205372379415651904382366446384081550773272
-0.3346692892474617324759068454912057159190891599167589206766019709543573952773681060463497807249823428 0.1442373609748475375044302232052365010785746182600518985224536732861179648256457330724812381756452103 0.22263454903176493513108902676162414263349657397207083110803506294240164582127634294729012795064703788
0.11132669906049457832961262153737894685464817542458836661320350314020029088201531256674781123336627223 -1.8699811561877705397800311328172766682697112145863842568857444706177696114680663999982947810429309941 0.26041559647254249239863613056955084671415934759054491421867602765466930451322928793288969440788144151
-0.84019556476709093383525695896161779388523880648499340241858350147622559174991465246666410855142859616 -0.78600308196543705537341443296462038308256868364696371329056004314184345942312256014308301796294079563 0.27880594290015215835493068665007317874691965275797210241172306172401547533295859894489946170049007577
0.070837382406874532615435513405800976242495528975813236282162004494322388476799069194697680264596986615 1.5425511109052422200803136181732095781899802292381676227325661106314329106711067825368977642971073197 0.18059304755912585532812323240435273361870360068439765742494436944785047948529266968940345665016860882
-0.1858316172849324364231463225503328594307627543922785481165164506023270649001054869892870402780807425 0.10190495335265722069940810033212769337281653548246399432204390662688347172089751477012991379057695829 0.045869838501514913768597320046794834308706862907525353261778134439689452165670960783254140317520970448
0.10795211775855981913701166375179771965161706452838458709833952403029506143515826432266422021237909279 -0.43661577263497731966012745877320367428133713627645830805643732850879023258132235884085919259592804979 0.22782820576091086639454801645586631199239669558250924318628883155925333257623429347041710505212591497
0.48942089253684146472456021709400115321700480227130633888697040814800829501932430286976198777077637834 0.46499241400262165388081272166809150590393151646809741572905674603853376350155307496854609194275635819 0.16002823938121524058160106818432194849691988098878233588969448844967787938006875334791114390884617331
-0.46059971614759575499574809851710183153547519472071606662517936940512846393218012332144942038450295412 -1.6097143478145193879792459930042111243598826116849138355644972615099467188232913380321521444879209621 0.071972870513045329982993519529124184220359218025422155065407982652525532250597487283520870303973323545
0.83811134703567603958393339398433759281010188071985889945490965419623375513679309075702148189182736233 0.98108005621033061725088985836312653585328331585349997569410113179532585470664677812412239408338458178 0.030975888802588970832736120967098411962715388899334173982661630010590308346214673437962466165496893531
-0.36784802823218165003198504424773411019829264133538832590913016428134236659793463270144107128237597145 0.10961331344859472949825305931965481374336828932096557066701457955171083080795597759898427318950644615 0.25165225132010970572854421765924646099910507392069383251275829284262702994999739528816031669071199351
-1.0105950017259151059750363258094120455487362696283679988044394515750373100947921375974218597271226303 -0.02274548850849752676941536848548737927025431074010200152795497073149288393640041433736101265414213811 0.25839245778067106986453953573901720541315843760684358933696913585801436577614414709969658364607916549
-1.1371536375227171274315925475036639228679551289299986047540149158565293768033441644424102660208385598 -1.4150346818473589146710913850081144237273669420948624203345758814511377455306288398716410538613757511 0.085590502468094533368948541099181365378037444666627721024383355427783278090767539173865540836396428129
0.1342131138385253918044038743886191807697059278387284825154830446968431254876337693129957925292322279 0.25340119350280495492075386709948277658251349373014818534062355418474453504050733850439436380406681165 0.11254821789521460890457944078775795782952328574698547559185603020760837167221569363039958479106584429
-1.28839675967086733149615316426850947727876109863031584658277030192207480438394377661741377797729212 0.015013861228200981203699846811051164181904598805930224125074031791436907321441300940271908207110500734 0.16532204441843086043706201284760310956004677880404304762384905231964640887313763377007584571563910971
-0.051317437619923353809516612727612032431754660203152390814140347956525359174876992007764569422187353665 -1.0622087281182820223326085681490007424717892247587830201546640895343326818227396963621463488157104842 0.040535760608222947456780978825571573993932847592890654454135366718021890241404620211685081998115686701
1.441276905818136906380871384776859488757764286289082010006291656159698211186794765916899802161956816 0.35655617801445788169521461059889033057877167347522972430192848764125243880371032533977782889702617901 0.10602075036649326363968007673576391692201168113962848628709140166961202442391531131625252915562552553
-1.3384273205672445743403327820739917487128135808585185367397088644577430885395893294734667843252632128 0.20076455692052351372030410723387461988921264866896392846622350693834197055533679622133301246147634584 0.039536414284509342984045776452722940665256643168258383233710994872156762055625888446083578168095143113
-0.10281828090974769021239122092354459062569978748261707713657378654135347032632885222111140805043309801 -0.89539165961823030172081220457502196967830368393665966585123955580400876638715281365421807854491257537 0.1477510079222046825572210721114964135517079920074349090216984319835258665056196481019384104671277545
0.44624346712473903953444957902070897518444875500629791470032887050515800140066556912565207943716357039 1.6480828450931762160326289527441426609647254091684933291677665089890817098016180364375883611310148278 0.25507989561210476593545466630636843011822689325131413349214676551818920101510441060975697200314379439
0.75356134715373050111727334092648951375702129777364638453998568201843387450792141067475278161737986067 -0.92292998091433209636344834478420780554222486386763818487730786498825618338084304631517918807291730139 0.21991526414800596505046696422700825022602570097010383167805350011905937116505627552070371271006068828
1.8372032624646339748122316145235699225774380041114847799151096650784383156774641695210145710905170924 0.75277219678658312441371034185173099388519500657404997638823021041917684636253235460557911229068349331 0.076009231103807949463875675722512879683957743706471848846253953550489195624318282773065531004342622895
-1.1956951780341268678158167487075321610326594217703313904056605678634637022598140642712229818020682051 0.2685516474305300694427098112823919097148327820583986367597715797057988306923487034158728155069488867 0.2537009777979973427564170240491963738311156339404117846730223287122361082933965750105936151757478837
0.65478390048016548631205987442616036570716369770475338767756630821306124137504295393809341293676514853 0.46235560778095764404182262329557409379364046484146534629448651375920821847857211737627267105838458707 0.046978965909113707437975717076024811018075034025512988338894664062304870932927044163303515314763086454
0.2559429775834496734626242724629164640236289762446802852700286325415586638808814223904969453109934767 -0.71166648447587498240341845371820234800981572811051038325942369633658589119092974362822742041148199518 0.085523219195104718108110742823968003404370548672788107327192234661452571580914709684904461259367330474
0.41844694521505893032607024192728445654195754508114371415832195545872470183442739847328975380437387721 1.5082122437331888003972627050330130129229202487531616861684865888316991238257040651092718599687545034 0.1281527735406952470706834091788071696381333324784492051768230337722869993597598647986581449986977755
0.37162608928815704792643807898118443394492615785660106159121387181618562967324034718924304308930543488 1.869306282832832214725293862861183532740282457488738274837131384221948407915040760714119830195138913 0.034799019144364633496414861547356543226656995658541647466857570442651456442450538901396773537958198749
0.03828317557238605018825352320802316566355997416371462157760740088176813060790358458426526859338519325 0.0042907343449478569713436218119116044196985697397341060596924852756341736730575502350619808629451526126 0.22375967970738076693241845296437724828371563639140104178058476228173788681166695179965228707816713932
