-1.0512896818004183289429701866708696964740005947847442545753132589625604014083872073910421561577229044 -1.0753287099236868790236785997587876208193158037031177861101569670242960499103964098361894499721565742 0.068361613613296375135153148147504063525302554592347905802252812310796912335660185680367477077825252
-0.62354277302261230591177585391419820497629953490324583286812891328754503961453960222569945612716860282 -1.2071181002932759766542607911643158619560582708699716432177225561139315925782937256402212992499650578 0.1858825648910140524136448736685918227629531602891236970398002376113812761789740445173544501588414768
-0.054005826016755122054211827419676115147493627885726796310106267444420170658757443954538245764722692339 0.096022860094878233466149519768989492303751180870607910504151266742668904818395706917108026482905151558 0.1359293458620994235025828220367311680653850536097960522672389888649280983946538351565223929617789731
-0.56294859207347086792209884785461809418345408193307947242078858087118320159967864706041322854503677609 -1.1419584370919905571191284038670261636486469974566035754498506271226417277963569817050797436745157258 0.25328241307509240648334953737627491977126330187709853660576594671045600414997216794881398511857877977
0.7790471623482893594533973701696167981002936452856826493758467566967523242977923237084448320254052383 1.6942604196209696571698192165255882026609670577642957205937076795554555985844361401343732708361569905 0.18188934291932543707907695628229727779944846145624102979337610808446847213249218468135310552311651523
-0.14729498554602065845928765338124617927788347118202875258277077703253349158888469811217846598962584212 0.085494268899408359773563734456543546501188659874118730271331038710096969388141406840088069545949505953 0.2005472313357680087550898991515306216490629331737114855046160785126275263874559731659568623230671751
0.5974894612886292392181800549154606552265183115070672846436231055534136466659045451615462685581111397 -0.98421056319620995757689332560215613981272035177950356888720235929721833397253359589123735990165637519 0.23847247417938754487396369585158524912575147379867186092577806885895896393613924421039215602641619977
0.29288467723988041744421195030141319281445776498757326983741494008110943039134089656078144546074411486 -0.1897980264294445238900055281445130734389997171697246479240074689575852477662981343445466362125159151 0.046882208865054680331642172261648312288300001294352733741669680775783704102839083492178097462996612108
-0.84586579329797852748133507152248551134594459433117928249967028103704272775155960583411749299674668463 -0.32460433168532020454544535016468441125518225907687178644634051767318658943952878809085548053430433871 0.035514230110427992497727038624054296517262606936325456760077214714190183555166156258740640047503126364
-0.002523003656054976846411306631217549735747926427871148435216915567558511730408966212526127749963090309 0.0042164960464044716227545081903578625338642447545945139627084621871572093038184127913790179394944416312 0.1704736371874827074720013647352851024241502416149021168207251552330549484681402738782745822352714479
-0.0083774563947183014869048975956012100153616645873937245540130662124836064175745657013488995518958390364 -1.0225985268824088712376685406529212457430412053358595825366301320716002518634046853366330544556704963 0.05437070971461249048033664956677869132639234953722366423168649537108957987735512172237561303167455809
1.7863599871066916503843030548904705013647581384432627159765575140293427401479935986558254658819239426 -0.17888702410152310662919717226744124181942202557963770860135504780575915112329632910135965026807241149 0.1327934437418565123443238741523243920193649603969776462784462460550805284056939668388761240995938238
-0.91023420443956396826345049125816534764824774714372136215842787096772718292029501334217883086166952278 0.53886671225601146696787636549264683869428376006702642473341957174047947769608157929652510330222397476 0.025094921560597618625040550717005209830414318770678724787360067522069245108181886445785677564196249391
0.25631586109562663040998523994242379093394364868370149517892766253825811881372221133568540157040544899 0.58103123602943886878785966111683314869472223086139117347562630883172864667048365651257020301379016465 0.039849919631296954605723664718549075429802321407336910548203926538739843838334907767696453378606131232
1.8920936430828908260346164673280988855150496650605598402117388474393341396325734900299145808952579489 -0.22151133751796792036519514754566325972621841747472081727643973784390540376973117695064179214977302649 0.0324084701233203287445341200135249203181973823074063459503847086227712107985129824502413173512653853
-1.6195544814857724975797817112138436924233381460998796415822794608404454754021067735425696759699942451 -0.53701837714323278871518926334614462068571832964947752089316054666035382196220656522499912648176604363 0.1552109487268670555734372507874986259159358468895924494837366208967864357566642520180129073922284054
0.11090405274139228143567119665180045447161730182935804843465292730364837658354857307440156294743744693 -0.055944566428317998490658368790502196964499855186262912496170532188478066046533663362944589300494759617 0.20644364290266378158416973779287098516733995366229425702936112067276867972868309761385587273995396382
0.18685864831150277449099747294297610172655053647131008021846524736899412487230337956925389488723913718 1.016594190928936529131119309340350066591532503637381314188844232285184227255008637018929061084418912 0.24329861059949807712043323521296016342072758288733635541639475054016252819946372086581926164516320505
1.2969341533316384596409276348599432593498730059917270251588491103126983320183718163742842569490765471 -1.4267505133186047435713593678534206145017176913170689049802320172465410329123178829143292639042515088 0.24646554163711774616165186052052511248863304027849734235900072266745739481171135884584824680856881336
-0.73723781270424538816523488266391043721666700378425566986448337378485211718572383921142706134647101636 -1.5797972042360260915135300417644275626557569621906470472822406123085025404096873460324731377551815673 0.15465256875882502969556550146522350356037983020348403509270693886271073832899450371783912978631116893
0.40124815443926863632464985953317715429347470077868703840536362785479173893215988583875300968430189105 1.5232474692695776260519748247874886273950269791544739773431751980633454523616070825344640616717891566 0.021544832332499136000237598415312198831962130966908078747112288359202890235929777332758288866320606337
-1.0831901214195869858977098118300859432784608250311429520761490718653016343758266096601927667847466365 0.46877956322190399141906495128201782564294518106535221597626085249521670265667108059790867972805101541 0.16615884876598063408268406121648717638816178409101160888165311878763834266745688838268770084669163548
-0.35446551438216340958130066559942908489706367714699153972629287347042566531378811553225947162221621142 0.33819312887950778444681945949992728559021004400510080755204893582286156118934158237860589336938574571 0.015536923192223939979804971274695111978403744767534899072340428499093194952378451159273033054295762168
0.87550721937933232359694618152100540127835934264222179806495432274852098322636659519506930477726561321 -0.41515314797159424188987356323990086324764176307965858010472688712871859635399408664550623364014924624 0.25478544836158761242004328683886443184502495395824112564517851266406852750919565761112938874631895734
0.056812590100219705184722146750259202545229160141632130584601733031062872923391001658431163813954809516 -0.072380497980472906003673903881459241723694979269088131158515134654283571506093931645495840026307977134 0.0061974518387470920135427596373677555352538940511511146815089842836075431072844500050660041695983888072
1.3648569522828203739327382436923078388907113691588054047292496126004304280170371690688171888964041337 0.97200758657581570535305002830308734536327708062155406938070734219929781613045490183443957104123662542 0.17141400421720928292869665427803874189814932561189648650173417183876873525931246115262411915562996258
1.0753500748012030327153451297109603466597715381595768832177577251371790046277087203939819505485427616 1.6146509018970876580370336858206679102551393554031571927095129207772822965002987515157498674024540038 0.052438103607102889891808011783734146132748512139249709064586404953739374540824266348947296957943449715
-0.39909807164619955309804871105534733718682453407969909410436752501377018282926113513382240217238618493 -1.5450735880384125186329593801143486061811759354540008011383117164899408950768093645676725710681656832 0.013405970999506501411789946937937315607058382416871458488051819575896219077460132609631477872597772578
0.34533886433353119006093634010036798898613893200436353546769896878001781080875641897020897429964980576 0.40420666337383690538602853412934214864561945190383099406418590354130300076100821650025096661927724521 0.23660445235365700297092281884757089560543310151360333803617151344981756617709705537783650587057519032
-0.57424990577851359149085289520255841252654513221781883907858625195868027361180879321461402106386243521 -0.0090287396703987883101694816370101677189865372970351966699966756056836112981865509740514962069843145814 0.14121197447357096884874619487840910174484350436675128381643282662027631386387973905536142170729682941
0.073263058016162337198486715773933244761037060868189069926780420086204528832586122566145189849871745123 0.11789498662414340566613741267097842320294610605254038652276515619538970859569681839785215615231757003 0.23699676548186442253550853226036683205901782602777256884828360848313939471527414715767276672985263212
0.12864613741596589040443907055739717125305528525398551550541076450812720213803329752632989696445216339 -0.37254530525789417057884380825397872828763375589983226592835010425427228142579855804031695431814891117 0.028188648966610402646719316824930378208266416006602082086925575972458677976873990516474051830274741184
-0.60914999782331177695619414602062101236175007610231346940789545930250203298304477441269961574754351324 0.50074236342267691138457471869688146036775316237690675168103685745365882485685921943702754710589238004 0.21173025777278538634640511228429692607607203468608190160443754210245952298668257206547169892565641497
0.038295834929245899620063033087040617172105313242852939823160840620854186832888384347424788632305521526 0.10795183137472619817402929789225354254154454555004081290044532804855655204792560472361770976905498604 0.12849684552420299945578412983023480065775124015041112832163733754010210063981769301714534456275076359
1.577750702121830293393739359838781123731830024108912200922822653242330513544691220941960188858519963 -0.31910644809944173493569976204868660401700364399583006314030767693681280111325767722414229713378727381 0.13647227154578197147413449561873751152224837362859044836381399296152689449067395597969512007330359441
0.96920652580887392726959039787525100508198327734074369356870733352597491455748422628520395026838978219 -1.6485024899237954948874030173233953128520930100345128815634230721454971502066550640919486817668062724 0.24867979683451024575757757061121906360037457857489822384809814484307262179081926769086145869088341912
-0.20499725044600186519663899469098553997221620926228532172311068624766966564843408464418269875796566449 -0.020729778776455328761605119048078942556765496243263078072489414026405685440102064115213776907398975629 0.094561547502601197233687767196433076537559006432641835099921792659537417762061417023231045122036623206
0.35908616067198747895475525390300764484295958054002797324193191052815391760644392805979152018393996792 -0.54911382578102921570852696648052959944226145666375658691031127325226137885770495108259487279732736969 0.23384105710463387034059063909165073118483072259094051626963466670005049358203841526184382148063526714
0.69125098647516841460333130961245762466222144150168984195934294777026203178063933139185669924502515101 -0.46668388233099541681463725183427210743184135605929214019633937188723118914311725519982079560947302404 0.029195682016907821455592976763469806037422824645992145288524454746738495196452693293769958911686968197
-0.47149030965330601696370044184654754874990447084844645603531956308601032163353436579490279615980497945 -1.4997982465162005101915288511085672311618982607097987007624533682995641297177413328190384180432995192 0.23363447652878783667364802139825053715600407958717929533780720706214311583339899100288165073266508403
-0.32451676080416316401717782716703261862869277892228102900921257665500641644925134273186651725406670591 -1.3911477916879449000769070947358959902317876557088040157994072944590029802083001273953527577130985539 0.034075823139107723932778408556285966006556199125939011563955743884118940514354072866192559582337879888
-0.48661806230216798290598787580398121487828573711582072538894905450300235937990970699964282760982215733 0.3196347855144128123765496933196801266794307062638538991620907241363979860280219478159302714842438018 0.18655118215281002778206770895853801646429551507789694385612779679223377844301687545624063296995115925
1.2541392073319339110194878202433110331461624483472712905222039969201728420746362453276183466840557076 -1.5253994477697917360046780105040230503675507528654410084342461608881711641312040356396094463800948872 0.17173760345045346282397357692360897718032129238220103133725589161233050155030597779306873922810930006
0.42142208906341697430606113865904996135333417982024988266061262097111815348775257511177884266775693174 0.88195418139790693126920961782107139599777661514642253329451291681426151062808059145717134124347910837 0.084234177241080385908665472789557178561949654187600954770409119773776234839034263497768204792932849629
1.6031139248263295147885553734880916223164977015732540013178649019457609892252380483949213506586216133 0.25084000244021308394955857099703595832072118478330433936843457732233879036443785932745549265749927811 0.10020534405184899041106552517661641387295916952934025199795689317152499974435019245494967748453603682
