1.6284926826969318243552707563904613639201962124153473990251230857998432374339458031288284758354309256 0.26218354579542671793634020987079673611610335137074198731866077097598501001313730754526395926336318277 0.20283161457344742383358920883321090380505419786939188742026496457961725602446290513727013849812251552
1.5227077644724043074734207887458576748057126841598775891636099976701456354899548996930330184945662119 0.28928760188876203424070261350994069637379603882749981868703136199809056151050274555443377311151930203 0.16847547504695136998917349980734997316642805918910156617248531009612171964088911181358271482742280806
0.052529504548318825195161520635023687821311493683486013984647849784562732324837651037784053641040181479 -0.40232534034456677346085688889381956680733724076959119154247311088014473020322443430719590789506362889 0.069687211926946599361656384517219968858795614981763794415240976237187097684547191997855696496353318087
-0.34398131218429062640481225542010667879643204410613300634771429968220109350620959624733014125044705002 0.94195401453962257492959340944791878019751525221684021510976129330122517982863472398015784099830502565 0.21260296612990153988795927429440456478666578795536958449466631986425947169183087150780383503333814188
0.43991167708461221038723833804651179323215018507743760868692613828247032775788894542208252709583045712 0.69375931448318044371162104108953402177902106844858092124217762198032193059636867526691661453254012083 0.0083049118641570734750238765838331054491120215990119410554413020690947325366080517528342036242593160996
-0.42131486275215185071350096882887305214142016984512559127720710790379148725713090224824469916810279527 0.28999156155601407446034507500658222295929849166016915496483269869703760236447265118082415139944339097 0.23204389396430237305897287759736723966095438793190062349192847244789502247068217354765118042569820153
-0.85862435920599181428509048601775483268517966801007934387488485288721692738666722087193130271163120381 -0.37690383361391849072710779087645216248666913804267729101331059540765670972367806070196421198798640429 0.073841925051492708580110367997544923638483295324242205769938798436001373998448548607593373284888343039
-0.31805983352518201826291206236978797023613754772083019560412452467584705411214376158926568246554831808 0.89631231393402350809412515220174212346292553160027402389443975495844113619468856655394764941197501663 0.0033102545247802746660050881961853703709863218193071901414647146096663379236917476395051351461717080384
-0.15654457830596987633705538983999285478015075155394194947858317285845290160149243700440768220636278506 0.16514515856876559001141735612911494194129132827214830665533883086176183936559699204262534099334304688 0.068229004464878010993839775487607893412683283144767810815026407506315252781618653179585745259316522401
-0.43393645464916428759233129837000523916915632327740111433254241431109059958709659475927539491613664256 0.48938687379005976485650233598509097363798174489825142862157395850809123193976662751311285861382403645 0.14917086120023298502878981843986463788104718577899964610654352053691458087309296417879687703881667838
-0.10971617793559745767238067214412541311799114547680464112453998075230942179434039443169005530953165589 0.069948542076417496195784289113944898144913478107960998296241776688268589913007380739642499559318641452 0.25680040494589049552187533290365793123411720204866818712367332495509164380221620466039106324129653266
0.22420733672437017407739841907156137417180053931447145424568460084682934283950125144565075929286908777 0.78184177168196547188216692656473229895736191677805508060200090515443045014609185216121908463454642296 0.22101518092570141319770984713194570114671650577663880743211637200889531493139411914168480993569135884
0.96549047676018756745150287162975009873295038958623151522302732416950709642513287208696578230411676572 -1.0392235527468197395773703406885963598423540960310177342251583824600047662713328252612670146047864317 0.029830248886194625981900111614829604615679909583719626073031927833518496268304379590968065230266984058
-0.3168483931893511068765263789567903090932604941444734743242494311823336014374910828021967338590676923 0.24012424512656945780969216889117491440796920482389830673033949104157216703191803406449033409610330725 0.12350953325161458194451135730345981088409082600038170726599435865518084070242727432319845406159674424
-1.4145084743488269975674432164784738123960469245166862144789560059105308700301314064995887120168925763 1.0337160862147993777553240989932287910502630757197927997756580791686671164893842603352568427391623226 0.012965998369523798959433761233948926824438790361773839107888419750874832122035046694446083140899797697
-0.67489698322021785823202401240856093044850857007399262965050423196161808732855162330814900369256641787 -0.14099203103699457289647045509562777864814605441281763209801356017180184295759859047058581206121835831 0.015320736168726799016905530929010882441023835257654896040401620370923817115532269062543497907589574092
0.922105800750336549393693471382826209892101502528641949977625354913263355601881502952037425867687462 0.80547186268857175425882774342453987080069086175142113664226282766982758974993887378532889044191948692 0.10023083612040929667052076574572193134445959156890216900476183197591703998984442130541048943136097943
1.207866075281840307154391320137317890632458424470932065553068636292721560236775849814540484614926593 -0.78920943736552732179151532323229455761937717444937305686947215778757566043569616708163075128472956224 0.043191529165114009711262836058072309719032665027500047030353412254226949712586088113497963882429445487
0.16565961618320071087457107629269375526558705883957054993372145293961529737497157569972427135917461494 -0.064271695654546957110055887702660290973665517967422201948920480533667198977465692014699900783654490032 0.018805426697102694288607308288436476130886630251649343696362663675519935908374384626328920150433774519
-0.01488592316657047757546432470341833122829616720366802325167085302868663921744693152974419424832315853 0.041754211848166537735579447688746507702909565855048443665244694254154891104347140249178758825299844805 0.24604482460497907339242176890237560614976294296163932414909132458085927283134695762315745882643701414
-0.64228405679279130463963975090316492409256692300435198493265433029747129532212845698540356396233930221 0.6657886178828155607496592035339448899960541249973504746613598109666134723277423735001676726188086956 0.015892822984632370636673721113955272851779607712424782948122644526799405071906234715140966880070372028
0.10918260028479781497260481750353844530219548892059644749663694456089779042133182139695090192301307602 0.036894564115694873690495535851804998298475662926328483624643740044311734519253239830399732696345989883 0.080807568973736132471980670679465403500829429731799813948234937462270499943314181079218629649414202564
-0.88030763570878062357374636057315194140731459304949339227940019175237489650379496602669514255785318066 -1.3252862277660910050567690538642806536755696514027620750909343558440856819577029252613133666797434483 0.039916009617461166997476503606827407113990934370483493965379021802892611411576627367655886015346347197
0.069202039461226974258147861551419500561867609804627620477972557612208312103377257479267018999032863351 0.083612568769194808952329114865751134302073489408415202154899686853132040326900480463876876355935094251 0.045833277523534438487593959875109929686385133950418467248193450719975822447896106366181049713429094698
0.30745265345142299933905812018270999944960646666769043751956835780502874656066934640474555066157264268 1.8562457745409531112679943724365740386027283640224095897722906102469286006883586387170547529401467754 0.13795986405330267976594261041666884823529061864989378336757591431139364733991410420180265405401872484
0.1524002299222573274438945091958639837758951253900059754336845155228476775407143559682265203947080353 -0.53306582224848385492802116237485824904756737042654489633578407732900273931712542529117080898619884267 0.24642263705831254598557994430787852731841606785361234898907541151224285365966795625338684787366589867
0.60016292424359786691597962653353861132004635265740538429577062178853900428794692364904478250052368688 -0.19972914550746885690702326391559873440243696335773044516271817956066510535414360013018378156558203509 0.21110187747453914034954467348129897690548469723368041152262066581206457806963970572171493004597574185
0.19580530839978199168479519372442329391973650591703642366634574949822680712327794649916642176733909363 -0.0312432307288396362688825198970074638215368967786992673228837274116099874649772249205590503423502723 0.22364446192484851805067003363481563949044188060598126188267507936499276451683040687864856010279604942
-1.9081722918866759324977347514293444054095621173326586591888032938611468965514252574866268788208639105 0.28369875000857878234242357196451445533579539604759210802014930687004521147947999171860821271738816491 0.059884219305757394673747771353025247656450299488280486082458037631761809219764683898883433155994236953
-0.40785025068165129719031840825950737270294985146276726931830346400271867583645776762642847307230522276 -0.27759055581709090229960834395199393705869767251186278571026561167157908927574029482705568896179083359 0.052218571326858167882080663538003552727281223134448629065607137998079536681410653821444287868933812749
-0.095478877483697114705731894862820542549373430676293533091097327514672940955793900521936810882221110714 -0.98421828567601643133362884277141257416950034933420688928842722318925993541756161357103266852383583211 0.12626747236468396727574107744766139575359244569226408574403126992590972962046311706466366917398363432
-0.3106817598674984077476557207075142940224122831104625396873044738452138994013426353795454813329898789 -1.6258449782593544850955223131984400354428138039741651480881721366372354648424064737293282665237785672 0.24072444535291204599937377546600177014377735684410060187785522005938063107104837046515274701544347855
-1.7183318483141027305095905930006837488234457064049295463882322253863690188511998932425247917288502266 0.73056246657505593615616091679739019528757276877209754801790411441362482134889323714060173771701668884 0.24793671521856377999547290045315070973175993385490883453329362167222196414031886166951587116653132447
-0.36908346906322246277561836330404933675099387916099629565994456527839949996813905297927700605782269258 0.85889499977165837427982016298820239857645840484045356361801693291536995162185419449987217156390805127 0.045748652273666505133062607357762668207195847293897222775511012450202025910547637156631096700819305877
-1.2015628914053006053708905564137181267602762953021470336317146795685467462844681283834143220354197183 1.4496063276662360397245450374380362907188474617251880009126247755186295859720797399898363104933198593 0.0066234649379017390978621629821160441347444019104764829511300810209602175579508405071412335706210766919
-0.27561788838026840432908171175245443757373776700307909388137642474765825792366851959379849630267847141 -0.66165818293259188935705955237640547614219991150076773959634515374272960928710994394025988496422518566 0.18621671945600217523033791205473930879759362795331178926175483990245330733232076274462157750199449382
-0.39254151870123979582757317142393246734896689383904664900708029742003288956074647002920173446753975244 0.87410304847696682640541402534888045264533111693165987000998517218691770988131808161698989622794999209 0.2318142784147629046363874522907216619547767812971602750638101249464748694955163724237295066124802339
-0.24887374709016763330907275189306610838969793511534851115914716262403351271311352968953366085419940589 -0.024939248806169118959838088317056592278788531063693210838239259242264872148783566914340171346937868636 0.26580832408871200902135832703597246452430156140966727345464486022741799581738686938948350977785377043
0.52717595330856840251903430711450106811066830663443253432614820696914403723736985264204875648719239414 0.12856313801547605491642558671668500999423685382147080323746993024480771494995256856189308728611053722 0.067647929661748139736911376015532039232221486830843260340093896061332884921482088318032788418575009388
0.93331384964934885095823559734878867510537490200931516824106859095546157464920359179819852490762815561 1.664069999123994121709401105576969082057294794917934923793713910943046163642085977154593582287846541 0.078017629197275128579811423739633531826761259631412264853907865971174092977202506219161288003397361171
0.70394672915965867037468512751331103220458427544371445196300853774663225020569123996556643752790185608 -1.048872431087900147892497349002439879629433525846525690147549690869031710060019473166130564641947045 0.27132255199077175719853769084187786813013802295075763079565083665460197858342656401143951669946261627
0.068609296746086525490156035260801262735814044993839450557005911115874717265583391681557070325035135145 0.1063863866242683856161622922373577508462523499793029641962328840361262667693492825946438362048038674 0.10429007733712800603900820459263099606802463242970114094962309561162757710702203164500364483367214147
0.38242433155849322443480215244007081002623632274279920873970256197564721068495289085728981150526822896 0.24642958851703194638259669871369216357847332961339213323802204343919227559966613734254507038440250544 0.11033223133873020732834046246817482366882417372875923383478264527100058848216069191590414300637052625
0.74602607098951542927103078202142888672865859826790899540514459355098720564372300765584029307113913251 -1.1674108026662050653678354898406357955615559577779771079104881646035185152253176454858361807562593501 0.17919446463747018896833277196085090464783766128496393999468228891680768924295266157758027768028811073
-0.99119435768463768143117676896240260551878402844794999118146685859933255612059094140393565645411998878 -0.6719026819729795392021096210493664396692350852878125260648494117211211026908159366424456914134074278 0.23203287944914280281040558266079352476111060110749406108881965762164167248509621192813990793069561105
