-1.00521190685129537708295534845230611736117329507847678194207993351392830984715896085411337363287592 0.90183692162240682266860366269503543708099545913045463325919126212943865894660868434629840636022194006 0.10841469797073130401604346916929464669946958019934428714894438093483273117067555356980197816893803817
0.58528283388708829848489670718405002701882441556222544481496601930645016095516195514503843207015707473 0.6957907155155195730245588880938955213796171067715329689498357384729745746719773849792971545665407009 0.072511227137923429306222310273354939336349953856949307163397407761582937686646351050194107789774824329
0.84294791123145970144756896890453359172584794707766473489279822457186793606850954560484807701552748117 0.052929650876200939012065484711164586528042617581253816880313013450814778328998816385689924389811806074 0.058041197634119826067710159551155255065260855656100266736399499283579240067787141665932583758999431818
-0.099335934669785550400987523025951206224014992724546433750008703196451427568973817808535444605868820022 0.42604582823503730530957894742695236455470760413586120211898386133774297613779571485933261972351298578 0.099086798270909043350225142959806474339485821636405575612509682730148379498627656934357294980464952201
-0.24909938598959000253485424943251663631398104087789227565128541439146945137804210555618903286222506954 0.10092789072069564042582584006039375067966505288712234176227178570946129007257889177841569344567344227 0.2619598063883764196368096947263219245988826570068839732464066214468652472895594681484769328940080808
1.3193426065417474361829180344114844302310217383348514026562190045105697106366229249370452772781314053 -0.35141564759081838562678209196218590868200691331765329890867041162335941502516703469118164995754432394 0.25448011988655257554129675209139268934589437467910814733520635826921755997570032064079890847758870969
0.53803479180449862919599704370192757559178961473477587082154585593606607756887484573964535963327471606 0.71199817114092505227571564636701901171428111789220829811116712321432841608492226039439703004203926354 0.13811604620836664132529314738476905583286391633005942079398319614465678494796264146552695271044431858
1.0887802477503132512887947745330834583999335981339743272185525237134693567027332655651635122442703589 -1.2412785953465086073305874970256169493203921753511132370433829683490245524627012773986949607158684422 0.13112425571557376949815854132615224694630445022071164607927987533294395079436261780130808032117935102
0.10638224514504137145577075978651994933517436002148245318160434550483354881190445028010509542740519601 0.2979766917409555357844331590705531137553650293569818084427199151280976417459613578575860471453369386 0.18190118868766640879258403274004499627628462244074823533784282499575509565768132326071046807803908236
1.925994633792662438116662751644379205212425545648118875403847089104436186432021000825730011905008516 0.38130989295072930826238880985107522643287112122782207655668929232600857353413586096793469147159332128 0.078621860269733355259291133980501748209917044438586630557482070878681674950421863257844026498260084966
-0.069932976133666644737450215196035615379229496530996019095865641612302480027009999742783142978647322113 -0.21335400256164809916818141105776689873138816252969117105186359197434498323455277849388105227720357998 0.13237618445931311766251767410003336352076507380140363218836591722188022489122525701570198275636545791
-0.85705793852025494566957557314303043687908231305986097343836491466934960987974585876129186164906857719 1.682478975367130541734662952748612542589591218325869420974219598296704666968347649620828688674793213 0.18327848804722419956493531015225212223942641478908225151140895794636533118340400234490113237389640077
1.1793583520480582653332396157953424555290654705941884324691137126659628659874349907703233585316493592 1.2096872552268982418636614785916315908877011189869098670066803248995007980153449270520939295082793654 0.0097123848146961286272797257528413219220517075557204893342946534252630888711194374032903346125242204958
-0.17870515265317731532005522152146129077782533415777772787943383770071393493371592264157587486558997415 0.54441831092032207283613930762124578502012495659086912934738048744227921906493332320341955758587901781 0.0019347927524236198617615503205977700642745138235734446889348096898217009369607989148662283269909194703
-1.0974719859933969401378919259380896975699353494412325847670557118388280436828993023906801245857523655 1.3045501154983719787574063133406540462198541427839544441503586952719890462833021063212150396298945195 0.1353315342344561664313685532012875918318291240756132934780327772619585022698523533241793305546888855
1.601043730735431383331714004791408818802047098086180470231347089476059382763428010234030401611026483 0.38904014889907197033663372501285981849828027991724357800241492210315289769611284463530918674213945243 0.23846334403232161843497752720868400730801347797809416700414672091757595112422056008592227687728860622
0.17992144601186399423083901364536342423281280120741481713513496148434309106016301763846127556456305151 0.45733171366188687846244006031475877579344699992216877155869311998416459750590202154264432600085225735 0.21327637020435559826036453184143701049884121737239637960325370087087961743256986962723113250837441791
0.44350750974248035522432974202580845069051464015048380371029497857921379357454910719796436119577976969 -0.083335982558890019870522941654858021769615521012275515046384672654000873407240334561858593881655667448 0.16036170962967020401644490587423582821861356624566874478699985647416125641264465575864424106490009339
-0.10215198714812960947154617703514161607639043646219133002621240375141315068341658556209999834486319353 -1.0103027588386746708025860082460234747377720554808196224824649417866461517207473870859718684997329407 0.15783259131326049886190311564225790492298234801786713248847910452280852809679391457447221048106194531
-0.14427511734656229181837186176372400832724708307456191335370304360164226527769190739978276962756393354 -1.2300054110006920353885493388353464624579755687898578900656578384687964567103180204771556432694143421 0.19028052273624680153895637764093414155484933176078660536213616172058538178472856202806521555191262903
1.3167828994223462135652495403240773800252679790886859958070625681004633097389409970314137851486581654 -1.2030525062257480601900506495835215407054855497058387059763404323799658967773186548708353481589707838 0.027765279712898744862763110951389764004832928956372377615014214408551242598066958124275023012144877115
0.63936306387238145723221548212031891067040610017086451401922618618243770849371710806870749436359152814 -0.13692113273587655949170257184001472836084720116308977606711953690699696422825181377377423404111043824 0.20976983732546127206190233506552580065501073965445040132422419129182575549967066064884523121738664453
1.0209482055510303675074010535409035464528191968589734826557917770256456423191203789661804776369714945 0.82990193626818701209478509334089234894901338270112211157999477277699180288989767053690576463724230394 0.13289799889786061566827455509303428351171340853266985589351991071842451903442739787374572712041776777
0.56925808677894862717811818631738628191824473351961821983448131969489561163640052813659378490911728283 0.45882741962452004356732517487583095778023150987653423082972537756828891585834376399177967226604981732 0.15822537924614095195548719844247326707479858858069766769214303699312337540691008551989006109643565949
-0.06334391415121929438878421961728213114013912252424052600858597226428894974077778677011718696314564367 0.03479732346840433249817175653676423074233712139343461855279134306626679472718707995875600154451200669 0.19752734135203720514554931989359223030499144731455325992646942729483639574256848944625793963392397157
0.92350121778040254202288674864919849525487170452387248751906696398180820916968918953009841811033004498 1.4404281902701626330321469308256569570266994747401393907785570784193107477296625072855312160187622815 0.20457335158422069541691107779568550134616617980991233863609412265122170259701921495125697766265469793
-0.59339398949808271735561672802106147108553380420691961431547435701476988673087167535112136795850675484 1.6411461313610448037301379214985849823605708578136047861205471682660889247538448051027651279264938981 0.010124782662039239904894051157084089486357273982503423478023649371375411364668596112422359390158920173
0.57819819454175460455658132765129747433430572273860769186034188232072597896375940042019259054293156782 1.2110550238518466905917407598838036460955510208178701247617561371680844220875673606012492462443919341 0.22888158196352049541925727213063945555103609212902428886516508092610705391116252481357657607085882611
-0.69012992839512440025557355348277670047943748648653058132398736064655356539952001852097917628383785289 -0.19335528620052214163065247705400006585107148724280811591476606045839174261753800979023064796178286228 0.23966391720659748388066567279033179710565093772515830942394368152196474698659249645446068710659708395
-0.35517130339393934214710774010248897572552740437111761774523484317701597225121843000907078614060013296 -0.50994328012613897151277896227177454716494347831897280751176845174346094300653687868619321166609901948 0.07675587628591926992664726829340404418899145386035296221727355155412327291321234483290968998567537927
0.17459099622514842872016163362723817477521804525262185965485686846888512586248421416203616683352453594 0.14263616432424752391130119676384525690121489814809397020128784038529981090470306090910595882056079284 0.26545490833431867029595443401913252507791724870513518834990695741371230546166958228303551826961258157
-0.42524412504035011589512862038669248288685349131265352325602667205552359885282087308101151379601617395 0.055380431078121040186726464420644623873190230251109736931714992493387856116843020175664863909786864663 0.12731984422814179758984434393700953511958302854856344007738087118703765215992583990967055421615232155
-0.58154666659813981522393454841967267700404500735572380986189528464882396708598123978862893116951604587 -0.6573867282628251023763832834812277154335496472917698231267105241427340816034423518639356585579397836 0.24927585346068509911413152644142342661447174134027524454945613568230388738003733581653632484189559867
1.7988092981122703319285579168794945206820463906805382108897241434521943789067793236359247499475239056 0.3408943599313578473815372420933662002550393280591701697433826091203605684356476795062071816333766029 0.23688743467759876453827003128105963686517669508077409638813395734865708082656084477700328995913372501
-0.69717100240717819453550691591646767010441296533011300470993450574829546538988748586984205708774107756 -1.8068183265255360441362340314258786433679632265171854757950067515604157630661272195545662639063853854 0.19269787918617800658763961384758616114763648932748638324286124662063334857949982464297770809197902103
-0.59651434387230212526771861565088928390880472612689163872318658421971196995541980040105585000457298367 -1.0053026417842645799647521399950276929156749589063629481756194866256112362892801890464060556271139592 0.083251838971165725957725105774380354150134184125100699331495956932937374456886100647712767354418935254
0.065213857550448196404487752120704087208740217129449751825787607905258802618041913940761326668007245344 0.031416243531898989149337063433204614247931938220124290502772199007453599052809583766435905451446434584 0.25040762406013839354256411233729084008091637436427730557206267534113286201500191561312887698355005423
1.034646858378421674192758072825674898220987946012276299853089291873356792702524056992609257853442969 0.25614243548336026577986872092221705828462173587601852462708824513734645560870702279747431797398284619 0.1466648584492551048986437759363739578047407179653502313137997477243249568615762536587289653931041599
-0.052689833154786883499014079761077779982974873320443752897251700277940264275174745455593712850533057622 0.054077720948378504190125227773300452040691360905508423622410380696107450644497613916273356990688449441 0.078324138498571909423781295743786566378294037444800822758739746514826712960128623568168884441855698821
-0.46781892331880198597116878578986134789010950485037509428639377153711666568847097435337556464007025285 0.71750404552548417156850429501265130283357580984041658812476572892672198854662555770320155424207993958 0.16522138596644048474866398708927915370090096903636328676877441914989235304009652039433997470491546792
-0.48434175873204684547006102782289773973074651927702282840112501450531731594077241960495668999654852461 -1.7908488460859009717077098635029420901887034928522741304766035765548907427523014740873653726681182997 0.10455845589366960676283890567317643174710065495954207284231747864505346450449197301651986932134051819
-0.16743686593488781179720608412633313584611559077415398720742522013571566284156932607754373283749634386 0.34951447631294150763167497675553423984940401149369486995233995165772973725127706908420285861659803597 0.1689298005051825328946518794463568147624862695659928832409940158280665857689326456342609660808168461
0.83539708912594788372389410467362856193791056061066011913557902650146398571266431635675426114869852336 0.93523502742697332232423856671793184719607867571714272166645201761545796886683814404305389104600643618 0.2290555744910732879373319953297258356323770861661828264612975048646747316536701242563234485427086118
1.5166805828858722998964881542768799674514081092399696745604190454989553369488062482835284519461984297 -0.82182345058133409450384031190424037953084329500249672644035149438097109685564276426927660678047199734 0.10919810492815571931433653530081289516502626373161601412072132149283195984750847048389824597571777677
-0.32349308615322971124223673965768015723104513728371208293912733791077930348162244521244356026983881252 -1.5737976619007111135609754969872116138341872151214932144900315779925678988975726333041753589309353841 0.16172650536230614716492409801837086429903721994608204809750895527072553284633922254686288466812804784
