-0.061772907993130964481491243782984909165234017226133833990093532013179368531592423471216869939028650601 0.094719417288627324773521414285613847875374662498915910599412279842255289529717591668811712974941836044 0.10546265601519502657879588947128442656688244086133373511552096598422293872198535702485975155327061072
-1.3530285512271353777137249657157685109558266910727996670904056029378114513695980068052796000936841699 -0.95252707464823162439531551233117559213834232098905316223197454121649673140362977809223355955522109873 0.21770053878677525234841308563845559710750484561414482699678859618937884893281562114801862573686746899
0.63564134245681140925372618723151534288628202464093241670168402045697962887340883936007070115049823941 -0.92305899641798677865802367843379887910265625778108193412427758599053201474032512722361816085581693092 0.12956661787289890521412709185790601925256714825783242143948519227529863424073028109092711557677826918
-1.293567748762173427682287176470696175012983907949770126589352707774371863746532466314800883598289349 0.36636987568603414830392206383001492250890216695629314526725281345026767400905308397935587680905602737 0.0019225742428036214727716542434209928638754720684055633619440167738455378312955539975195173564014216359
0.43471778083919717217829549002592340431616349912800254330962361438476341311771507275228558786122126927 1.8859315473173936323597598288491999811892961010836678534253807389091879427085843438858003606145665753 0.16697520012586439498368247971437185541585615685150512309498066952109223462885036529744003189029049448
0.56669564282856395065983313055731856356578518030321224834353416465495852812295176783076414775187816746 -0.28883975745924041526472863887368101937006749114261346846827768894661101057963035698038532822341394149 0.16549349738758838412361767007663463644775509643803629848646409671629440750594543804978887445635642528
-0.22616125234120778121272543320769032284437697701392933432274274542753784236047318225009131020012531103 -1.0361425033900733413536887644478192323904960446990683639351532414672417962903582703610206207358582184 0.12053929711563856402381962219746371211122598286012707170264949040089171611053272180249431606929879047
0.18190290920987089204091324987190351512381511182760417475483663626300980489860765661645189566188802604 0.59375258446437441525470566945579422902076236750799177511083167175840671060529560333736688894285148662 0.10862259325807599444189964142968180227424868620144315954004258293284878373113110530050213683146870359
-0.17168798503778884986734476812782535723297210718701635894001416569230220776206166808327187444389148046 -1.3204239779286582462999423551589850910886388588813865402495056098776386187274082303184779445149158952 0.26060443716110360784747255099607746221582244958350034684765171319630608601431052791945725733752362587
1.6519626082502009117168446382508189629391785913226833923824408695698672064516624021929442583036109478 0.60693943817402046613374658239338388219184623905806682960530370760826746623727814834599516803413916302 0.2184898436603173608971151776471241061147905362992334410829627804961091144670834063909852998316860762
0.84293754689048033058269536129527106498219031104838326030539131055483230502264316458328693067465938637 -1.770600732035231485938400461441775504162936771562150658250596632781198340420979690605290194204094623 0.067638376217715042456450551918933434671750251896170090971913769379487609658982390695051459701162111089
0.71857279425368850995423507437244733451262649525316863607947199156081444702207668725064920604890447231 -0.24504857579975687297835414384071714060577585872348898391631090582256810026996272300947291650145598269 0.14177441288312272351239162316405383005824399318281683691434905280425600161771348572852953960352745227
0.39159384348707878695008809867784853958603995063911650081726915597747011820348931364875177271790103265 -0.49676293148418375055294706794842816741381575573826530416984645609459313137037140639017702092482701489 0.16214605239425952336037012085604240426997699709937868778283303057183245144740226699775842163721384024
1.0818529794552239959304266641293795538291748912698537572056188932179668916434231550123213073188230493 -1.0816451316955071819996649145104009104449089073849979996858843763721512879407120026255334002105473108 0.14407746077955384035565827753612307040006308584549489287774492044904959309889761825458948337739949532
-0.24067784992227896397814310604193780004204466800958195128498915803649622993275423880152611975237209179 -0.54690867417360728134786597852714812510842405195729894107670701898992291593016696568331086387902401198 0.087889424094119114385722205517420215002147376077207015592557610950730822504832520351488977165457395759
-1.0119352350989322339519642681242677666023669221914687856736304697744979429973642358833490741897815217 0.33677303709557854602155230882706590361334355572513295664228262126655552912517345530772717335731112124 0.19153513421508477609408491623177984909552985901751839023911677681050094420343478511807780147112422281
-0.68584660502881697146597981375398174142672281944009775251020881565040926728675096212303548267170761867 -0.019630247038757922754143826976890668506598019624046931973160115008976816825061875907765444068534828963 0.01082978137961477623247002431803762941136740804908791156681953560793665404171159402401060154241024626
-0.039095874217731451795321273025623806426854118548146270490537546879794274180928855416151896900728425213 1.2030683809254373594271376222059867151600325776770248182289680971733575024386894882840736992587213665 0.2600831766592598310290291094357981893185402300743177370569605492208541466404478972513242651270745175
0.64864285065277613946271276897233901667950812183943368169274027001810557469733811933924819359882500723 -0.60715519533421651701928445848545253032944678760872498750263931858446857109553440761476227705142707552 0.11651326002761761931804216877062584116120050588298723698903062246074953432726629069685297289738980413
-0.39484028166861622726781010366685859314701792812850903239279081269079038251324990606283895635901416769 0.65640358348179750425283541379505888107295389146515529152196231926633097060926629707980737601763664283 0.0347347874345996125503039426042354034608049654032267628860980729614707355908943654671676712722768327
-1.33923724739290512519706769982691432414478599931028565970883517541251484987889537482437312600807914 0.66075410013512254045893976213889689832207171904042074274990962166923156610724139430620238335321337467 0.13754101183192623512378271857684009277031204894221085161848511933248808975494313437438247335678068041
0.086096844915375557417927246582446530610508685971244646420541720851340398508783161275145712577073893028 -0.53340244871088689521938983516318528164760467432289520813550058650602417147830811153997992514094794175 0.11017070953986680199570515442153547559394261124991787131803132170063311488302719822329844452702641101
-0.6049563263414361166608571697764445608994983310224817166150825318609425723923445520778228327468666238 1.0195214596192943330129667601862653229702990229458589263272810662847998371455059569093042891661198317 0.091970414549400050326809271370346435578437517917515994579767210173957909067589878974735511882066763018
-1.4437454014499048273736685290830067312385062472818681827229748856763893612547345598556768170548595251 0.88338992571825172649630744294238861310238058774611315436350424031542476791133014678987281498723631048 0.094673961386846119901709130540578273812300006876948139070249588666409835050446195717607922375055145483
-1.648439819891491084195100245130304173857999926421824525941560233550473473195849345140351895517627322 -0.94642572960323950464050704686521394213589668036588968036991217982334373515125890549066082351209204763 0.23320557004694454964768738571039116399761120393698665629368117683582071875928438362343291764704753754
-0.92353919994298131195798850182332650262538143454170060973359888933300947266923911333892223181926722779 -0.28833612345242512242973446520448869142998803294567411626183010703667422142671754975435008275963052148 0.24927667600357279769189959969200936807629994507728231044209983270056319667650557285919229458228903198
-0.028101160924996249646937522255046224443540500305616059268936304840407344278778187826977321521060100217 0.11606644261919311235826366458465254446347258257436882458575821968860551240025709825950533812079128874 0.035830954449800285249402123794488431263861344528790510959282880604657959939452951752436473092728063618
-0.8268768008719520524788290799452472343910702840973336979175365013838097207457504908831836313030480808 -0.024136685699289907891759073939464402565674417156765724932456876075439426405647710215451959266683070786 0.051390859602065712122755444669867676007694811736848150008961574265962473056513388579513852102228515571
0.44592836845092892972554363752220313482343517340901358839857211949453691346514859496634472773936318465 -1.894738779665634005933806435082035093260610124891059180290047657493186372197774291364398629179002655 0.22430581131372445656619606996803899310154894820507711137931831765507436400819016663246474421197413826
-0.42476220213464320739903208749309528860447972529170960700828635732444484023409585810354299591622208384 -0.83376761957440824702206364425617542641849566008047770438478081835731322875591819927327287482206067383 0.14140475063579985416810805387513778385658274456913045507596087857363566130474925092265274272790702897
0.036065056699491058287626818775155207050049855824109894513862195972352952779670317840141245499935130661 0.57113928516654817290269089110705975901418852720646769632135132300294093906664065382151479147398608073 0.01141688763223408041140562035807228741952065806231972826803602063548150150919064514478342376909059156
0.34197114456742680333089330065560885150130569463593013666472028370818387664441715644143555582494604435 0.34432690015417870063765608477680620981064889107770980586578831083314565911260050930964725548883907487 0.06841164569838453403228888462838850562042014760785160447292418329648764679111719455393394593198675271
1.0026275167893579907404297723539900623790560260249261158390117527228714323222768435544400615192283788 0.89222013195575867107654556960852248872298343037954813343591324119392105523409510336709933765070130621 0.21493576023275879014220943060031081331468257095778703765228781974369168524291375227574385408709132206
1.4349262213114792434996480535081980784649504229658207949593329431945282605161020633261210237389239461 0.056789747096807418368695198884137164608562527440089347585298343604302334784793249327941004972125199863 0.11572270515019877100842020110443093091174389868200407481142818124135232416568409807519502445670406126
0.68990048004085650622122991064786207905939717448501982370662185252589225093848272610411023974486339676 -1.75428999437622133963554555603687777584420255724463495224910399254782646071955235658026221850918308 0.0045725426142649732977538616687506935580611004293836123277650829355940238279685656377311629788071746419
1.139842056349838127775755164248427897120963052091750279573535269669027034987959677878498995211690341 -0.90254044364259493640001962695317991645332721951218617001692115294772050276978348658425522537007263919 0.27551363781080987804313409088964768805251964160401181853922977621734412188010953136976217925456654558
-0.15904465852343897614500866287091984713215812638267670500240620736637534252566544235681295961668172628 -0.93676831334457905679376184471127566930030150612344458051347690171880753045211351700484997488790900577 0.12389030252249868350899502217302136968447704012534553464912033437729715091959506526529587781150045377
-0.58038663550746630958248055365944802540224546574967942449539902287810905337684945433896502859961767574 0.33222267935147607366393992186601340685772701448588021595060043334843008059633353021686069733112594614 0.071852128647685170424830635922243813978558114021946455345845831308074179396264185187731992841917874914
0.40012174072078683759864286667613274108867641947713285608277562269603097547289205799549391701666756258 -0.20162158773276866207904110054337123745623219623722536450702158965326662248338320038596781032857369412 0.264021873557140599934287140280935019387584999199699139258169404296276597257322311292263027063617993
0.86686051750241451729799509073245324428584205224544114733349828112389070191080532806528893524037926381 -1.3919333088295244194216680517668494381577555174828756381650750418414903075811485621674902598150669671 0.17416051278344006592374258223375376029556501047667823090798185666220585687115963084373104608405365417
-0.65242442932241787663093501965866901115564793963145018956364691290365350676417953148933853287771522938 -0.91607702517121772300663195746350593221071204244911389503532453383714224931564696960915653310331148206 0.069791490730944421297435450539317151148065742536217400165678033171805059164405984929914366522966553781
-0.6844273931792329441222798824440113674552167908270037225144214807967838408633393547782437337326648447 1.7140129957245509137053392678107968468714202546472079763002151165714812031264550779099953384156547084 0.0355138233821449954464414524870735653737298880104128072208324042419176261548385318642974218012005596
-0.51658395336263198353375951472984897114090697185268721138697887255605997378651778186838566247603938274 -0.77321395434776000549149837428004487034659655504127053737195685239584407922110832298737022521452805362 0.19442186888093142625884359757099167124563635208932094143755854785526241777826436688787039104593141557
0.13365326944519537091781682578786433493380701395260226648099112983979774287417203708253329595876890487 0.090915533389368303041188746307790795940628171499140339573218486052088184552834779054813814012051838246 0.15821423246905638550852924189218085395803878355586593426913747612623688518929731392961079798748739199
0.57122814169581608561600775840706236729431548970277596849289849078162375920761054167657557365453456673 0.39377307965068613491769661412014452255557154824944910719739067765817291550841879547614234747208557441 0.17543999160540720934292229275687882933061317083057048344182663908370634461109840448715620561808350476
