0.10131419600346434601571730352527385887605714413352354866701516533100926881405056638742870458706480868 -0.1798412267700072734878632234688089815326092556025772536361571792996286778206810569282452655142159645 0.21829942618747078993912417235795537512613438873566893072352431655786934961830260020530835421077233611
1.2478201085287412260014904582965170065683735108310688201612512338591641116148904149968967415956630999 -0.31969110620282373148841684668519825208277367374331376388308082903371390405781626452838441778693783845 0.23698702114047933637582342835931677370064098860277077145932967554864984613807349090887553764977778951
-0.47221577989859937213985259971827424938620471989744486405358855819570693935563587608564298289768457249 0.87132474948941316110789492202767721885938899506230867625795651267102928645595774000278877113202780385 0.048029559678205262083932610081527239481416648768486227972966593754885818102813144086795215400864720175
-1.1556108371610329424415448749658199345522805251137942513946629372710934277099921564542536796951710794 -1.0939259031159585171409887546008056746754142281075634868955799559507410911480703420573793702130722176 0.002113120444064493359071143146478023174052851493109580873888136008423895834537409767055229766323585135
-0.31884920941704371697646568435717356227820656734262965565974315276821665611228371866848850644233145119 -0.54714454120644458722959077553025905911240574956281961014956858901842059268778453527001560888311563044 0.024199544948357296477677687794332265306225829944538278334356630445321441561023883052936499243091372942
-0.58744232035300636646983476527498382288923419065782093886068276646895899186294497670742876435728632278 -0.80855449908706259577905928024942239706658376203421929253442720395862211211554693108760203855285200168 0.24120080629769895763666148932447251344249977935391185221737347326057402811512810553048254008997389843
0.38043748484650893929153837850496842504281555762066684562602892090703584068505668124149833096591284534 0.98021888666990254657352754110391688429397591178617861892326338706906408596600312923257570327387840838 0.019724694174782397268425428215580983116571412494955104621412237008237517445839819224460513594267713932
0.67214914334763352784030110605854117387507488340682636087676102299601736973681711415922572996071045459 -0.6329690732486203856564584900211885243373472097103367801992431466399156442891861028945009236109470287 0.011161570427678298422085218334454282669103854602011294440893664328489406290764190090765403931092279413
0.27977213448784646140437817852865658137379493533214711500252536981908149442723663193952468427513910431 -0.5858979370580787132947066961137914708704134338160093541780637876133497664046172280623741516888891963 0.20205236291534563651557093732830024911699956240803695984574963273598712412169061248288788306580276374
0.76084233584424099211852625688623103310248379426041358927165731243512236757459901359724648908166243693 -0.27905157982180063608770491942905868204840672011980979730906619078381801305803525639603629330496983386 0.096873165491067889878039757294850735223908992421540605977070903994865595401397048885990877405331264458
-0.36982113027818883227683225017406234609821127956411822357781455986465417193964988240515643028741761297 -0.088573378597032398886170444524140347847269212284823934047728145858340853998419258875013825736675852136 0.0053852279401264673331480062226379650147827785636725223577331388590968929287173023792251468519369156403
0.77633668529724631736883650280163845734018625223884384573088640090936839162554993126054552014039005715 -0.92182291631185387684160862468668744691664581463430024905231145694922288272045329140982909216306139343 0.16150325314369475185832265698257797885615812947641900216488675065979794668194731348697283331801920416
-1.1617595879350683953077538940438508626637048133874256641655477359797954679147247902150909629822495719 -1.2557498115580590296255725532663518599284323492862415492520965723675943425915407868806283278971990943 0.27419208369859461314581037678615323043017697299326934653139430522580453028549421395132139552195547362
-0.6407490148132626677687867011463824300923751974323649165669389347372204776986651550468270790627465489 0.37326789566353772899853704586664857975004212507791920453462770976394444097533436022331479262689332732 0.24507898564204795888684021295055728724601521754735377402084724722244701790854642130201531901306863286
-0.65897236109909169054426196008192663117349182351712577991199230145514388061843875016167354987222712437 1.1193500284750929277280342715209794406623811809796502514867336202408736632516600349140804170118462381 0.22238801690522680323756701450065153662181547354940304121809164542159467969585330383940304056681870515
-0.01581477092289973752650512182446850834116576074712090419047972046874370869155992416174131982082816456 -0.33765928221254560237507530423214734668267665727052702973799173581507039908037048358704239483327271099 0.26998188596725800749940550753639627201384585707616366294763994551749864189731902459699376667371591269
0.15272324419403629572294910066498694302155050074191592540411970616917836963754809170586086954775294135 -0.075393695369580341326759151543526975619309610823867462568511841841990460433856844136414298173323922468 0.17300786487203403498275559731231987307400466911290215625688938687708925519898428339972310719128172863
-0.62170857451687866708799171948349898685796961070427518422876682205975750816816575039705329133288345105 0.18119305232766253679277264338032383431158842150689345441609549459890729685596941430594334577046576044 0.09592812028499717278934468771889982017310768087287304955564676049991123462463290566831886139432125673
0.96172091789059811758233436119976181282165686611443770397440235321038198475266414475335487174840929603 0.46308545769295985851513731985939121008172499995138347269250410237679774458197926417152084312463469354 0.058374095612174563850851426393198951256675456760003448024246870943207653066293624532650067286122431548
-1.0962929281370162520879547844458514314197936823791944485445064523743339152513766889968624885281887426 -0.79367461659526009414791026526504031162492279778534082710458012432175319735062438154268090404596371413 0.079890284872268128130216479829218796215077532523693423023441483028311245822406271986293412656707457939
-0.56113337068973611439910042337068117233796693111716433320944289078039311145652263238795537086717202151 -0.55121228443076370423161437313734323745868044023373877630853809028538688769807521449457886806665293277 0.24851291096063835490563797049872294545313616116241325737433780669664644940935979525284182625117369089
-0.67037494125997496800067607964829702970008264285902728091518038904564828141379445415766811643775824424 -0.18010078598071914908954648645788295239281265854271503878372729336146417623183688705467082469261499213 0.17323800087037993001304691118176937166407651959398221560707488781645485982365711650536331899851028377
1.1029164577323247233014751476099369600779692167469462229281422445924604154180140453672416180158160645 -0.40548737026982957451801697786391998053286945846853904390087476983152606881520859753811687157772591749 0.2128287890288982353081447686688981693044062960099429401925449824959284218581633916312702819866449027
-0.1068903370042602539974470350565858704353506904931037237636992278030582135471300995729407291665913633 0.15119198994819580022856946751928663014319401391938068959888666881691910953552838447173492865363715205 0.076819024758441054423112142989977373133768104946832683975520889817564304971415399397020556930816504854
-0.23877353535116287211285381612577252123972988520977703105287662582454192979942783986247815208150696714 0.21287901822611088105044048003642123809006000059566683907532589006929148335041302002707427879511381297 0.24342584043420492515985286946877405414718858732283705429428415535564715005623660218886488004562187208
0.45183433213780448593496397623112991547314109115861901870339038491065906156414187021435166963345256205 0.16889838820244869962959778205134384455220502311534150514398330711743204064426739824451899912271151975 0.17590184262080738782248938661083911530125752392889938329223791504786356462390690611607390757985827229
-0.26927958617913099614636527190123422240361289848902871373932114887489111988983549834933284957342074845 -1.2075089548078896729390040512607349207887666222760911301908442042507103768197822770267497657335598485 0.18579118833869977677809829297461150409582918354530040373148999256847088185916274279440843601933692845
1.1578891224510943530795409320271957274122673494979532795668612874224517228924652106470077779911302311 -1.1035831257689633272836714285999703583199545174032607004131063457177356118911414729452073167351338317 0.067721894039683315905741772365459623201337545854851766951763402175660234500324271274226157856520110716
-0.090241585914314008481249905369457649573487920664233457478928142195415001647184930948263627180112490178 0.39986243267959781762263294939857214528457680083681332344473482672802866457895823411810982525236398126 0.14007372776367461250394620635633823706044557615847177681115517269494100418376585565511842844035440606
0.7301117587373443612991739967465517835395368600121406505715854986945795887893285154897706229311280113 1.4547504254752487740888808993074374663725631215988444538018235497685217706443547948323810087277563121 0.063251454699097573886450881735206112243020903114967625082656784689120418070217277253006070520290677905
0.024992391002133972203658708954281179854614606633478890426185531138515868234170313731335415419857972236 -0.07255755395886040397000010268688625702419640845507769949023205835774461309313305748758067562873199169 0.26840693305711269384109566709280175302404972388996363868140297466506099719448674100895591430781883072
-1.0683496681330612920071492766753277660818723565891491295203472362769628209329632518826984433772854197 -0.6360838726630420648363517332250783551761295493284904207172560349504438492456054598031857074765955122 0.23806603422324369830619808204968096891508637440832865418992663545218361989755055000743603055134075962
-1.6686700236091606850529632074393926453624530862740474405336068116872746849305504317962952991511520333 0.31691909773186514714724517172371811504491499978823553448311222912232347257129655557753790196062430086 0.10710770677785794318351126246252413556264138712647020306614421174426604842158914212483617562342691787
-1.1226229513346654314459090749106534958893314634623420348242803254646994733250116123016413105609276818 -0.13048104608389051733345679904385098215408225813400638613034933259560647087014256555485828573440769636 0.27803357193908119148093921671790300095927297584682359198463513259315429628181314783451714857863254967
0.65636118535994582575529094305210811669835983409696420074238256008000667927245035127032218712378144933 -0.10261578696189461630849650313833681884404473341293461524689496063534009614734475434643139088954678453 0.16624591089857903517481507951084662786025403830900522454042550695876659010770576889085910329396069263
0.32015208856284725018187026049837293629421017193398700156259905697808155660983743178234856615409424273 -0.52845677555180979659943685268517454999274739979043190020959219424921430546075987551987158901485312696 0.16280265101609287895960070339220382139713833748917119666282286874821342250978739442091734490191037419
-0.86063808012628499653592998835166866805381301392691162460683727525748407763200842635941875466830522716 1.7501556560152067860843952814793410360294651237225661285596024577406043335477608400274897930370915824 0.015423314782324890862230273081713801094922272738873460196658043612102119013083996799870912657463847711
-1.3690400951354947353848701427767524989916489943282832829707110114717007335484510420911673538510491215 -0.80730082409385972749457472265663593359677327255613709682281520661065452588943222989398280037450901128 0.15616106958078899227744231466009172961372661081490312313450499368304709554258635468073083134205398271
-0.025855559839013449836654067496964621029772312269887408304767089370066193201357197310204269700399595409 0.059599368611175003300453620027280635922508289843160473353553736165581108716423640422287306009761354696 0.27294305107585832836126999978323913711957415866702990122193298422288376396912724465275911352833589639
0.042513817441058927393807329230902232700231044617292942943915955045243498068959830855514903408564876553 0.15134525301290268329896531842129062385129499189411153261957778825434170667117453723339889690179729329 0.03829972648364034558956149395546363575763572325466993750379236934001115546607540909831261426764289738
-0.86581602871933715322884478191284464096078258932764227320911988745955339334098672597691449269555211308 -0.54458931890960729725509566415178448250403387187530541566015871695326156307390067365240362889029802452 0.27110366062989170440420740561640606584216096744715197208622941759230451810279314188075215526123886705
-0.19150459072168361743405982336888592771918062599054635319901213311576681872025294396753269406464682339 1.821954246844806833255164196148778054275425458325476159726474482983861373676714509044028934524612009 0.063645410780117394010521246251915760542176772370448425469965068916068000368236456148573316998729460408
-1.3058378370768967285590596142445259868101961949165278527863572145621065250291251758407056795430651758 -0.95694561043351103873013666500622364656544010078843177032753947361017372929920916366880806226242203341 0.14847440696236315958087114934562392254701635902943174982632047410360696416588957970438535601770835221
-0.2274278157112391121885157145971540091084872026310762291889691338511353882451210933979832643359896718 -1.9371129782155122304972142137106899797497534365660459262486243684925588555094886536538159251552931933 0.17554222516344698575541297218261044609929364620126727370319030187444806817896333410226964124861794233
0.32314018555239684347063797445888686745468335688542590055670427739095823611225831698753849204158832794 0.81860085955922546118328956709256956357045894555348711809759486820721266865477076093197188839796698269 0.13798935121968586514556427226843858100159551974233924997519798322750881866114891995847266263807262373
