0.45182327817823288095329697739914199996603632160161996144954778884224456712282956260329773014922475734 -0.62247618089571047444169979719021758172792716086475781136639550067564924952284930717347939544213049058 0.09084560959746328868321349220349727877716028105192106521532677105173654740559048433550782404548889392
-0.7104116824921724100548592583012859983290869762846678966491259268081971490293876887029474065565877341 0.10371242800878463635546524356092916880761465372263220850558616942812565661454512758288774988347499132 0.0012137304932442552331995823765267193146736402695773286635833896444077030720551487729886395709812985947
-1.1676700427543263709363753170548646519118548094690378930627973038197419388949852934311600224316757518 0.58779207039097896430658698936553122012350104899358319715639028974983353201387746275380824124681055928 0.089384195075590437377828120794129417872525309852835312682252418208625835590370725443596425328316188982
1.1221339482034716413941712014933075422831843123459688145085920913060526612842218127566755362110519909 -0.30046323810507351531990096508346755376765147503135252402163062387715716094700037518871267786773519967 0.04387717934194119763062728318398460922203478847161325998102751156923501736267708185207782706255447503
1.4530245932871773816438635850518763940223355719255981276909425753326954351525171676045085521947862048 -0.19250339435066528826296697299046187838882930462307471734956207067021624051145823892182165150530522017 0.05017746890425226506038067374976810730513358640801293440108992637989703352769110261814582740096556562
-0.97943461299214616719431940279005831878251173853756800310273677282271348147616240989021627611357970924 1.3080843504530685036863122035173526231803583736161356771529026008178624444830732990298562592721135619 0.25048161633164381437569534788951511784249821518984237286307932321022704064724664800777127285545625871
-0.087143488492026657393596555820992228956961306055154142349995970588984189344470372308172702331642527155 0.0037717105549551655364758767287156767067574117646800682810313365332420710176256437132602033490548607167 0.13545502562019328083733848550021225324410398197257569680149091132377006551325946477897475138906578054
-0.31875972129723429226759294848581229921624226714180085130888724911081579818214886195931713840422768678 -0.99887201963232798335122078728104765983436752441333435289282130358589082998117723356698744576033915626 0.11298665412441618463368751625376474489799475351527404605683676202621401893567089965752638955841774745
0.75434016349310184764780592219934274470955657713666436899186413170658261167624571098503401162702670837 -1.0792992808782932021530003437380566219744702292986749098253038263942627309824740313170426887224254393 0.24365436334376725749624045921934955256198792181077513773598718238933851492559298326697793809432817624
0.18005351722705139440418643506326800437154220145528168188135522437589606568373543314079982966119433793 -0.62129181356025345490263484158906660986212595107129901156861585296103201040361109312451318464778025343 0.1606057191785173550663699142725478973122448821546555031099536540325936045992854174865593987943986733
-0.49915623035098539987855369094118939626095416375593921365127821352854500618765089299456892239934760663 0.69303509186712022974460074081824284112069319814278161102105915247718421151652240322241544300249490417 0.19314822958529315172734750728233987545227649906976801314721469231206432282278324410004042787186396327
1.2617885481022655124388135201960253736952516910441097057853795894960707904683846813850282290273749006 0.53480321635692385837600373474306669023139577017408255671077980451282366109530096732790239089799192102 0.09008672775327759668453941701147475353783107556254291438172733632425671434118632194444548874233079198
-0.56688457656797535731041776595293241931018490907963496925679777729680950367483289400568525926601051905 0.11292548314416507955117738760916989536770268708235914185693584670335033088300328184721685293588757415 0.13055767321288924463797303156354267872393420639874761059247335825923358695717022775320637296086956891
0.48231388890689459068322752378678996682785853601588322657772139097814631577596248666258827302808767777 -0.99207478498160970741165455783221099117586634700766256644665302517462541871948250224628040774744988178 0.14144745320690085500410453034392680986597720645257432820068011341900415148353389251305533570849601256
-0.37115404979019277055747775958094062611271499896475104862656328775414733833709786713095423684020314042 0.16805925747207333754111539285073112454502389108739661642356471872731604076777900576320282723480575466 0.076213228501013737720556481742928385735981814544875171505178189746093456823564370312452122844842598178
-0.38938676485284701316466504711744731237550982448810972946518513313018244774462679563376484214194174743 0.87993835248286631125236974635082278471859410154697616347899656863961108488949327818015711286644319044 0.18022157085669008250167486764448547968809636815628898670319247617850122752450390781941122475308555115
0.37447587070312116878958638929291032273062192974577938278239585132521093193210848365604779187226386903 -0.65049567578383115341693304284060829648568935249795165984539766769970837180640338603989110391171478489 0.08471193853908257316293698784635005710190277159278015417485052292463908238776335331551908802335508386
1.375016105461025791489067616007017739338481492172129633319130196928770330148910423313714652987649942 1.1267661358023743683362412648661834598842237557243657752250574284966384498598085058459157816657261673 0.14484557037713284652087792128801347378862168495657060195366803628842169516411300588452200541604180664
0.67961581228906674112836844904640251182448409397276279248877838065497025404069332210603973907548720402 0.89482510644054070211978500027306470049067193501936553095624359714041278824229805574641390872406488709 0.035133692588664314448661161495418326132383928440281053502394761808190445036332271190403773566035140242
-0.039565618736624116223646898859991693974946292559944197908512271058038144153367928508914122254652902123 -0.047182718252270416607226638609396342547324239992922077333058598337679694255478997308756408269493498208 0.053747676616830486897576673184101831012751187897287639118971753795147989381033236356392794647396369372
-0.12667463070286734971979570706465650318765042175473301947166609381338925302494317655169841605748416279 -0.7095984208206357761117407184582673893099682410338021820824405218459809912124070386401062943545968789 0.17391738247470489940160146713606066769755350425971061482791176345654404826017128864460521611578616877
-0.57111608987369727574074008367190973523897853200051640345467979764147002912698867422137107806812445552 0.73597196856017974143578652201165182313725820583989873493360071682676327365594890329514972553808617704 0.18295221963333363694726976780915371211118114109226058882793592289280179041898185255047175092871680011
1.3100567620758614021404011383453705272964669286998187328642638656315564379294454561877684576169089817 -0.87040418432022190942171507249951424899819461284744312907209028761087819390179580284713625123518555608 0.14315397251940086802731767005098937468350020031584574315953589360886945037454457839830215408084200108
-0.34915950557891114067163051271170159955876921877977547179094475682766447099395067364134977606860329823 -0.39536011017752817046215693658355244679506729308696420241200256812148739437755558989650963991084862651 0.13834999063964335051679434355929170730519182001299840284263409784756794329937156851197665018747215538
-1.8290948708943647298441954898772185082378057706757539159888790000470587215144934389045743471683786959 0.52081256606081772396166593683218695422061407380945230657639001191699363714831288276886165450567756555 0.12495453486172818387663443805687077770764052026233851243451050988509794493412917377693519470705283854
1.43040367817729747516564770200059001014574930963617075714290946534877915117513358184716525560189862 -0.95717098583539967879525691080844163332682064982161231133123177825222438202604348213022418487485229165 0.25617796563788719844496683759879828102286243606713704038181955264953208423523484292942932863878413432
-0.32816801101062634321867562970797428021877741941269375395291679472613167539031393274643782434535048002 0.070218861912230472049519646705004844963297701325968213522166928491317441060587968765023284420038653182 0.17317996149235877500434529671299157687573971960097891560570613113833246245409126032386700879191758437
-1.8470546960946781101000819458673493886807572740550531529287893223995260033037912862204810607947658741 0.6997566014145541061445051374321912774724603158413396918219218426237564889581741002225681453578630053 0.039120130100214918731894226984471135622957075727611283338936347853884808993027185027956195215728565365
0.044827383370135292540639948872126603843869942199867632231577105783382790471089224036024049837735459111 0.059973793894028036359211193726985322112753021413107470164584563720882329497409153447285927523297924928 0.25859135427127436778178007516258340729750725173436322457884724475273303241909729360629916759944104272
-0.95773896203076366724593617177500527779164626738504443668530400051281388113785077339632016782236544818 1.5283990997595657370673765902302258759936087705619369851168553184090144796726760483277213205144619136 0.17501860411988699485717455193016561729172909362533145139808393725968142156676292135247675234521973472
-0.014895722576920133238067750727636203342338935246196328592749593543670725091073904627274613055412050842 0.013283185583905449448623013489867387482709123680040032490641536061059675234370289643644033065764317888 0.1553250267571877114496416947128755706786346442598865260486503414159761180598272843453320206114914456
0.45285988602733894210196426065688531209659997383682156611757644688387778060548290680122403808225540324 1.9024839286254635853378780956212461443656703243190838281655209087223568012674181365371756987394108641 0.054038746209870458473880323750877451442038880557582743076497430825440095957296343121445879054776457143
-0.44489655487726941001628586040475523947030149634198063965903493021486806087556544699284394373638536781 -0.77669957589709904314309129366829253101441467669467700482659324481145203289162256990637925258645781869 0.23346259450126211920079917759916581782170549485198937885310116698952917160027445163464479203337727006
0.84292175289703324865958394644356399446870491368949441323566038086362650299737598274548318069532509134 -1.5652544380957184324952150851452499718085025500614231466010023233663904772888113138406946886027406728 0.21400688137902170695513198917779983858759265092037772246517058216254797481514887262338378090907088789
0.54886463528670986946645831959723119952894755825439125576984515673922061458357678525498177860582056808 -0.35060698431753239301375524330213308502272942213421881828725184835055976247848321715798683711191484416 0.13963390741929975124279644255879671430057275797207380127417645272566238084909180069345926333134707512
-1.270822858412879767660453882353272319172082207248877283609972028818341344768306930584913224926178739 -0.62469610790386900845593070426584211328902237994726860633151596432841400693254841935749105564436610627 0.11897782283133989425183685777770854745324051431253846166075841569123781062776254775870884787892865735
0.15478841574147162841119152418213331089016429397994662262077400505355684263423503666487495863189794832 0.014037514915649425921487103356879129134267243736185570427113831956842194905616363261920942641574172965 0.27752777266179508048688430731084857564021707471710801970864549717390769602257278632361428134321033152
0.48629304222153398510373077177132978253782015860029409559384623070764289767438975733772532775837348336 -0.28702954043450268179165857505715233645027863037492891810064643080640935860439785779608917914677984356 0.18857786732143145127562233179763686789555725505720307796715143481780816686672678438423377057188999496
1.0796193606749227036550736543481561412562126087608375051904589009261683956064705328946017410191876157 -0.11522063013901508829715585434978237164647970134809797919492231433589471965573526740068859718231687089 0.21452195224959877002389204554835829175511751507358615193420720674995152190944867761966289212019215597
0.40046310328139104188578521697862542766523484229838826211630316534058848719797445312637612154435891646 0.61742716277022559004274486079337665276207355561312906518737433341449136065758066397131327842100696938 0.19526433438690756122685651938090931129925456201210469779325792933108844707438593180219144503841984332
1.0420417618695971891593439708980401626163719155079085616788645007827715326932652859757694897262299254 0.13263923737530701379212743022394654211116797766951488441411601114258968874696935616330712137987074546 0.080461316753594006176162457723750780639274981182553034642171868945364867644792161277144266852112405769
1.0325159547073216162945075254565075595913819239186459938681123315040509221680615657194273356235548074 -0.96302311932025736317040333194175792384334929731562907579707518673172474313133246648708025737699850974 0.056053917496257958974536077608351396798861181705938016108669614405132626655215816030694258814269140888
0.22790541957368481489417853797254751008309086553533950786335566919887176224084307450231442325427949847 0.46806462757785817534579852312590431626209419194619087341209597537429736053197224570959153172124083855 0.13351191960967657095778090158856773353533715694953656088191743679759524910635261717537718410788549938
0.65421134759371684000721093870296463291480934067713337135097878816503329205005987396341765619510993566 -0.5133040178006133214630144791825875602774076847925078511008027545902302950387739330846328654518009325 0.22316581651250667457675541490411957983263623691390436079957634879945736224336875919319743062942674658
1.3631182462472305906961797746875200361984465013279422523112407590397067131734792987568906381110702131 0.15731256230487581254809854684842309037837418428375567045435725932328375905417742365341375684647826233 0.16484801974739139887504409043109351291635228761669032501800593091809476109945650631779768710299800353
