-0.14897606319665039524298912373057264350990080821142425604578306218353315358529925819252530082389507145 -0.19981842154833039216085169627228108619604233029285464352160726833437330507709594693089236547519061055 0.052769726187091306715015969425738460511114315518682406025901481840599502044694699565986584486430399429
0.87663798498620836660618777471541628008805562889604924215690102580286029714545325551264262547480532995 0.10922892668361707040334546196153307590893433235297530492738427312750624108957042075390761754987334412 0.080474355358546666853151054733482668575712935062151138475626821930322299154760497370029715561753318521
-0.81626674846487021561793515887382962960301997244505079677573760215989378905666192649220432588612879621 0.56595969548521938805937778556761844354690553701032767318337029454251210090453909523857931671618391774 0.14968675929673399398161456746029428827016497653605914370890051187653515386240233674747048158371480329
0.23532927115196046622844857722436218747572193414183820766979604719723381163677458515589760080184006473 -1.6246174953323646287137562035464535877943163510320323481565336413900743146906178846933652524290837716 0.1157339454813519314200501576295205309956540346708382460611888967929518291783585825801729582620825483
0.20181791710959038645664087589509979749048024214199674938785264661552405095153885020933811410855231875 0.25991915275311551422794696246777693645070188207786090982839410817373259693021415686709720564777038074 0.15787068354139958412860781563574092896319198012155280089377191345672727536137865114808032178100236168
-0.4708353453361592207724044133744281306519672517376940455148254536751968959212941607529182395010262261 0.8682617449262085689587766115227905312387606376293269462946161497204239690928443388472340446735160616 0.27203982576482466411114018231211164435582013769709511776602659298043623108766279459252083957956191696
-1.0750545183660380996162364501125512636074788805278301436008312760773355514254111734566536991922782479 -1.5971787111490516408468312567169447036610998014274765630547816013330012336480235884845709324303330557 0.21547926670199899953441191055691238744025567244034298565713181136709444779734178139297540923622736432
-0.15649042001240615852526039698977428568305930082432904068520633093176414677487837787806074013241181875 -1.1296641339306460646096215117017424092098297990246038014688577839825767116643043699458400427711628236 0.17695519673502978650242472167435638794728859339360921231232228708419734360355733423813630824353688359
-0.00113145191815637381894688564463671826262158796652741855130731316663445537266381930718624788555864236 -0.008758709127869781474251255335755014391317469700798211837949757680998120460590930964531008218982460761 0.12985711530379852377098664172741820994046408005501653931491007705070258394494248469844439868068794603
1.839975513789565398151856065954271154449145453350570109235015435306927352692423364608617298832871642 0.15378708726541612208333260877845126214751450450334590395217108531736250568918569344223779770841038773 0.16676081909360653439524136764068821974647479290809642148771342754490353413565259863005062482253522522
-0.16687443631404580246189779865762110112128113181886340604741519481586033858080573542886074819986135455 -1.6205573060832947584577154998336485584461897131571179785732043313254136621360017767223579012942703315 0.17153276642626572709788610574360527721835942670338887918243054813797448363255866340398322295038133631
0.067289227479586324427378090570281422192614826901989253569424541100745680115769060322630024388309910764 0.97529419770273159642854601819206950250059851460507386131183909979369421187561251566393541677057487355 0.093697306263508511800394338664394210396161081354418791841495241766482537803692798785145148657065744725
-0.32427164731442626217143733936044816507440346905689192460808290018899480813800355054875646141049428562 0.6492396561602728460199249536836626994138291493900024147394274708159743025220113810062138680866664753 0.13081290944535912449473023261117533208374141151775130884620980471171691814547323913937403545661922233
-0.26230231046041642951659051338217923555194015762277521939652938747348620066021876759228301091276145809 -0.090633574963988469148249903310182610929111965088075043075435694804656279478775886869482131874591925988 0.20305642953817333531392098962968974589858704379486658960460693283371135117192295247105247647545471586
0.51535010439344561860725875600253247110906025792528827624176382773978438412914854404933754263592731347 -0.27338408151241310467522569596339723665634209751671416620301674249781303814414862418793816884869499532 0.033567737196108417967639640823135581372591963618978502769749217499500605581659408575939127617701840052
0.59246616919209494991286612442086056179194545771269708918897301306297020381292449231287804115066837374 -0.8338215797283233087965292591861326319608262378354410144932480040114602829240183906945329040693605888 0.2489415525071696438256992407140120673557026720199325907941855076810572978228532537802515971446990892
0.81627572827893411395118848497406097074508771103460802115261120163485631191503901973799923690283393726 0.40667583648824069616134775490832017668329576414075686850960036270017202252606497816812407277078774732 0.24815641363288766939769993106815559880167390206417468994266872939204684919293356954978693132909602174
-0.80499816448266081895038602216773405794283677682759307253643025425131461207373728910704990648716694173 -1.4862007708551699979896241168961372103314340862366089644309479536350574804756086593801041714987286692 0.13641316126981763870344534572219933558763913122906340848959765508043315320433359021040429552367141982
-0.76971176978087902127118569754316211705123711133897667732413577270124421968990936109784446204300872908 1.709118592508917851096655186856166556297242853717160986264857351700677627914603882488227800843826386 0.12178254842558796516940220119615910575523629329413450994195293692103485988110303075070928424751666208
0.80007206790765406791826612852917029014898636329011174103641909972539884996127122448479531984099945915 0.39241878210165803334257645881568873581986171790759890246957219099632693286377667504384948921253564337 0.035930148243689300317326554618069025820116851300493887550621195466397866819396235146064969463670672924
-1.6956226166730918201147999546995144060568159464158390378358582941849060974808937248301739900797655803 0.53462257859811081383757719688558480854168117629772037593903482573794955426757777821061943465681347409 0.22662132677209330403916350495816637036887473013025894222619956375239449086750608222825566678857646777
1.2482675388695568007044610771124095313188411119781422559871265779001799416670291056561065725104881658 0.46185671939374453524321170828966189899485655480603885703716628246106330442259120728761955552847518413 0.18806072071857714171547495371796827903625875425868271028357581528814127633611429293828205523960743547
0.69512602573358769755771054646023537376903168776116766648352832783003788108653368183240948233132511036 -1.5857854207636537098841232954301387202481572408699895343325790334619732998138190702015406000223337427 0.055198839022392476446965641946286441684988343110015506132994093090762225565096409104450949535301560667
-1.0676311487789713114997063262163661717280646899219851727420845879315656398742217028041133031729703409 0.87365729552746912891273972659054231728916189179536288550062040205261419396483008225435714183246809582 0.047055819912429452304056846084230441397159177946161376995120905822975445879420472860254078915534998299
1.1164858984484660632814109847712327454252642237094196764518235996400597335696134296894611397579746932 1.3980470427840273558925403434093191758870214291008024773973860845196309914547320731934797195488420121 0.012611442491771486864063400035683690858926278303648936658726993326414769679119831741952080983883999574
1.0798610678997566272573186080376711612474543485442991503660196728127026610501225831147057634687128124 0.027967340987847265315611675555669508546921953253974117703728694600004243327503122271247827195197469544 0.24941294365693397750857173596969304353468457121789333144623429120461463192263326605670675694705900432
-1.0388815525093836754916534680501032984634623473251357051231065060718206478014489282786393924125517595 0.097541774771224219161076893748558359368450011977894948902626759381491193669598366318713743313903806055 0.14868978159496735696973099962857735242233458068092131757320542571610384660689590956430013199430712904
-0.46495241940762668594712503439107360511614683243167750147102518293244421860385929167178448286799837136 -0.69176844841046858414850932723241638900599895026112087546288281194860109131862520687449168842296831685 0.045834856388472105674192611336552295875044708298902792828128211337885639884480610653398142869785882807
-0.65630344380871424299377188412081378203826926360803371981449764418215681972563993809799497594719385574 1.0199598015603499478626724185524749678738942649223753865382177899888811852922512094502201579893716286 0.23237336501969855028271853462425167131865900134792893924685791952121165940626991124146045576986509988
-0.40476913583950604300020660450543639620867232254691443149340122112604868139808159590599207631240134308 0.25904016976418659825085568290544145290628986614788275145773733626233076031971433913098372434863405747 0.19747576551902851507856860047562706092325829274702017949240256584938581126761675516674792542109938094
0.19618781510519182270665355629769217239883298572452441766029989948214739018569307741211087048202629948 0.52815881062402999156752058456377780596594768829102726014921479162790315869905178382124612578729546859 0.2542776867815436911043086546390161670060915835736091123570380130986702842942145766632387471631876792
0.80512146160611310566785093626446181153813760942114759806650514506428678483164306772513620072603491993 -1.1927772978864308694366261882908681099680273241897687670327904692090373521117574540331520971413933868 0.14771426891210956462609084317706375236689943146559968079097233117633496997114064530951892130960850396
-0.10554606787180093712535697595149229524106909125120506423080011772822430057896444854259281618638872983 0.4007391457483916240466253395313579012635212685310240656052210085296457187205661529649006756765244586 0.13880238437399444330227054224087924964035424327342165756242807857283773035494155671258010857549114119
1.3988931181633615243553436998258761884870700074300076615340308929090302878133633654925953387592917277 0.54071441321341982642563280461431263521444285078157453478489916322531063272189241501911898607568786393 0.062216984458136553819511673474914806660153636317417493847103352777360892173864600402441913737364220347
-0.023647035912429013660072377310940061812291742417715061158419754005221603351197306908712287006047522856 0.22741771521907318173513152547953875424712643720814621998222825051035101722078867188493671447749047329 0.086517325272239046980347518109038962538343094563732617467112150727578401711286600765648030635919893585
0.28359591081490901132438812274040721995695455417756282144649158658592974032526019556619408317817251463 -0.0041994504446835958779401020985760647890296057318750550064578768708001696706793003935957412072813728565 0.17550418216968746736704789825471512947530942293217081960541607629563685285791231632253733435566032467
0.39301549538129543454494560663638077709131383800945402591481977353191030229092286821452704599522398104 -0.11016654465731356014336933277401454078216036326557353391988327533721747522919996891753231942843377507 0.047662766007465343395684842045857348389909830183013470193413683166550272970678561541350072398060941395
-0.55191133104022675749725611082534954654367622101756137990421152593160626880276354357552969505146662657 -0.53431315062731629415114536518011819874446894965496826578601256744905555732156632595253944437364705456 0.12149456088822297830139603820274425425510040759550845825567856638671942396817410369822840594808115201
-0.74850943598041743856642099773036063524620580733713347843832824689843254768952722187110318671138634115 0.20174155487251007752241181074968976018333946919113968264056824657278158908764207236266356184314887443 0.047810830622222422547229623129804217996137190684215468587479694592292571666780439007074786042260946834
0.69287944348347897366492974669371287107854593505808829058501059100041044779463676328149862044546494838 -0.086641348359335240524050030231115477345051949008449047491462398847068813983284320525751497409299714587 0.26126892421422154262315443346645351590791032287102837169560788766476291764972008093063155136553586695
0.030591414733684501495896454333232519516615294177955549151519049827894114758550755440524402496727275166 -0.47939953903249452284845507645225449359799767506915645929421823398391881183006704501722005661308303549 0.22505162634251462172062490669886632697710246907794308275978616775675626951512287219421586970650096071
-0.94747050514189096769344797076855725572460856500545724619318823154773667088783227339692901163746079632 0.15615649660274568371320735737586766164797748176361986839237297853423865425551095066577277454866523265 0.076021913031234391081531291461670396792375333715603007988310083568449558360925800032784792410664295753
-1.0337466550264165965663480712879712391648735592446002223096484432559966172994328385793815777445180106 -0.21108662733080424376532347052888801498832546439225419594178339761998848561161796132294730675238777783 0.22905702133259011108242897761680700656578988413305767224373835268419399749398768184444457047783200176
0.88301761490934412526699937438443584477803168009419029536849598130673600975052351578692139791397695121 -1.623442743347039049505910737079084075782792025773138591227240351247533537950124150633675743768894567 0.13961910505124004565045484022016587917939506432955024550826340727689561042263288373011400869214242816
0.099502066635967847267829078323564240814022410054857473818054507916987658934916917875862814198959368722 -0.11998304051161724256538146011634473225394972601710875171897491441086074849912246636396465596651255524 0.16731435846695039968576401898972993021865908305851719446305724299678107320949319075616535009049111741
