0.60578090285391294784054814539959024248403817711799608941472583485937875856216998953525061515128118121 0.61002562261306167149637229446414446426076632441904288808045772455061974554496651870812299355456768773 0.070106747024657896389938724111652224182461049283947113641611161162031372783631078282034195325259725158
-0.016918259090376201343699456629440074770734520030991169429430387241048666269466043212823367405299750391 0.021955852729353926967306886366401018125796369324283591429523778417867919843878522602021091274117449468 0.27626487085235522059684850942867150149881043923438498700304041264396933145639373968110537727917762896
-0.91782405627098934936063765550782617141019464345856211214961724537250277141563201060816933182857504298 -1.0986268501020654684307098986910413948320481317928306827973676892220889559485588866005499546474285479 0.066183347911398046251404041826356380034656589143646179633579663805439840992657639967071801121493178131
-0.1079276321635389636328518255662534347028167392789679122241583331838938641670236552749662754671020692 0.13590241399419165731807697415136527128569506506215959415185032238294339531357569638264164146029010586 0.033344004594719823448425137781030898853167542246656292065749755088120465535314581985452794864835386588
0.063941821025039027997703869100117977075289347368263702632139557541635212502678904497199759936763412729 -0.08011852270248767739883574022242903703670413521218497457370280957135799850966009460890016883740484721 0.197018664401047175179384323441991190396759930747375572776272230228383366679580488478205248741392096
-0.59571993327671183761714583989629978217183725568283045652214080643684761636900440675211188460992987256 0.13771995788446129967847169270025071046193198609256305155657815361542053751597018498658119900969553316 0.14237416796742511481109573647044974729765997986810100516182902637509642490756252505534292582338819584
-0.19583358338630522355918516008299407469233615057017700730219655688607790762676969544418083304156566363 1.0859164670111862770505761833568902835604639737507641910946992448694981351991221647612498184294611705 0.012415008319251908537114377985180667163526780195623957279065797616892570325719102146244690537680054686
-0.64590684820264121160457242443437941947582816717595682534613306944060983049687690134316537566449759444 -0.88951324369955435646753684813836592255439519591317162793820076796130043598826914953002243304901574233 0.10973613015534690269697476465241336015836321414543535038585583523819932273600845607762709612063482929
-0.50503201014898909095401723879107383888950779402219594399183802338559032117191841995317990858622005147 0.1490678922400293352671589790400047841368136413486179680923576593207780857174940258949637159301701314 0.083603969958201568968620347270683911893717024112230800047090729287718808030631981256878319160279305828
0.97275218745236886525455596410481601196467784558550160398243147072806562081696893069276021517493299542 1.1458286926034781822959503732053280434240422947984785610349638377035934374639506407000782663546199448 0.030940288903084740735649260037222458844761448446347710401946064743737183023549502011798786230625094275
0.71679161689251807310539358566565475359078235327777849907860690584879054909139605594905338601707736351 1.6388170363415901149025063269020237984367287024138137535997750525796111041484507026235480349366256716 0.27121033380846834048720747260699866485283972848146069752519947394716386510178293020560002565151949971
-0.084365308935977419617488209187400870201557604796828774533861451736341481752008934272481255872920463451 0.14312123715199615865002435448235892969258473191540132868002177870578065636746853118861053347017820327 0.14674648115314225404389213382504279115004364410136783820767228265333477788590739097696173305986339013
-0.096823295077678167331352222800042797069928073809871814334630457756103030517191254417470520744142620502 -1.3674512731423226917920581830073035798585054325154232755276801675308600259823158864410554926530727951 0.27212842226683649608674734311599640578513586595174335979646909319428124013745426717107017343472860623
0.91336367796199152236366459530182511881502061486753578371957549988142257913468332616544199978303556482 0.62709820516050430959678889620476637860545901674647038005132399040501095492076023647748957833296934796 0.085257705914261059482594129705385783187038573338928324030080967613375539860235270277056048300861713425
0.1033105425467041249340916263302396541380978270375377682075351118416903618314209801719284261198117165 0.062149420543435011677889366790092025371133349718509359385219880448998374863259647326963162070903592432 0.21749665517710428084198325779732375566720443256661276623122260595763778980452155814038993162371148908
0.82128745223564568381486421510037516266351917130407539534848711777698404008253870549272402376467963483 1.020265074442037548938892541715138937784170571621122478752691636778264034492522923411598249544356079 0.14140989488930250322303829637694143533554112027026880467081430077413047288474434291928312822804828609
-1.6370904299164671746131274069522272524818512139382547401095948848850856005579794340819119356280285449 0.56645783860678426783156915759817129142213297528494489028460985186577259010505954681327764103249198089 0.26631237659189625820354731402058986533051054110319218969304731622580726806537207625539964914728667004
-0.13363710874673667750319110110032462747057703506103664753894326323534403565521607477435256301956008724 -1.0748495895709423810562883466915065447575229145338497140816746583819744397357953490103437124838293737 0.1963251182713770092217014300655265878070621054402700157442550994241041152495765415965401963493746282
-1.1034068654515798766554798294477708815065405143711527627538663900215253758486523752631106433328763897 -0.94769824560980430175446018031538700019611220356585618543201476885726499059093806680073457489018637285 0.24156578272809134474518473933391326920798053085613102777011585000156248981812339769000111171911510091
-0.10261916908476953518891142216416128439489433236805081143822597153920323390399643688305897374943467078 0.44568929410227338708365039155546092613705443572085846192444756108783413992267981870313007764665229644 0.023094634929246757079973129500928302035015726616381889717756221980984464909009852029852851564351618196
-0.006791107119810321078198593525758962195181353006569018663360607985396439569735842852399422770802120421 -0.0042997976857612222927492033859119114912457242707627428289515681277594157870175780043718280769000684558 0.27759809239842403266312411684290383621514424990225989484909521789811272374247240099357235041608556486
0.77275970025198581861996581434024226992856052619375746478066230373686926439521719483369103074588785978 -1.1074158649148094066219135554471058600549398406104102026862906107031854207186816290007643847364866632 0.046450628695669344011506166274511742485935027208557885188723070705504593305386751443961882061729624114
1.3804802597535440126843038412424438588477754531565636897024765444611722263709692245311107057280615407 -0.09173277335225279538317340902531119281220895865982168684128413792620950201534194800537056967198617151 0.017141526818236880691455812570257255420606748731274195755491106882534042067357163938626564645441098825
-0.00082086981847367359404036516334388221299373747599998794438663392849024155654939520930095325763539089354 0.15172975882131315769698926945917805170896183784445760680607480768469495540783475437369100638546107868 0.17254649543907357908231271804371384654648327263611206953456746673178708385654471965939143366238360453
-0.9145608753735142825457053938765731739923019068823447609785489893609572789834617309820009737851638587 -1.7025146951149311812851586546176163475655718259030215152683345089263257777761094137891886510783954873 0.2268909447621945354999618613523968334871532198545916732066042700257938626225485663361067214795124818
0.38570381167487556335171354815072733534036664778926158605570318884017446019396686987048945892556829911 0.29885278735911419823350722275604090205936399059401538179311637238041841099219564420486384763617456267 0.094102330141827243218725153434618171349518200719825521927647250342934359184554400734443882019304008497
-0.035849961732380528406392985547709903446888448720306586047948006037253354260236370474028758382910576753 -1.7678563857933489448015429160568624906739432083656882920207804592040682415592070355484855372430476147 0.2275372063798563871927768634177849138482981234836459250156619893021887895928004402367111023806738536
0.48424457141406428544241424390387705755212885048441664408982693660477476759669774319896232444080637623 1.5142071453751189412802906795386553307735585286296346608983701491133592015070574959172458193500154765 0.18944370783957468909758916939696558294661288857945764804849663090966865771440617694453945071623045752
1.2315542551286200940548481523288862126208278463441321089373926109854573011035389457836040742642869105 1.0421405709052496261746134008301577658472747476500790514346922718140747403349750801996387436223075044 0.10175773294762883557436620042485674985355808287590663241796634652990752196055468016436200651246427749
1.0887230999625200734351034983421788175663607913701220910037128230354609371553454575272211961657401673 0.28610880198099508401717835187946982414350724728404503147221984293079320494122381001607551819868888589 0.19427984656299923009939042679036072964162876180241915998695513717374098345142175167577846871949540187
1.1784204522735979857880641599458966572414168694430052562946744722812086379216156380845436705833216294 -1.5343945679730544106694751758194892443115002759963142588083564329324277477557737543987613825694997781 0.21603159245094306884815001539318501220562726117365037259957906954261399447259222466688926027112155245
0.27722670269140681418340453103472210002663084089770367155120702669930095195588353863505384416083920889 0.52697373564249130549048706896920390115632774593169007758125347506632803576204038102631087779570007287 0.16243473614197850016962519822898445961060505182713600145380970474705115875180692368621024859572717934
-0.80036553070264599818206660463988838246295348283953844624255305200126532254414058356847399868311877926 1.199579037501363390673885584371097450706179998533125072709747928626780792096963935902577310108438193 0.12419381698885465368260064280296656145347494603684377085580978005266942357094372736571844308438440959
-0.64744164899109799204112350839642385127462312416510675398962175006211073197768667094040343258501068399 0.81476609628018239099439114269480519769517571368707490761778791809567809632492323546156850596122038914 0.18191930843241405702780018035306979065870300607908900437284951978096438343722694455454233607022999602
-0.37189148532749002481258587394071550419413024344525088276192539038048107020876864756026146090515294142 -0.89044567422080969031816370040835828542512588509208283803792785624046475852233943490915421930109722141 0.062563374313600030035824337588656824188628099839893271553218394649088667709857070770285637168298543745
0.32358556213971884984858075261717565929001989680370911524651811488592174179380737086456678195924127375 -0.72150687943896714759542240091712390248365686785019254112701301978341037005132316722699020056725982035 0.24739360283358041858222855267937608251100259888314807333657631953051892938903199921587433785407105229
-0.083723130458100710627892701230792968323299253189595657412671363233774800491483596874402010275427333061 0.3757971588674015010637866843407039485083249173440391135252240519050191818746111992786130604677564853 0.23563503582288134889954408557968991823539951861241622168285717902799586138772907668919594068750123797
-0.8607687771382044147719745111637567570702421143414073657530110501980498594850253314449374535353358306 0.56608658127075242698904495204426689511086628075840877826320248536085328521242511756818437046940688104 0.018658069414371751224700925252048400007253848791953666924249203863571690232830295362643962941975856455
-0.95478512099546820493932531333225848726083674387022811989635172481477891726419306698180194608231996453 -0.28427827055354058853222203028659823470342128988702435356105081867951548771316195768609727924122529747 0.055107895747948899749261633118000436738829102876712701777315982125423299307042167815068041856836980214
0.87691155568301914133301330030270092587248192833681451050325750645040209217543432308548401343483256527 -1.5120552792707540850523172863355717248254197430965276183680660325184809014887458785479660314361435882 0.17016905563195959365325485409008257610334048901829268052562293480376607094533268750052087634718703659
-0.49252442277136221005010493297428467277600131760896614177913470350246594672068564492903027029662818976 -1.3365331259607364275904503699776727122933883420008737462495931159867418548940483203109314417468807421 0.067810709551870334353096589445307753347724084123528404916870680290660644481068011191259330253531705065
-1.0659335591053904981528839456768757885156447435191981490255999834501922957020317364101386018980671573 1.4790372095528548418206905430186481640110689103184729794224109435939589261501424734263902094405207754 0.24331380640981983975161136606093513255230972777092531063668868259885137148240836812100127537405152161
0.10670472007671042169790199742743967670274613653549995513511885862471102592058652174507379839184601071 -0.11168538582906656709077459896546144019632702289318346532953444938314071671463590354291460077868573247 0.23908226325266819926357044303862247713095057627673030785346795785683876120341721384548555499426712006
0.11433469950017630916401170669662515544805513699411762373934627556574596569995908954407758367508157718 -0.29766860664226779791252578268738554192145027136685423108454715782849689022765977871725744516853261765 0.20895280401809564801460813603889395915756655484649871822705162538713488669073938765076348129680985886
-0.93995567403573018322427813421356550088088489094053153539632191083762412940916894163208668216703872926 1.6219636284065967325595816576906304886546524821100425554797793971497586711338090375297400705984396822 0.092652689466854089418905966005647339169527182337606543862293746950945496082882510806934331557674302976
