0.05647447658091564989138283761840916970138271411632782211520952171501814066808891506012800979298781064 -0.12901003070911727771067754039131945209156530947129308446629872775358652623373924195627450591250348894 0.16206544827299057785252178492798407549261527767004476450915018994656598917329237502657564985446428395
-0.52389632970666928992755441463453223772184864999482683672666107509021619447781252486375798668325844797 -1.5969498457971726648672574414752316389543037011128756002237125133928790648480746275524035803666454414 0.17019987894450772634799326634973091339960707323979858326322051750605164168343124017225933514641862042
-1.5707266195811924272892572654219682721460199580363709025641243584369454849721545412465046970539578655 -0.42974450030306635913917376640794353733034691680666377896850995409759122940539018588944112138343591882 0.080108361975519021229962671455741013004688787898060833725486650148681796811688409680761674560206337413
1.0905386147632849338661448145137742057311654563828619369197747923406584693927157799592619913603591909 0.21411435577286840590123667174861152966916199879889275585040628196516683862517761718818858914150046108 0.086958006377321342004491298226912460762856088066035870666269065716740710016033848614699374179658714362
0.47117131766690202876810515326069910433719989440135610144900520066597260001284779568045946866666746092 -0.37925049550645814203953453877597653926501599093893194768226980705058755290878205024964199607819534286 0.15822051081518680470319360281773245873974553321907341481687863828321873080091274646642306125639728209
1.3467251416288182242490835868855839743692583571847796866559211290153871712493364959507065525190456997 -0.97953766938899822886945376069205463987455009500909003512729744839633587897611488203256198938016036322 0.26279961358089896942245718519937096489757898106253758654519266552154076827827052402712822554126410162
1.4360670466483866408372097607795717111905084493837742773926171328610464277194827902148727862609556218 0.65295746566289930230664492581564670728612723889405681445357290159204068235242034494583963673117446323 0.15141054237740230286811443100025388284609184978488466794019569623398298262916711553339943828597926267
0.2447609045984803860743566135393394259571943992077900531573256044139266002401604619130778478108481281 -0.37071245852887262027618743451230619689433864538314737346227351788701030631003067606406233318774109704 0.2785555315902684846237866220176163864428602618190359812802573908700790307700724054332619630686663907
-1.9323812547154452217938203830748441649729634204644586704155856254653012543515205611614949140465017077 -0.035181836569539979524278182315103602846158327949365267745489682476584476187140240974817280518518622542 0.25345114056168003852757902876137156291918469604639348881064138821997904684445602589890755012130833152
-0.56354901084994894046015662066703676742611381525942709348865751674186792813902932698307648952573420913 -0.21181191006409915820527761193103929724553771041212803943281248541861942927352139814398474450335055519 0.026794809882759668586777984015539995939283840155754439110654738855097700240035953202233652027253135299
-1.0068994382453129185129791094091218106895291517797625874181662959108907793591407535501709280200675779 1.6536193308818048184759441928227023671810152511105883015785779381699089993998022119871728545797009783 0.069156042130563437029839021628527143641804228567154034320375041148686088524871775410028975364005853798
1.1374146939165794240389357758165874330437505538476516131671991460375196018694281160662998557545865658 1.4405900897711164514013357740857601313637930941404583793816625981375401315391703659838221951109616068 0.07868597658095473639434878028891136231982623634858320437930248900047845851812757257924496222555235817
1.4092454119338278759450397699211648900683566493604916388798619727647335936178822946155297326442431697 -0.14039933499728761561840451405472985666219670553052712742592390963527229528001474487576655212535501493 0.070389074679720839468632028436391475943017468883009960443504102512965494228849649992120866842835163358
-0.053942230691615204855834193674364100492595175966748993859833911496699450654312583769266585335641441377 -0.26629380349943986639387614519850461613529474181268358912833321362117023386347310834549889193748942405 0.15588495638849547082671302861610967797292997130307367783847099421119095500493966433842358992613214848
-0.13583283944153055716566139916701704530223672385685112814093641069628568150070472482203249068097384592 -0.066666332831078239327518018929462668483343676758916197077180333701528854530380698675849276329164196923 0.23847310125615549998346794183663171892893122825000103588080151657058506303407947205987031318485094022
-0.041811161206216922238738477139961476765976368692389060696847512626433191381926305452629651379409328626 -0.028112190759833636156810315541403571686423570481088257913013297672620550201092687785980238128528551124 0.26333721727271377663217340491766537015788916867364656077312517673910710674077737529873040243204425365
-1.3212416651173879290461202719227436818806452958580387277165804635586579923442006739303470227996812868 -1.462107467839886195061488436118167526605479039644627677527007102761396893604849310710286809495491395 0.26905207817085319985223585808315449637197900645929569684289684623126605142417670123349957779513411548
1.0191393163111252949900808993758702423592409209818627338696128330407681401685035727061422083439341862 0.95592679630206739664562058664258953967144870277686665573215517703289022788372176087121864290345507342 0.052291458083988685140010417854822420200772885637842039877180425409223053463096628504939350302364433092
-1.4750880088959556094813699865779272524177744161026046593945396606783619454884296509126398444412427358 0.79361401266423364460226126006796705940350148169510494366052727117023618000780203483775456351310894325 0.067814717817473712706327877017483294045280346045110944009813506604998064957651308955793717490687611451
1.1634344094104323207082818127979286899815001784338258247639606950671810180335281810838510960059318055 -0.25464676244173544492642356642168892931095738154893427655914541585530772702564852464060274790445857962 0.084299729376085966192463475313970899353339340168813551762659224133586053163221595981728854027822991677
0.085487108215930693692100839530755714061061585178095070501131453364082206008173944817539311214584509156 -0.86320488155007340270671948204167399009775791037663460485082265751802034675444407516611092069010578435 0.14432634171181555072792275187828348144272810736870515351339818685644310215357143777525414959446566868
0.31969897675474878335854443794548289659668837106546725480829800119695150929197753352999402939417938275 0.1124298628622346279235847558649429247557870467950480238676099584463279092426449969132594703518546247 0.05466197809176487216248506188084116328997534561659146918854250789032102438679141004233379111998624264
-0.094659231864741613322290617084085313360297498738336446201336683857736005062768536263035632549113165026 -0.084402715208886069184782645763036790557439745238731354683155478701305779313709169546212175104903303991 0.010904509273108996806594432232652795557906571634303393986997509822048700374449884296221557356910005908
0.19754004805427944157621251639376277299529839937764595913809920202938576095315773985780257986938994987 -0.58385223783811744265074367457240752547373914253779286146877869687777113161539376991570355556199497519 0.25214427593318708049631637663495459925395493181354630007507102439555328562268817377221734375632428031
-1.8123162292517485233128793989091620551745401713302924138213584417920715254970975296851599780529309468 -0.26311549442858711297895064462524794580941959053490482444590481098304530527566039631355141063425234954 0.095861549181386715730475763773584308918901890130436159365249742770548851159068670964726059128030787299
1.1847317777393281376476941571852663317257793299239457190733952960878439261786524409626850652754758459 -0.17423203013255113049025400599492816283509082410884019599064787634981148483403073780184998021216357407 0.060435147654877899911291384220006296255202557456794795894424327941029022860814536512760771776475020005
0.75622115925873188536370066352389903634618543306246964744514238728999236214710923867493167965620383948 0.045163954513677600164916541565528555771522085324112246042719950573363362139583869476019434414871008078 0.11365371937031537482620111929837758296162033417461749237847484903353231209174254505168926970999262281
-0.89395887007153446638198346301638784470314129832200917298843934448456074599140635259377006472412447 1.0438279944887200409896718294418317449886800421092783921212858485767508154180083079140120630602672993 0.27339559556682874300162469386868646038695001287454670810761916378572357853300493192122160017860475694
-0.9272351356135285174613565664401270482963963024447005383967019548105693568426154177536086062226607273 0.18888012614428217380153801641891350084082487689085848693797293977802154278221719060519679964079074701 0.27527606159648489760203528111414768517278730750903639375209706755607339980005472810044331525347956905
-0.76535127139202067937534585807776549871393966219383997121070387182851453717434975169780852936766617985 1.3683320105860044825940550642830123594888637944783095686599978656725795723075290756915239328750141611 0.14546188978776501020106103524057776474480643978336195921219843778363230007198968747615236237362037438
0.23658268401723278055067541704061499877901282490981870081835412854331177563623006988880319645844682773 -0.51534502418136273390510874952656216849662792448746365816317420411468823815712285728252074083547718007 0.017287003489667937515636664428506618977640916534705100861541010749941638118868234559545921228296465005
1.4847232709082606932254351503881443754011892593532638550278932423573512763124842106422952625289060824 0.37964069019708748435416408283420136294196613892126227282328890385403579253612627400814270843953396149 0.05570601891106082045820749738130845842712993999729515470598811815411764240395213673720264888547111862
-1.0445239743230168571144228566024209047972737575144354519200477566407124980115753467224631036785829766 -0.92762350594763634612597682663919914750105596119013673600918638578650100167915289846534053246112827749 0.088904243509559168322902922661016396984166487304955392654231740471870627820692734540054621867688185378
0.37192145932346593572834267730960391134822974585531033192450911358863689955284284091862145504458407815 0.10584415145809954608568908805113248615638076428733305968849971742785934329860838546425570472898472245 0.1336798109784805522431949280836832771356195661509352170793884087827158757810033250001100650244287364
-1.14751139600848973958811901158965000233053377705221258465436480232240900278731115464419200871785116 0.55714103953075879929090770894793251290632059651150699604240654602488219876655220743260587115534633737 0.24910876727848933300396917677687531277495603235320301884984735936626147528526530408618816321414280116
1.0198859783817325073419408317941828555605462010880448104025178434483997926785986155352488666911955403 -1.2982769966777830968047200977511831455901811311587674838231764327845892456223632597707509209651533978 0.16182839720333672709551816229129952926892898470033909721696808620094235665468860049512868972483176842
0.029504054800559919417603531419883947524297567497702866414648114615022994006931398170997498646296674429 -0.031324786646020410722909893492891703953321633744429513950255552267871043977458834981277000368959832624 0.20962924553366740028099423768329283840197309268675695580136151373796540297482205357296288769604546156
-0.54937705493432004330811406140008396544722795788364833119278575714296302920357215015996080905957010128 -1.5870298938001326667041874887067042702798012591680501905541541562858441748140050284151989148223989919 0.21981842659766401532610221459123047302085886027928539466901580941529535306948857277307730597739130292
0.35778474567477172843441730213463272891742240037666961215297297513541258030142269917633119073638781477 -0.18172464462984587806982908093054156119398370419759166461767240237533323672561055027885771133705927384 0.13039311580183962221582814126687165022403448266430126831329016652590599386331923569977971204185092072
-0.20963102050645560591113388071835035456696347297532676541186414120945658065026892186178449393764785212 -0.21965070917490931393799059395829453307871375672696553449856158408854173837454889030981032159728680537 0.12718403556819800102031492160974058987833317779348182065152406026540724152371116704689626267895632623
0.56262777579360671087610744269975702343010862998051531578018634325651704277455888678907133186015947252 -0.5493634034207204231073494734934632816558790031628624737313081085604067570193877983925473472004727505 0.17206046728278348688456647428391238763866848964813088656461747913896898815671391065417404405983051709
-0.055578459601633522373039709048096230013238724571944729933010935366676592637676327931136334011725110793 -1.3832898191114938053129461753325168822228027334468953824323244580250005162911779220362058470799980462 0.15538980692798991630499311328049036487889783467601983496483109427499342179815615277983416768536216376
-0.51238015499046531292963878071173313750709086810035025768840080914930221466556666756127741262641795233 -1.6728590862119398235588877905171989620087074610990256012230516772433724550951122497243204702269003018 0.032907652915503639339116958413536243871169801791661423681724224989579696037987030828482565438051563045
-1.2023666114480098670685328211169942812768912569842762837832169599687391130531102142214613806752723986 -0.32188705139970821635377363936829307957093468450124501760115399922520493084624014791773702796226056862 0.19490068564829191677788974609728983483570788048149618740424096690190769448189980872244236974969259292
1.0508085437660391354058470406946215423248112020243524145311368923032488136916205487564178261194525333 0.27357215047572716928660722761646263455166595510819370251913929757070057762174657214209898090627223197 0.055905435603879128327001197449808018220864159230229414584267831054882993693686011838679817169644762322
