0.67415359656672433391718599898233328030174372378729263653836191643936371997869451313396981055348188482 -0.36754172385277239474809272646337954433113160348809549720266971091388964813797711779196587764923682006 0.18666282354668679277436347192059248588327823928293793603257997925620040809762594615417888252974613112
-0.95923029883415092081518293910981422106426600737284737029230899759176080965519772123328570226660783291 -1.1961646721132774746019087312616800430918877125973241753650589816705984778553537118721699068073325159 0.10143197560377114568421742032687941575859326131602775888724021189075535975042055860461810638742248693
-1.0320639059667217283330667788181546408455844394298852076333017496464140861418961716650269626257900649 -0.92168478573933499953605543001535026252128542440404764360562855426527942424152900113939903476055716373 0.059151955761791375068097601218803326325063416267819161927605551103253448965383136665513814296867701912
-1.3131322743358712514685504780126530662271016785819135284703321057804605307330360174681876116259531912 0.13653518318849474335394253955573058594940044896549198043320263377544709212996473997809480147296566184 0.20925363797211336587277196891323621552707510566777154447314460854741284235397347371276894480758672839
-0.17099439293999755885842257878455826362803361339975561369859926557735808773850295718682611063026746513 0.2464057701881921695063802771203130211348477116554243856215734293186685882811186798508096810763998068 0.13493168531373590073961356029036202192291215535855891117364448807746427078897676536823377212560976977
0.92357726304367695203572934978638537620187858828692639801513433873914831343089509659173100888444339486 1.0236196889272096885423819780595539314068466535705021937644543212365736374270973589018933870705585274 0.24126447053434289834532375569925554943470264903154931534631639530530020031416843111223133778689017
1.3268970343109989228866446663127074725231175687826985449439850765327794505409865591079849811408813525 0.69427049240109757582887731012032326953094472181839020400304593087709042598819997129258029270960625699 0.2548648314185851499525418197968178400710342694325298533776278192447631745733154280304994078965337853
0.48333151879442638583929982280449576723202003929206216695935822515483110754606332867369449069704047864 -1.7210532665318924266040788284112438496257739671203199372701788539564931664505521100115307768536676958 0.12560444012745962974357234394999549043563213259590821055758193387932300073698371417905006926635119744
0.32812072037621382798036044151017767555014959528849033107780677290591394966591206281665692072001177582 0.29639989590202084118497745290218069098378858842031078195065788722334763438844306045281578575805857996 0.2419156468385469231839413575688961034359423539613066606352107523134888708261294627270510717235047229
1.3235820093014788299280975834602619770428926476682596200606188738922118197721125844710399776370938566 1.2617691201131623703471392906575169964493412379932670003762544118031106557096721900160400155285114808 0.1441362007186817047223017164625472373596878615740785732214637407526217841073220943672190160450992789
-1.7618037495809000546409780626727930608876077197534841196958155823483210397333894557622675648219610505 0.20327662716689261193758161181582672896851656615679768552476576320809303266825596660371737343400525223 0.027528944945522261197751848924791690221431759277470308476086188639091341167911684373904948533962023764
-0.30508660664363963923019855045007833452403668947050092349314421633438805236527097929941153945481834734 -0.76414687472030442301916592648429264823684589250871333946226949719009699597745578931614903590214632822 0.0010326672206534533475214332574240313296238351325336168373882689807286170391632973897565224507557351498
0.21387233320188531290606613499663352313190730313430737985063402836684473467808708762015278396665254916 -0.82571548292615588580997478386954589230677218881913834455776005567697481508589613560972919034546382892 0.26946714317366910834069708677194807375349246613750129355139617415815779406065099757111028087637108146
-0.27881567322525934237876781996698557381338944954164982519477807986080295475338784105498521139891242863 -0.8352905830250632225068203355828463245079758091875809015034937323196382460173096135526036711086839032 0.10896694568247654561042521792992075756850071904374647371495821308753140571191485863323520667387284036
1.8631185503490231158474559243412034334496913116564978870014543687743226630304669166307814937952485491 0.60828432504209951922686204967657631937663931047117573283314144125596934835698077524633073608301720747 0.18836092332234228354324543324132271092259791441528516611001682096277413387507181729349215290710080333
0.70198768464566767839690530008657490710795725639477872546374015988143277252134022400942281372649944216 1.345511405019545191652188217032998892504860322495931177546476457092223096299087923641012940173853469 0.19102832062642998838145398693128830664412110552150192604776161619800533526813312653503095227239013923
0.32890417879487804585978647204104851424470162925090949825029812440829993823441152846670057114246849577 -0.37315359628567568983139526096447613577109431259375069591550579286839914302500803139858635920954760857 0.25319820847448211664998261015096578913448019780438407494277148919769192998823191829510213764584961547
-0.066868458121494891731775886244438063914505971825828094448387575283928059879416999237936215176783035751 0.86887616791417476637263185520468211003511564417626488947576385254247553216648845626372606151540943058 0.13085504048879187224143842498643322440615754361810139359872071266610626884509974738265727865194464814
0.60277363198759141760205435828020965861136981050894736336389788147770861419844983672017417501037754421 -0.97551346116469740211691736199599334141148140963552239954403151472304036338486840194822308978858997707 0.25648570682495663795100542951051471572849706568377315419316663214045690979500891396204495582272026639
0.70510886579643360211206001879847568997316508342338959320289674888407656679381119435736982998911585856 0.55689074792052481572962100046697036367849690865738538256862377669490852538203307184096417494491028512 0.21623715031800773627653913735110116142463555166795337025355604994404370758524944938755663709180852994
0.21393405027252470635354885587376754316411495268269780852857788394027729568138614934894707115475260158 1.0946910572830542358692613938416836997572791100933997175039936031086810170345196565019984870725570013 0.15216082716801146848794787338039434110881297000759902510414031669002050109532041574832058615103917167
-1.8937271783835537015523791947115911213572904899519592648231035205684586225242892060927459280765707847 0.087842909929156119050157025944222218497987790600918874803153929922273878154531907186470135080158174479 0.065306045661057782484840812831813938583555569626213387683247288880376833512150765795144729843814010654
1.2545116210516416405989965121445799651810737746027713060543294846716271136362313134966578385785804301 1.5418196390032079504076153847257897725209894268969598733949790494145662479350143518222309443172318358 0.040699022982630486536573187931463913173675777885155047223746410509125685201853491240596995060747850484
-0.23987241007981998804135865197218477586341581965345831750034436130235362010483019888758626262394841858 0.12257825404485828815701799816856686741030958577109062472305173124018810778070286360655004634512341722 0.25691782901911538807588400573513580506516393963123384174493560347725539658507465383733398923775843867
-0.81184189568859690930855189380071334859174509646722310669768888833628295560575511745010552652295413074 -0.37851887276713672265347259699048900664650893815006314657031501787811412020029371879154328664209789081 0.17542018780126845119495247659061774965172642014519177058933862577790826341673676689534710491696481918
-0.37808559766938046608989475179286110479001290395451422321806304820757753421092156780684442041657596198 -0.34778673370762785004660614180797686920123535235852662056481784414089614106258001642361808353749184638 0.268364219983285945822795481563043276898096590870309790389157814267474834210631555420170256456131508
0.19552300005758948448457820539941378589485178609929225126054037066853352333602381547591762076921370928 1.8694604596273968252837847145123293911613825256585775175669918799002586405514988449476017217538516768 0.24709713635991909814025558998233945451095328052014177930875816407595821550571094666348211953015346762
-0.077947508385838876495948617164057705643537334545791641025661193230454752415283285467997921010611263634 -1.4913752958317225397788426929290183209506260445258800099880297552229170956523820420326723740147188389 0.06044766060475600572297050248027280874038795501767002671620688702964428186410705488684653805462074988
0.6538234948985069774926254834521038698862984485020772482084167570595025229382745686969382059893053381 -0.31282865047800668149023334795573820974555427568069883029025144523050621037776144253483814238797188608 0.26355594461154086364217841979191659081242618174985483874625954485166317168871754392475378642649820469
1.7399639600028187358776318347971377956475944617380393215191940678854351848627169892501027177622301249 0.14339195048990062349555557114291463036404905332019620381966743721716496365056158411308987351347090348 0.18233860349009382557030914216665416940447649784160906393745300749889575431460869088155200005704553621
0.21450484107003891889641218993217820047660249968569301995485956567368972380048196739102458606732712011 1.0882949886693141808393442689329010182787507627947014384973802187116792607597660919992416431560860518 0.12912932663164664209520671462138235811600419608144757503381191686227261491265656800078939524840203984
-0.31303909026521775812081179512701078844748266215572978547782614480378644445980495477611091592280188213 -0.16570748502557268839810922342482622807845068013782106066199563605778529331982452685074492537292015187 0.1901361688023564858650011745733437915718128218379286211678914835487439785234394918359292119778807495
1.1681055043133624778070007105374577200587931542109400055357945177116559856501025979174638983419540367 0.38262532775165043292186357429085841295122742815714229302450553899219440917040623596788367975465548057 0.12449688680694375684932639369172250428166037183876841953502449760228277444573079224302525309633466674
-0.41881723719134862214292433648956424843807840784557460895063768074828945337728792930134411612310601021 -0.11024575719300819532939121016122165223116758172788382975197372271208124767856011053418114999219578234 0.21414478266091386953797743353416122800905714818299386836096803751045189714655915826690660357951148388
-0.32361814419828621665855855794544106095565011625269549569371541413474666938883295982057003215953759803 -0.39508863216918029764796973355492220901963025771248991323062796824381859861890326196903248796704077844 0.082793930112127411930531084960305932383136049385768270486037133059094484857483827155749760311119335801
-0.47002108195017160537960004921751300962778552156038513404057579889649628523046423041061125675382293693 -0.38447862239304409437640129535735611046335767307460085693786127311595683817195533786934157011162528533 0.15809326876605785798217123894151787248913246495279586359794170375808762585918733149801187302230161695
0.55086499764763011573006201856678905667691839325068456007149918663194352231220557463705655086559873008 0.28747823476452866141240436762896256912381938752707032284139283216220968343768547331936872690890003774 0.27251859500686421029939703082913536922886600440753465730706021536311889284693277941458958581061463846
-1.5359349964182626789951394523164565071374006036365788274527445901625949696509056062782983573859851806 0.5582617811954478243728514269649979608000334188885858107227595298808875861873537683145867489275070249 0.029733514396861583258423290992025435926714290671114513487097550743142159510566085256142405983125531231
-1.4359481014319848585642645195638604169262680350389915461001148165773389393448122863106698621693753019 0.52664185117456946827441577680804146741152336274554929596120448266286558432244453714181433031404143979 0.19288439559607592552287277694607205388209451514369784268105567642169461824777407715884703356987717935
-1.510983963477850032453796015074243231200315933258468344568679080456628060982378488413057381840431749 0.29024447873150899300322011101470290739587136528040167506914061153458972515667282949105137347241003479 0.16824472267451841781719383674777007944267674606139464726742738461350644139521921359815257341142724567
-1.4700164379449799087155910722104655519137084740262272121280265833469171404417432536870855114891210416 0.77213274162146871851572722582061149055725756994386337415949271247989962597051744749695596687394006498 0.15397482194462784058068833778365391899949966442242514950329615455840998488968098252493186177283482637
-1.3136813322119048372068741376705055971376852682341279353618582427910716994214544217444488566509054852 -0.17909281761021634721273078150142109802737545957985614777136607218441840124557568341215346720535500259 0.16446757063137955698457438296195110927513832396120026527051497184495473298078207563692404653538950411
-1.4490560218299342557801359115866080989150721436058148928694181041057990869262012414498479343691769986 0.54390846282988411529818797945930043804517755321732096340684704051386331012661230962810928961529452581 0.052903355906764718079290741925503633888146640012481786765044228437041083407963304473937426887031922864
-1.7747719163452615272590267790235374874573509723346952078894559313846221938554132212952566973494742835 0.55290683143611645544792964211651753258741989740877137485900644829386621400313095777927372204196616302 0.21392544367257297189992363912374859854684502025763190356421346124737674666134753590126405638925512605
1.7166638696009443775991775248744674946285412207753263973361280117718078263097138117007637366613517613 0.22852595073886439097299104489807793383753819129909515207350048355751964159030453736906153644197754555 0.099443872690745678854440214787367091945118336346893397895586075997770410000042803489727632243752829037
