0.32874717791731144326919688805101522330430769022630330394114362470642659891263303799159300975000579727 -1.1722671272286089196336731046051716848119884046229040936349744385111904278290110391527645151932522023 0.12527505936348362878572368791451438086108363852268520045987859981149907166951959215185102160075567359
1.8441163729569600059820222958962144884984864571280681201771116002373629830737037188693057866326862243 -0.14785335094983665138786286669376048847340079457028200221228861966772163387335897754920429969594170757 0.036976744457211822198734104305282001197616620596402297875955041924828009029395755159830859159397135479
1.2763940296034479431079340852961016134592785103573427706799189258612488115925128437060095033879133372 -0.69229392749661298946369352185558411761676814562874470515366782198863829933439260233824181973276088829 0.2276635813458233807842787448278634195445391897014401479752110757993937769648606460167130419120394342
0.19723608460810986642018953106435545211126510059279059974823629916349848217127060778750066174813204299 -1.0804982004102251798839537448008392720795555502893146031323764838752741657672726881283418513376355547 0.17893691121415863111015334063469724875866346433747410218502921706196995713619291300192623936740525778
1.7931422996749682352911759764389191212499601317747341498722061773140455567082227401159461933460383823 0.50612178332324704522459873317756358049577388987088041646312486655254869229288808151116685865208595558 0.23687515416796094201545206013932932102534344545529692305824377538051531787384214151789817565107406066
-0.2314201731717133248742502797203752156602514569425626371441114183310033925994343647058600842522791189 -1.2350603928208777045327454546019729007843205725475615144100632475825214804203758920177209965240000587 0.25972544700535731744898431857356479746972616040838665424605690979148598037166265552099690768489287374
0.0035845115898214571203254921975765480298512759082176517506737062461462461280895350328112927626457598985 -0.010706947355121470622047243555441958104206307967151424645531371923071249495066552472303221868742507597 0.2106103084514163138410512033993915669134652355846338751318053145034932540039006822228120402392243162
-0.33375923155518742621982201548719939489591183061678057858634345175523030906907679456117755822220735516 -0.87181950286641878785809355315789120147798007619497086626944226163327485400475170620620506612909177295 0.037639303671575635069499027656968234012199405785010217268199891221468689160520373206646434707921574372
0.28778812050592120179195205264013747244315950351908272973898114714587911550831173050657649091702788946 0.48416502662996322700847106588384333319769918159921232763476697186317290455677382925191031454298364325 0.1733320178370426731374253684278906552689560496131606149049661829116882903329377904950824210644045187
0.46909326218505093335002632336395150901723956663280801295754741152245976890477078122848414507770238614 -0.25994288435229791191694141745236403371788963404664615357304407780816761890716007667147171356427396493 0.074835391976370206580770810592857311166000529062753300037072516533027789913387503608745840742520545729
-0.60846770278130517667539443370951257961053892915827886578444699375611003206254146868289502988982940669 1.1791441249814833692486876846131573311768816530694978572272626184602790255930124344912586748566956295 0.1917790758453905681539338240224785322605962375880338516254558653969094195584484618379322810746222887
0.78339817505953560728909533172401715045593133504915247955750222543281776104762235326862352039668424756 -1.4291392052903360355550054986916943962073143490478381693254781413535713142841236205161188230820687725 0.21080728888060552055722021877662961016777777156967918272288890866917644749786523836727500182070845085
-1.2057550414005615800419238268783560843108606481662173360072131764524054555498811665236119270740511489 1.5195715916110941630508023776059572170682991272013521917117731119691423996620686263164658849347010168 0.22922395189678926338647053279653604190317666984471384310293992792057818079989381530130829537692604803
-0.49872102010930774112107742732537137278197707406974001850405394011300910704501933183233085180927293777 -0.59121045496030956745267634824973797475066088009079038369378715403682530206904020414454623971270706976 0.13571842640350480708084810183335287230482500736789165304645424588770950598512493040189362418162474741
-1.2806592528938836464574396545673720518131984842586427543436616415574207814731343508869652719941681101 -1.4594059973735922055399555159476783120020415585887569761466547635657761507988843694707685349812136138 0.14335937163494613431857596198596298991054517052311669325724804174453904786296185872241225279757462807
-0.19964665833715653484813361943015483059539577732176883691168672415181090540751515472021892274806524994 -0.75855747853176838631164790946885388778669211547762729827347111285087470633495499230906748733051858289 0.086410602017872322421474623189390197124296446066705221279311577038747059863095228919192251228412403948
-0.21862695659619932895269334910000040076596086123123773762518509033301184513571778206706365070191100916 0.68285890194946466589040973304638848239873658590764023762693980294499684591912608162291744382783734778 0.046050229785798211888466145315004292561461247959196553745496674575187415359042168424995547316067896813
1.2988740877303546916052024387114448159193260710366363652199522899915108362267468960811736012277730972 0.32342044360004640274688640299964435106886267911269217052332390484550462619951161740667330070167469868 0.22585925615879243094639310520449512534666326679475497333480456126732276226204997885815324134047284378
0.26293387148683491249936224608189495744622392360606403308726307502995937978672858855391293961846472075 -0.24048672426641215393771702810915246098442772264927089662451543347831604877401478107411467862775971457 0.023321599416628145056136793259999300669788746688431414894222577742637289242826432093083598257440813826
-0.19638028230199487573102059383832336352095788954692368449516962385823315104348185697492616112603621647 1.2174703017448248635674937621625103277608898254888415004586420453957668934499178637818917015444612107 0.01448039024319368707929741228065537047435513347270051427486606243622914014770398660329599220210057381
-0.11720528991280124040682282174306984358851404230802975379732011711651774706743660807529155481517377744 -0.10498349039555031915734235664607084885487389983225745621524793816023828573260636831380829358903262546 0.27278337482402649667530817764872622161485259438295553903561108310507006456738032080231255611668685708
0.70137297662758718289517154834999302952865373105744117540855883715287943581599343006639960758377832546 0.14563461667754368742207146322659399020983043523758492289260553345405528956833680436100832147047644655 0.074780560511280429828589312756896002427867534944097945812081598062303305447147483435379002421443820532
0.16382617717353602551254625092935702663396271895758081031997275954463564187855593426403306784287518904 0.11268659659190689975741518339965818813671284301595445140487081192052293833496902930311979104321524322 0.16533354058338519041872711443725358061030925729061573992311027440151308348037818512384357104495024288
0.028133464727043239120493436559633209139578206118579044711655713321917074897813710982620986419952633132 -0.20294218544464100226339810686188177709014558263933180550292026314837842312866882997224281325482826654 0.1106478592111015694969706213110948572108128169532598261673241035044534342606974822750700903309582672
-0.6637088266445091888800760440106902642183025633769437680959388114538645646910726729662106990105711784 -0.25886273153569648066242966777582637420578632064951068312216775657439272601738822640659270895084665814 0.15704955629571347631225956599307330295299629648894025135370882451210889302080194060664379292845101448
-0.44526865276417678707527075233169186882163079669973333530298150426646051294501262008183658571775713917 -0.10727583240076524205164465910034814234952035973466128252361593194536673525781203449141263536874781462 0.13498436994745970948772366928139300325073056443539417698784880120948295762731145408756252415342859546
1.2825671669741283522166198808906032795872691295620540627784056026433467199591702579942234474220583859 -0.99362722883172948625057618078393336443869612238042699991427685348645656060991678782117173331010047568 0.18648335586956250868803136649516215541518941628641927343723878864130211991413085987021603282938057379
0.40197545727460476079395946468812766991591292356484687787787681085259418541674545235164375128058691494 -0.13399685575231108492781987937948653191352192777190272097195785057621455152451315433999865347760647976 0.065947319656600621607557211431125720397704334973753551790812565952445329721463996204848865595940865508
1.1147616638514664336558636722643973993955357541450538646997973214626678118464452385685316609647560902 1.0211533440617346576886855197312536915418213626914425885625481146552268250475353818831262371492608365 0.14700722606621513486314802994229149725203377176646861508006652818683003759409036501818703858969169624
0.65947453181441661021311653539821835641482735139575494943495701536748376456954592738173169244222691207 0.54783708316951492285924266988044316545742386636557678736657524056040999596164769245573118733172133765 0.1497382309318990638185545310905855901034205918534430751266368979135829971326473246982855530325468621
-1.0647362264399082744109717294013215420455949552323770069669516109610911519701956050731928944472540402 0.89767572099317176382699552126415223151284985311430359147938466049040999711972361763659120136967463066 0.14268566796634750704498598464711937289423336584973017269079203637327310125874798647839546070411864237
0.10865938112272170492506203625398670212957641640695596907832967115565277733861186344789224974092157809 0.70441744407263208776014979329320758344752993589957504391846522379797574017344828043293943258628962318 0.23781305083771266024849889381877388057735323012352319545104683904979466654994558995306143939791420664
0.82658125889667890007659739506456673290546239839347552856285331128056427341448616232576217185226927528 1.0180673967850754747516907349393518025144851118978004067263290313913654344292571059848499558830548881 0.013203347881744792303440121917922567095916550238371720266049546473093538861763673366160056830304819415
0.2577324100257656998538737580100482040073980037703526822967012029635011764325132065336851961976081327 0.75095824472847184897084026823381494199866352197461003420462468135390677640214171319654012187944612633 0.17233136197553194384719689765392766159694266776905393649709379794462059251158368708044798599862242944
1.5089069959834686431950818759478599879762248133001715991377106513537756537306352371858990803495861367 -0.076994650026724244795961451098191620607906341306488848679017581326251162416554180015790953839710885455 0.011302934452907965898681162132884236486402688999544836091699077850333436635723808198367822615918321824
-1.2412007159413028421126813135589407622193528089509661568152052155812954320517111408921729134367603912 1.39746164906026708894758832764219934646054200975115676605838813260372313113018212258338080598550833 0.12839140990640715515982999462785488760647118606921642996198964312143181955042200897624620035506164727
-1.1398115753566820668760588384488046420254258315222404413085833180678639626422593450243933266834659901 -1.0623395634565309279074832286775116380823254227696185710958831893516127448956816228090405559259329951 0.077806003681018632908205310168194751074031861954064471040242788013261589369371528998607688593315690226
1.0260224992657790863518833696186159507162452004915527926471007195677552180022724182566764883418298441 0.76339203945820523829897130108297149855703100695680835730552137034278961058971018681426700559632470612 0.16820749962593219155364879289570548623517563524108698399527178119706772515950226796017684354496639206
0.1311467970152041625058716202986841706724072462427735405181019061854536654674213874442444935224796248 -0.31039573987019837066272002271153076550589305935348945662349275511286041505747992404977295596699214535 0.046446956613395113715469074378144110435653541726119834272059793255064915860695172461345750997294716339
0.31665746153341563492200602168443287999982101366738089264358124981115746826056515793428820780066216619 -0.99666141708050056867453153405300392594481340760113113992469278882645546207307208817600690190432588936 0.17504171545922328032707651644814855025739813054792651321675628580500530727873309989841439377349060704
0.97270485373007252847868601327810743409618108495990624968606142927526244894259034726115145701557344319 0.83276020172111772780412922515554783149699542733755781614650378280239506515792560304722147825949354098 0.060488313545261623883636787641669940048760423081014869952953683513970105017298241343861297203282953595
0.41786379873641692064925546782724635592148029830832351007806126285964059243129174984937145425685016975 -0.17593691841893623388747296031238388398155706007203723556221469927518627391484921530242240094459405142 0.15488519194554724972452991960939412195676854669622507162111203259891744603237856336513455653033457178
-0.4934988070711318098117479903338644307291360350732496630765813899711387946695288461755193365332340228 -0.37700884132693764166816789181826068203554640503664063747017767168063172103919299188660716723195770554 0.089843648513599593299958268297080044659465832866347727460590518371934778926352098862454892828320178775
-0.16163816747629954798436967540109119251150317336683658613552941494581503170444380299223217417716389974 0.82724290253777313880588816097039038145070419178318148612590678900437722843932598785821836999754178466 0.13155804983741916113317086452746344750867552163043293378821250837791369522210427616872470668815144673
-0.19807362227586394128003918230123673880219717575964105777520871652758739361750845093575791230161769607 0.030870673384609333244031208350078302290808333414023517406071394407268955514460219340241403965359156533 0.20590855448007163419918729823356231014527251928708025332760245743454524184338605062977707461046066358
