-1.0502470983777677050251086406496318779310847319829171133954118046022405203721863670132851817936110967 -1.1408913494618811313899351328003952692960361157888733410188867813586529462244521841963698720617879034 0.18702099631692079645981264197535714236841170345368535678860752850357470109962304605373882255029040315
-1.2604936382837675127678729201939064424247235840356607943143470284825896540931947965010694300803712545 0.17730172834864481251907327987163142841647206127884988922414083068131283553749647075556556823830196509 0.02694071692061470609379667606849987908311827965802739908335690386104287002915712537355604268508969615
0.44268258848967606873616860462361064682294476550989223026974979924982395933018397645197272336792285553 -0.23414119790028397905246346601285930808840503927844229229030266199406355823310807427185563637372546544 0.21587103877306472732532105286746587825367063104584833335826194160330258244400992390828443180117820086
0.70330169945276116139576893409631608339429845106473732429472859300968130085117344438822242846134370859 -1.3073470936022651845152161996242270016230380617511994005118212354067705163404422170393588307746446339 0.2633383234993635979525086164785323779232214329407764836160232721819222596154701896160777978159846107
-0.17592801747427043488746589120246073059392049509298869227638358706259625397885350122615674939643687289 -1.961564462731378041180479740758307922537049701321331361771857482850845951556953553140522053688928909 0.16518198677646691772776800481001373513145013517447267585758562357895757661169900878548705377073386436
0.20987803384545280387003467042647130215018606881267070157638366833170673326267979492321530930686586184 0.028095636095191209039572569226767773715691071601122901387200058287496952819380901926873150397055414025 0.094812238627385798023960177185478022714811309466208646969411120790152021392391867284860941073759712171
0.52262424625982822182430892638204317369728827338762774048432709525704752898727606841681774643942636738 0.62930440257767868666758918850800848634776071606958954980746687131762132569791730805128690126294356276 0.10312370295094257472437802687040278861656598177619645234259481311151905987548761665502600927439560646
-1.3639945063719939414115468768938106166907053135106688214654542687974144869924166011535089860832532042 1.1817319182282117288985725231411675212001111887261975406485335101261959879234905296125621984489482772 0.11843505564010374913076436040198555364753893276135109710413423381480022311947532001892075001295347089
0.033758413024745398167593671047468949620316553704223704388003634704421429782530401544363291743196929602 -0.29900721491500701820446070273122077894404540869991124890238444328233076986737591250635931333446817115 0.094350957839367906701301227842146417959488577300526860356905823445941116861745769595514600518929945255
-0.58881562298057108130779205654947699189967468846212437318445148072876638250399136825963157524752474549 -0.6297588546920888333842627212397144349446003915070923155986143931872771391628314851833100620350453823 0.025519832445727196788168740126954669575325087134770191143615613132586648772244897427283608295670578768
0.89770677801968909236597080525320737094100737051145596708981100708654057295416596893634240578779307556 -0.87211434094079718007675297900108430561297512015507926542568172081292174945195500097603978210357092799 0.037270304157879258454928141948028553109284864717155761029499903886876648523519841356151182233178812651
0.76261760140540120471013354368879278643602864037973019803238614410708581640481528794585919576828862953 -0.28782044180420746582407103390193188457521051889223852881951593518515115415652055453036728406902155309 0.25681155312501818523083357991724850136843742124052909556070773680895467755986314617461788266355347708
-0.3603653674525449178452055784515759978739105831027694566606134166772310976213398295702738886128539631 -0.51766114498288728224474370446788574048054263465531219189120665744602813808743189850047981840852099445 0.25989423012231364011455280945416458039921746370380274824544439160585717330759970808660639550843941077
-0.43932721644410168380877849176356829005590972529624899839488110506165499248256619805300361973330611236 1.5183372975039025405448373671243569984416579014594655169632210660262427815669772902043033425461278715 0.10212130832740263671356795682144593832378511872589312554021872807287326624271360764878792445250550762
-0.79167124697442512985261463708639357612187064040761066489226198333361678849998667997610719632043957216 0.45356605529173577292384641564037724995609403880204410676335562498984120415272802478909457545596118587 0.053567899906967855730414678849829095608819931377967151228553454653145440543681601492936290935611305016
-0.27102237840943340287664472764111656675745496555693076595732080325184344851485854640165632501260204756 0.23027517569009786562806664491613744549242259316984491007188710273544219469061527068971768276125491041 0.21451101505061170403097391796767008603004354383796344705903055525124602607691803295011556287061333995
-1.1676133208666925769401341294535171644190664515251531388749398486385847916997827188643413419526487506 0.59009799241205356607663815378338677994664223485152404217348614481608712868070633644075432493004276625 0.051402624068211602707461061147675609640674577762763096859302722049974195763137232425421197798659746847
-0.51212064242057661914028332193575654814551260164523863095687696690659478324058478196180430417600998135 0.50291734064256230862605419879743192975748508562330170893935204493704529428999588151721217443903763584 0.16102246189524562729176375006519604750726621386577143839823865034107196690332388408383692592110727204
-0.43430426349554824850562486612180542036634179413596218430740345093481441716726309296673430257916384078 1.4857224872026101126926770286883556566572240767899851809170773789609109870867279237719815084240449243 0.24518749207861055890102455822433111770986697979872881885350956877585001067216571328035754285009274175
0.1570624765290417486886269360118336888782440117227663872429152287418782519590635478208607241019835704 -0.20490091359722533848160395049559547484788437130008458208074617122277235461608891636271819609362273504 0.27716775011258150098319458228428267210791573557312944203901012804455576829174875540423768856797706334
-0.57470682824278012789118400780101887875808491277769231006105446634323324063158775745280541258736365387 -0.71835266310055775317843300925642717767676369847726970171157171627459997272436975386799132322073065695 0.04183764541599257103537817749935195923648241355046772560917289976367836983751768602934677055636461306
0.062831587711827890800778782670050016281688058944764490458036169257337780206057163459666855130009890818 1.0401073612749220880757511023242094682521190305359718024361200467392734535517052301477463754149364682 0.1706002585632828428905348662016563382579443271176123963399050528770918933256482889998803113371334458
0.6914225341874609786615415216936615052431391469101156155547381313616206895630958185132031255660693693 0.51299088106429100436924557606790469283804475488725298607860661994660942750396857471554423499898036704 0.071013376592546737841874493511809225636591817068797576733226587213759709847400682523433157338116219058
0.12225999962156503624122108522726977449074002664755594155155527108262121602644663551015145907209198306 -0.29013166497142748659559336756307448827024169112124799977314713655475547105249223511298996775716503314 0.072051202778308582182299480587410842580467001048411478916729417916448146057565944191339980724721193502
1.1557481616272897129615902612645925179051703980235489050277477610649675844116354304945090029115852919 0.69029252801284983721699804337594919064738234511680556137442197720976700873029853936400351185494505343 0.06331914339732468708165338816427765844650572167386687914207342227468140858011716499150901049216598062
-0.11823074558203689903155051275769839570086594414983591369077439005699916147223417694010993448276033285 -0.78748109096122129063841673538850663024076094524692881126146243179511990510543933850365278446356613807 0.27573024484053137981313349093412850032147992277892258735417034473384039747969558793199741281594569444
-0.68008711644931620335057078899202672980431437545793434679870513722223006468831219940015295939890905845 0.3624310979853915663965999771420481349055816893590672369325132481972083339313180401445483285487827982 0.041009358567089756032248019782339427376769539740977008578439827776262840751343616449610808768937905547
-1.5851718642401482960848308332866829854951583539205687279593120894921379368850672041207820299992254201 -0.91082727514675169693746078959303736841045138390508410410332167301518464467174162981399468733772008088 0.017176491722947279976479896501365076235997689407740057105082825213590230687723924938490456818689666625
-0.64253058358513608601080467299377874127202228476773586204941687882340471228798328287079420722129194095 1.6293104860221427218543659446817419074673276152248572692926598990758881474691578235023715947597932711 0.074173226520914049746595564164262527502224945478698875610907905151998271809140158045023434119900583319
-0.94398184912809776699387770742900511976128332767430306010463294044176555363819273540098424892878893426 -0.24762346492427726959012792152754111799870847674174109614180941492649614808581868707956012917579751849 0.24161266001615150530073347132431635133296206620361861588465715634399205303745316216338889127791229551
-1.8831200873580991414913235860290046626862777815825218586584135265576923938930728580387525411111148817 -0.060432168996148043911090562480194614232904333435821269368447684142339822628053267792617373232259049594 0.065908563768260506574772230035600519209443822227705476793527669780484253713148943984503587527793108396
-0.82056533617058035873944370419810833976178601822207443454686396450929929023267364417684613072357789368 0.38988244404102336351076447909087206401761293230615131564916255705790056045264409519377251956910803841 0.27397471233849703560606063834141660757688685553430009169883258813095178055060443687068153109405341778
1.0780523393724658579604369754795815562244394063746160196220688478184900946703663685225637435766480506 0.81532858736307144043894374479383436233635368258626534425599061775852244867331962270682662366608874142 0.03465501531541314868528289178066486697482898917370149824575999908961921114850374060612485648316523176
0.083437229439403513429123753321070139578299250901678888782191851932703784346401040116402091670910506563 0.91492116938768617031274053581919218221326195426539804378787477312235965182434050006535295271059041087 0.0040788597715846786513235256114163859347725315040334320310816729416381383688322408890207751340012469173
-0.1637144938139715748600442346218165885053816649851126490500544857556336698098984060774081708806644385 0.27147052950968218523759497059331015513848814676053178789661416742775168002780896941351681382950037244 0.27709987785931818800331645164328023910010018465053848335826483086663956292195078949251069022579114917
0.83847229901729876240134958273927243359593118615999667546257363473015374487418527784171402763885682605 1.3261012633749085503371107365450880712898172088518889262192511537791904282907850140188081479886770491 0.2319617026355275028218612691898679013807812863912204452004050906032598343313514549783538061909881609
1.3782876998340069420819273275937100595626997562475267641575506797545644308546685875482050561812571336 0.040021994776833921068622659593359888121798172476154835572303076215033399443302671894473776164050283391 0.22052707711126417219725209960584611935120328314091260890547590445179376832720512963908901639761274333
-1.1919369537153218808138232490567203792454350665249919429329684065192302704741647011682352382527888169 -1.0512840875878676032375525727556549192071794025860280391025966479550842693210824091586188395924079388 0.25799055469307560125700595209079082710926041181671932154390388468929555743322590570077870431585337951
-0.0036227419803337280160460748987597680128520328001628547963515386243213785674569201561245466571799362627 0.47235817437532276587393351379968806486905458650302515815076986054108712020160146133324663717877371133 0.0025760483690554628993765141315340597637240110335894114645482392011316369887566827849171176970969935667
-0.063926248211661296652427673868724436724777961803314832421084026256520194813123219045794384808466321232 -0.18698656698113119425463734089608207000652026218543975949973738180128350058580032400017186543606683328 0.033723565380142381027984602853268349792645521340000997153156484311297868580821067509739067057984736804
1.2146123680619643179656201232979518554839344744140489472865521992873820765656809446485252367616325867 -1.2407759138440878073506345157947609572401717099477339801476107209523097125377078740092206751099465045 0.14131848337051663241219305259134974455374908284749726251771324497547218235802538583554880320596172959
-0.29865973801410619619684607160338592756881935445178731315826578569317225650702471916551294044230637618 -0.37054190991183248483071017443070183691542089126630760571290655029805845538955024102711132017435370437 0.27161290369677112259991098733800260565871984025961006302021702298606764561593682909152586038553427851
-0.10349129218095419770463455464076460498710766094768985071753347659867436892773147625248595485258890936 -0.017300072776164881108069636051588218929229106888011208058421489677849988583032018458930913888132592656 0.24792006317123721966415648127539148995655740641053818327004640749987343602126947624604844487914318804
-0.81720922349407429291964960799288667304962351227300884275938798648475894888076324580413829460604803497 -1.2566790508132745010634274036534689252685046799263420001809544815398091795102731145352711324533215578 0.10263296929559491871238366509220520064256510677785921870302377795594595224831369048291166464093937573
-0.23990435645710439838254042004929855765322609037326386562527435563842473371911750614887746046352965305 -0.16362178677007054914341870464895365051151521348783100624558139941148163043340021165772593324542567484 0.13812968485280625607238269197422613706694224907049505305929497375376693759127103154989915697401137383
