0.36346045145513806334168497486165480506947864261308022224114739155789768685041184651111168592561965649 1.8171793230538987991870469154126013066222281417123840370086094457129935958851544850398482318131949031 0.2235337865142715093800853986485258753051922516197544955724958047630074719072037148793820579486658198
0.87045600829880732041687141876333281960378856492815379289554510773386550888449579835919877728247545131 -0.80197560125363177588361247095210952451354815194910534225243048512094913972148671162474072818237679495 0.25417554131269996229618883226379996076272385314830544691476112011684148551207897139732517815297477672
0.94949371842996113926152225632738554033932938148370773209689787173170613481330091506846494719741165905 -1.2000048305847591888668634210263117891920877681728498023742724580611058809107374816504546193841027297 0.033746949908500153617433841006492325585100799363160128215329827605169747678118612406358665779136490355
0.64451299933236779262770056341342013734030740553659165475018936409253797451706153150431255340042718871 1.3160734972162982638838539115479591531119470676753067002190694955791561691022633857666924499383699762 0.041269678762889321818367300079350970430108370478382287044391382915292613428269368625492303074183852442
0.81496165537668367717745744738443029807822277493636874810466741585556292306313831362326824607681785346 -0.38172008579483981226984556316891819455828109253581123505730953647953723025820075670019275785338517464 0.098159286050721579809978352326225896686123948438415058899591175055249204781104137088353095100992832278
-1.1630253035184080291858267467480096833657301995800710739635756125962857933278607820109807646240495384 0.31307300530098113406220618547103713599730873399472026120767226307618769800807557635158263304918611183 0.19490892494427014176418206477109601028916399432656368328523031080587265103650378012262524191411957922
-0.66180830405274744488226817592742654458754652667343072970134119376701882458037272139596524627681794315 -0.7548712584721478642050368917409021352148369578243060153540936531003609718893597507675630624317418836 0.11622284955219045103863796083263362911550787284217613754363597105202587840595735255475162470348371056
-0.0041909270867772795753151156794360500742838102513895069749057634451695190438035375615094588068454876163 -0.10506637898203558857391512318960826544284699296303879644021811792618487864643893110074510541680872591 0.050968635111359300983812257782205592322861516257998642591255734763873184293038703334109895883357989953
-0.23155241363238615073053544046828496378935404747462123132346491800227220969818007699287394021562647003 -1.55236346500023414403070440688041102447085855684755480475242545944981893679287687428467665893785819 0.23326093626187610000841799369493265351115779362820921570818180388239568243777866396433183405994814592
-1.4618528314946174058918514379513858687844979961177215478362404117969425943729543806014129051882355364 -0.48346650235269162437723311734602536875207246936751547282604056685590187577559396180901033323288958887 0.20998847051408152431670294965406813627312440498882980485164875383131226287360900280067561803125649142
-1.7180014042457493165500463712944994438070575575284476470990149547634604787077106878251867116111065692 0.9193344627810706718420526280319253005991975393733047499581366739603471450950752857903315030599039211 0.036053127394216108059671269351571062777235378440835878825728050118044225136005436021445361565088457065
-0.33790079213649605581333739646494017450748452433631502364503918684155650705376510342750957149216385461 -0.094613973616948942638143528985869171906744542241004222693003798846116362812859002895354945567847325121 0.0020969559869728790116304416772594600413968442388171368275927650205164962870261514451283635073484072924
1.1899085421681592735175497728633401967640318421939377575227364350567658204249327303459584122760188133 -1.5912021358786080435029654021358905979988664023709852760666366405793045129833785371893994367182005449 0.10398920101880369990816577085561705994143013127143054583348431465794805940697985905003046722126111448
-0.019007552656998871004908299184260998943668793966115808565127318516268743814851473457895733036916888923 0.028584052815945859923385180555314214302789833504825395057329676021328801491125316902008256033057187916 0.13695963905660758895415711259697008676559488367653244543351823889398773544331585266684229308897533768
-0.16453399619555501226443536324318770589778627770081116881295038471525603151354075536734884398068699221 -0.80089417743287254275831148775264544977401445856651352463470172262851154841498082112924155600276988108 0.12153310892788477642773011000280202893222940656420447361946733165172887777948969885479405815285040503
-0.48129675370854931954579541003915728135289706079811197062117960542710867992707345042601120314213632355 1.2098523559494086947949298696895210356346846923904540981896652635070319374112265715591810149575926278 0.13009869168656728747555754663739344307312997611940510553177328521339015877899957441481594018504746816
0.40436306598226176924955351677124234591582575409240268296784578515058853625774184022547584573632052771 0.18416215565608250247494433869853878270897596721656261662170118985383761239479225252858656751372239172 0.25605383971412886097182215727551969638625426896678971022211466794493305023949319240730421662015714914
-0.63734036118925945810441675470114385269066262438089919568978459011309420895753555353225818875997140696 0.081829555857372456443164755897949190914745281123939880741050885687766360452548940097264866730089362654 0.064537453287198689796145661253417759149914107285438759932465018546120205819907026794776920236597251877
0.71887305979645020149016702358351609364056785783221974598865325354168137646067636964019213545041247642 1.520007651832767818370997522756692887637386784996006550872794065485069939781296602643438680968208973 0.17026358655598405744072688753964671217348276410434754426270447238248036250781516739236336685492103133
0.66731179472856371850196950159169273274328735289313522874718022811798485421658143760609847714113447351 0.63075405481886378149276561818968760544662935476596593001597957771357791957867973653221982828695707156 0.19986877164937175950901906143742818482122845333368611056849037389135332189689139803685411914252751292
0.85334963464562807829150681781951521191369699099358163710481390481257630528185166822522075718496254961 0.63524156137080391391168954652878804085617957032458547901070102818980068288934293146258890350644337914 0.27043993082432740876567417525985827085323552689110015294913182932811080463234232004512404350920091895
-0.0015537200155819700802719357650690304470777914178986320862046718617877984281278651183636093236983731939 -0.00028497020583115727678809790096914014432085141094233300372446884671315767168706418671102148023106730182 0.038880580782195772316460495505214947638674109178182915292758088382790369671360081128871789979924890667
1.873408117414407113061791525533593389094971760255929170347938684729697647267819991900047225497127485 0.0767534960066994641908934870965366180340298993549542752695090454371831137749090261801387460482269874 0.037913723274733116377467304450785602491646250854709007146009124398260094704639095407607866162067839976
0.33708877831738846537703833295287093127913060668998728602477231093655566409902410756347520290459732819 1.9691824458346770105615905486168327786324798162967244697532779731997226151742293317370170413703886399 0.13071769690852269293757952878612648030744044723730126023737262203965714692123744200274747678653929604
-0.42886337653924309461824760036769762600631607667637784325767483533784910418448987731218158306720443068 -1.283100236273309113549946944491979251305929695765631272757793580442380895811625475045832611757544473 0.15145163221662000028193091029626073063140306817697154016022807044273837836595413509748422159501109343
-0.31557294393635979857596509152087687076048510897749978497683874130967736014175260119264094178300812697 0.63337944981758847873523195434421785850763277849092278532341028361285923797046071137764762711284243057 0.19578803628755052007662281780683710157529210674739661982845087434310831561956306373930325867570415724
0.49069706467979352885168330449889990355589141491775868197294755301232672450193353522877293947981893754 -0.8205666382440230852586346027916380680644145683873840865966412187697662468634671096031231157682553489 0.11975996140170748538435550530737183661157777835696847840159401294192330840071029458437448542735568413
0.18523863941039096442157087036724160314241479478821843113641966292520265948596384884275701310923117622 0.75924661668942957459274306792848254484601432461535172286505626536372132468537368408364988462921503723 0.069928860402265848748447852797157018732288488586369193356097726852457580432177237091602206192688335949
0.013114281886237281419789387790757423331370154966965154131220121747301878334429174399717004195443340206 0.0017045230677632191780390279187535927402265977308674229050536688039902010978175644521452676872004540418 0.083632525429171337108133168714066442021552816924191288266317481966308905455395426451879676117779134619
-0.37955095504833548767580813911066099235687324146904786399208556485048830515894119734257801164662193212 -1.8624277069937474021776022718442717199816232484292335042500552493783349316895969113032149387785038874 0.13795833064322060037944745366186857087220117320766183150527454682744148784919230842502455476778306989
-0.012477640500062185312219956835001895223901921312363611311400064627569459764110518574322914712638625849 -0.009197150501211901015310331575058390758867625530962464667687149867458077513756921281389502123155996818 0.0078115521693450145814589954830403118179081645529028741331435384136215168175604698757487531992339758977
1.3118004759072465224204228312813853009829205536928303084860516749616502821662089382078806242840964049 -0.31076623961023679983511521865417139285913638545576538324951488054650100782845007761046090861795926696 0.03525960775099382380257980890169052490075966904668259082988045998359789920342027139007559350943688472
-0.97285281573050975512312868677084684513871090723962924435930970733157470352210456391343094779005913777 0.80372441163700565565674752018484993277615563493172311016357617229670740224837340412753450079618939554 0.055026270467486866401218595533693943103158573552512611426638628369337738747675061433499053507703566364
-1.0518856137028888868779000406234556796680049566019683115346025026174912399946871840105082173731667601 0.5827657738678268662376541355994780283948018694611177965409317779276465960590508526953323431667650295 0.19299230805208240286245323202573414174560698823321611717518037257450250072157968608508251630067779225
0.56662026838118418845610554966852620922063882979045527978597242786399342090774881136452187841648185277 -0.66671236676540097480996081621683499127753502013686666873212622662329818738393238872058968017387417749 0.24637100007194439265735182498038289123479172265285078313985799378232234887567608044756646957882809627
-0.47990919455684024122074197559638661167351536985640524832937512642220622563043590328892954912457415851 -1.3254078540210744361978172430647979184882756622632765958098332752977074927026844765313985119593032904 0.26402623497949370503178574975927125729731984173858146203998360155937117369368093413213978001065676254
-0.044942250215330578029203257585155524105946393795206861178449667722926259755365358849547019780003746202 0.028802295298872458244517564453413207778563665406258547355105201853539040950083817929203513810452729171 0.24104956035822268803934031440739181945526621821866105329641126713341348315283177303821523904609035009
1.0841001807595903762414327129400231166101443625193164767013728262342629463061301902106215616824439927 1.0980694929769384300202533925649837308049490758096914095336042204964840635122076821554457715776870425 0.066336403836704798550440609826905329704666379316649419505485972315424683725116739181358425959058330795
-1.4237122698522460857513046373903514730544746962972980289619075746527803489270999544553468910158312393 0.39294032312741370687266525475498327332427221818041251244495525990031270346075145743005031569273880761 0.24123295605460639138819532055135981530059277486826889384559229117562721875671056742624549021543185343
-0.33979009456581444273421101108426320823637978578580898376551849287902771921071017402821549824728628944 1.6910839628510266360324898276019583963902883978323708926172997558979573001983977721428186622121595481 0.090705922216644026878523725170766564840736125599956476644423868541577790219824691169455205568311651274
-0.9479826054899122598969506648912549954040207046245558918552322521323758403323122497723612950171404721 0.59506841334492029263302711704372490832259529370404091204213751473149595820027675481383367549395576411 0.019709928693776757715192611895461318111794529535019439769161664232884733117342021966742697962843610664
-1.400872968342015329259738739524916180941312013544385257335270192986495935758172483725463388948409632 -1.1029926815066609172428994724911198017032940859653335247772725074568996506787019791415459956144524646 0.068146939741389361936303238970010319058173897468497480182271710755326879291926396200312341908718947306
-0.68905626891800726192981241856956434672816660577085718254442901427654468277166285833848003999438260541 -0.27603066273642490150738808099434380969096382739843727729084954067212296807905025009631823541570624059 0.15413692198006491897345915347033617918945339585996559151653798995830769403960441944411913883703868538
0.51456972805558691651933897167305824892813773817819987590539361061091135224983429830442905978137192892 -0.22287919686306579145874165216382075090442767588227967366423877530538186350212271090054737640970988013 0.19903269996264039883544637089756706523399785501188648659385626352812498591691444595769672085494473843
-1.7715061907561850921370122955625841239280409835385079877453533771643675121359778781995690002340255566 0.48110153986804318122807371062632141219432070887933656935587582157644796317487514323545823093395818182 0.19384464414468987076272266898733118622520343678393253504487111900046328077765469576584135975810342403
