0.30281334731255812481917546986518235511724184042174028679181405610916716710729284608919963988468837826 -0.14073507263605531930754378177315401540022487153748088799707748810744144466242521206504954846503746338 0.062203732181677981910560569901105209400855070066152691715612115565589089596217958583973509897975929594
-0.22782041144236623697049122074768985411286073649912505969306643285501807982815761815609052753671127613 1.5305839862205298253019715960819477486939883516003559800710501311430964231910337621378334404140772954 0.043430907280738656265595738046684883632187919969346766895273886436930552559594799620016534900360840771
1.4628320492588605065392840013151328933298602488533944375755011760059779938314077462524374124256562996 -0.013794322549215749961143120496417024456526147751641224730151651244365058858896757119912529285549496709 0.031888662199845566914767499271825772657565863857300244527679531206693479232165504700990550603651984186
-0.50461132500467653426899717601206001273795755681809747946488301995544743772526985924490231495486527853 0.39915386669205808366600621377597824801526922850975237581911598426941079097617499848298137875360272415 0.0087421622820820282723763666765512665600706495072838404159277495200375824559944122675789199406339220734
0.36925388483157104887348907176191367009786042018585000217183305309229847067602230625648609976098454052 0.43939210277038067893231458632905816445088316978448773584550413662313499265578381240563049311188505867 0.08759518598292929017064760731751027669828616439748295421336122866125186496437158373173078003744125521
-1.0423965679715206406231937721505246651312136134623147129719803103989807766631585336460844446675516172 0.80498566609482145209476341106945137982823382200925737138268790513037831794473178219290094865696722084 0.057017977757825014023602083598982441471794359121103527415441015330403725002776516676735224872265068194
-0.64371176096314065122622338692628158677179962792705811352815594780672412495364514058525191798950126252 0.66270716385480950804628634648584748476995117459655838027565871345873773481112494658015851921515693788 0.26659645084565230337674001428865556930471107481051326101425861727126630146284374954659635444606667949
-0.10848077150902968095570936468100057421233404348260564393545661450311114421718557955721439932653233179 0.10130108742002052465275415658660800272653242510607425199135142193165671139731293935632398162223043321 0.1056779749493781895091241531441764401808836200113976448084831812215161138765528244638216506341545789
-1.0491379364973381687795883101147521304979411332004056515696381055808683896584500368441306177209584312 0.15959940465145873908637130882490869887607216674325137638341318099630410455425998649029103861975219446 0.030713534017897460267244026244627879835370401443794715422498508923894336753772841551645797833335572733
-0.68703419257442323002733400715784844063946848744651145295110178976298117995883840208815670580269668611 -0.2348622166576082880970139911183930731533073398695908508122994464729575455806008436267613945495610313 0.27482266231927799075647919803291149110870478715075164090496438491675889409658129926620913684782263497
1.2391852642148796167049216043894007659516622859497762946129435251147821257719975368928503112468212885 -1.1064839950112126234336673167663496752103355311060596069104172448688891574609292749763767726418653891 0.26616278063330002808678241900252383694125569653498105434914240233886576000223576714760944634724630396
-0.075880885549930743272730480259318365514514998470174014394078515462960661345198567805252404208440346046 0.29681948725823544216087457818330168368231438345982074030134669074872317750642320481844524846917619922 0.05425897236253346346055270763931417753728281054595403364830088389979871171634374914117063085493398702
-0.43182224816082227167556674417150854836639553322674636663384087527494013593988210097054993094766632112 0.3459607754293314900825021483072261443919716669897397820966294253632113544327762149993445605698735922 0.050772691205164403912286643895125273188796741897796161742619905362721038164073377326111492820319332653
-0.40375434738252631156300350218160635261238007653841186748835944047914507565988113063835491445157190969 1.7848123911683942131907251856702935098735025423784565430752689377098976984197653718984720619209658907 0.11060090656232468843232002818069974960322668333781858654602109252086754518780459233253091928942120281
-0.024296456806241005484455673302400866194839120242109622137021606019946731249580882345759455508485438647 -1.7043213576104209686612303139598737482483445812669734604140779565732122723980021824068407389561015691 0.26349707515805553598629241056035982813412403802626371510056985497211559140704104435192379197446632516
1.3098130270798485397893227445189452558592046959768736238144323022711365088544867971706552146079376982 1.2145045270729953112741008193967694993117361465500226077118115042724446388593916585379901574153274898 0.26246143834596866181802015494315125284689974308641322698010447162222241638137600345554633945755890093
-1.0039828784845995318706156925371321308519682896131948216217945771745774987301523489023183661318248507 1.0236901964194218719088319509154886019622926551291001318182245880866619888203818502845965069630416931 0.084162023739561366805538868199929076825696499093226349426974019410747378724938469744189752234357364691
-1.4937931977656949630275725394598764950101313549432867633466712458227588837263771385075127185830629762 -0.17869376118624046931503242926033338236542731814023081547494082436134699912695491084366464110123144029 0.070970294496054083786555845359981535178046472003465473840472000915554664048087940037995700207301648615
0.066292889141867877877353066806840162347759506420061544940585358852455044239138186403257100072636472043 0.30987388593772831806556068580737126596925981334356566975539222138283715888886237347754102530278036659 0.0977984560422486127831673568205485078007099696536619463315108639569862865589213885212677521305811501
-1.2803532775546641918502845982102644326443412304912886773160319032617040425808909780582171824599645984 -0.88139764381815015027018887978523492034793484464692924229922635757203685159967864702649323233501321909 0.24889383662872569224285807804420011261369245382277478783786151901900147865136001822107089479038621026
1.3212237178089596949921615836142751645974849413410146574209631546173833920057717095176542353612131855 0.43211412526394025310586161431027274830010029195411554503665262132826847062498825072487921753052306197 0.18316927431708053076564781094752945741833036015510772117760481888716558844612380509761806714296008022
0.35540108519533128502152900968512535654858746903257224644167310809095344829846306509781820467918971077 0.011183063383086096747635832698352146166282019507425074119957001482002204604268351188120143916529101451 0.07049330272790819714206432271387229633291627115538815139565868237748825674709976243697539115713942697
1.4031797358583400805859565959306814767759081827856479257380993677344391415406055256283069804631123093 0.20894366755836060666640845515615558778284537314539704177768121177703066059573018941240484457272672052 0.011598778355609850255429497862958005206177311288501861478179867983601871527861170278007956545417098322
0.61556004797859188330152336690844903987507321754900699868367042086421288249355644317070024165885547834 0.71572048744426708423369837978718503347458505157395522353122364298541815584814698988879374297327739299 0.12389742869460798145300019757286149456438281959226242993122827592140419156677215053801037062833889392
-1.0062981522568409189025202816759549385419585842529094150504054655877864646126331754529371834501065023 0.35646528000636454415659822641481642293339121496598193334928992124504650694860716146401867300020465871 0.13951602151255594219377691134679173633932523098076440756095002170056669431745891498425263732423331776
1.2194692673689972241767911239920271938002440288855754812433313577265561118643698573470432738588962143 0.81549114922072120951452748450943345361270955496890652548448105797949159053560347713614503339560819906 0.043088703860981365470542748965225072628412851983971932981375708591356403449187400088188008746227719194
0.14226341998599806442005213532046326214325912640873614090321207854486240711714150395474793822161860772 -0.26565988771756423668437716776147406145367028409538297260726993881510290378339480480997283083593646922 0.056190749800159420125827390365781641735462880035010810414262498285022318550232416402296605014857309554
0.29496713918556151043615990969649215137526841679407581201444631239147197794313439348086333954864679834 0.96211809465079137278182370589329458559834294368125453171531734494988166768634910544969905018151581265 0.078690267526855935406925328922075187571873503016437951440906529176544981283973303064810901735636704197
-0.75152821406860643936847724292982820537340711574418101836307448439333049828492005862440313460075415459 1.2410489933811854299002803871004209988395259081516994383220670064275549278614561939537858926157836093 0.018795584084917065526968667809408789109420811964770146962845379097581989494398485201141878989856740937
0.13956332534103990178675892692692393100278516356919376360993102614080297013163340107193065648894347777 1.6671033991734884642525062431427273832669163336659968508315814306913178827976644228168827179521365562 0.15264092229791160198823396815017845109221384298995139448010840233714317728076437553216028463906529656
0.48298025218030744039794540074850401011117455669235665573417562349479848826089683589125383327001646656 -0.53016077319869032434333054207369048552937822970311690600189117266019940238802100656979638253832109597 0.18128252552035510991588044815647952220558443139434643471298405572232611819200954034879952297869387092
0.45387944295446588665032110467524045925154794324904257276363097069456934768026454948153796656159651469 0.38877659021208874935512422305906968814761322066377346147112829760009102443815209631830339168421656496 0.16043291624366729237461234470537654079511399761440343076716902743876667059173129582955890904115759131
-0.63183267711714438661845317614694699317086395913175466664858842410914295897379940598770554010527906354 -1.8523216563138643477192019806505036480124319195387809804944507635461837740166154577111474961208548516 0.15994174474419732564857402226427079701928129792907918843280260606056445411267078628746913643593367007
-0.96388458509245091910405146259974286682095791299853364428152761348061250366481912683450141611801212104 -1.1765103952400730544766080238887805812570173284809244514830293886299198692820551472627765928885604318 0.15003155784594759358852540726398858182408683760252776411443169932775866757336701851995330021112542253
-0.85440078539870453693134073932358009733794996186191537051120023551034829027049563778924547895992181366 0.87537447047387482192679018849580808096491341984593612247581313568544311943631316661228059334259289346 0.22949656816016109336664536441947955046728092255929361757201797945066353929016821118959474353413739178
-0.32798157158966334024444033361805537344606804866731203936901532869982681306024357799695908828639435712 -1.2671720125750393761520315341609566252951736402596595825378191788270296386473375986224053258831205162 0.052868426018566704422486915488338840812842602895437404141294687919665771465919026916543280961058183334
-0.62612472090202396781537046460274477277056782161841763857371911889278095843365292886812565535539876989 1.1910154964560960652476447368856783688676264611998027203827456316660002378966520161897401017762963164 0.15439799981072087622881939449979078670060164775982756116814132914944432276122905938631235436385353767
-0.13121939055232566852210660737614381520649826448866558720132847433175254233512137594872706427190229357 0.74432508466628343069202889759750576455214089065701393494067124340337822545529621576714755358121676349 0.086299808614781735123068278069093895455546634234404293369286633140559656090738663488581755995927020029
-1.1574326110053528097401909500489213260873353286966334062912718754922904787126621872488794306823006073 1.1408881535654060124215553635529036446772382814245943727402855008937681911857914808168549526417680961 0.14001042040244358594573897455109095214265180077289132120118724005757832805738852257978115859052353265
1.5331223148593907131640004509939429700717875850450577939689632389450812021596829008960352788342837218 -1.2372960176194203136912444880344708067264206420872631561795268157946715949666358319328953848775702542 0.12674840040642357058075371908961687736588081994412438670712962498271984848546191378216606259793132849
1.9728701179361770928675925461418729977821714512266331694528148333966339329959479516994539827438292813 0.068756807385197853521645513984203711594399589013457104704037728833460224973728520800393205247092799129 0.16120282721406429268719397325761154930246563887864520916613607173838036945528336471771044345531912951
0.18860977242987381694882649027691072370275451035651899063139083356769559796592827955377372742634510049 0.13989646791670609348426052572402752009163695535152965289937974421441412292221686556919944545194989078 0.12100903042092448961824946833905421437213912084113210303251142250194838226119174980166716760874784915
-1.8254359081429876907476290345354821985824732025311835305384618549426736718569596926036072839835913144 -0.76184053612178238003798452297067718942383046347410329122652476769138535745381750388179005447675332629 0.18560607445257217208465330760228799025380646799037923274679627910547860156585829753889346517690804919
-1.8746212056121962571636819247679337621944564063904786059009431405792080491532721362260176986814080568 0.14637380475664515239970485709944009582542201918625859695571409856738195846636794356896345686501253624 0.25022605960460522991778071565912407854753777676762387414172837997035191785571858004438088012926070498
1.1506920238881897523367947805656806253780479378907693824015263001967572142855333851110307357410589413 0.6753735041968280101981898676307003776681560487396221006807656487823171573826816358783630566894189676 0.063850631852450846871312563464648957746690645388658038018457896148370994277068610775196221278272647064
