-0.046094252539015698134500870592000698898596809844359881767844930094364087537236880108571218848674919882 0.14439118526150369167324858266057711824108745994423640061381611431364745296569760652535170867312826846 0.17509109532905406405913669514721333043822546417344959065002896343263205719723165274626914481184669757
0.36501884367923868816490315957734503095514383159425581093716381104513321766482114836428071252757106474 0.35849271641084210997770253261922192853370762340802157388584880317779940927845377946728272446302911538 0.14326837900960664712126900773799100016462993262272419604312277262615237649498780149835542929125441545
-0.73464399093997863786529636712073039542144615644567150254000418004655759225761297867597177561797082227 0.85943316961170499936758507560369644967860547947139517070911207410529644148351186225630104487638359551 0.14268803165511363334947261753772393839725801781155450197959138981314341387142267765043330174381527373
0.8375568028641516989198915788812533846200441496420008141023069992624740660345430831920724589277778868 -1.6569078832678495403126143068056545814609605690084550079525325035047423153624948512833528625134593515 0.26174602603849718974466689272787745984803527514727281600029852581334813437635141565637789065946568451
-0.36080673150114184540922710795308501855592578244451397548832283764016585403251287602293490432609538209 0.031951634646449790713050907601781561006026795754293325835949060698170585388272994018063477434298867429 0.19677304253404446225317138881632403785088930760705136551280638246668181719072735225497345270613915181
-0.018164275217410847788883757178655798185233758358389256756932171446867482288671912131838906432805335092 -0.52022431481964806619141525021240074703502898192184847411801373204427905485341094999586461873687703228 0.0048835793767181938833404110923621814208144969418930672947054439255594648430974627983298398175549765666
-0.031462319875964317345050279566801819080117422270858355078770162418352913939216141075494804027106406178 0.49844129636497664944026763940364000103501013022229583979139313701962701563786093969694979458425682315 0.23344322410870764820459466759400192872551270938313365999965016919203743091669496188106472000938798946
-1.8723824586011502765166930724302104916683361211887272803621508846099308157335215657090700423715101274 0.38633271309226962487439484132366221631409739925369279567651283218416992069897144336776699330901904409 0.02801762877161187506873388624703201652639754960181585182098391263819989681676522474384853387137394366
0.11201683731125363505547121032822208887821533658794618560607471907259790255815560423971419313184564885 -1.094768792199741255279496260950628363473932386244889634634458629197185654342708868207625900278302603 0.25894609261257617231307873085485240549552899111879660424227204262998557801773590724497895430528286411
0.1572114663277295783710833302783445461282911713941602937304599968467957257078508445490591075970087582 0.16890134161998750712064422397812899826759983783680869317401898560867831911753676216956403017988014825 0.19238825877129628069463500246790329690734061944464545397926136435340685380935025024870366452107127401
-1.324420924803193306671388007561093751393947305791128166934188507166522890729804638554471621824385702 -0.55878595244633636022655893714913284890398315927174146427027762300770231194086512147004457115490249413 0.12597629613630468065411989221129683181450334903103301963388273816427062045755708676631684474116275213
-1.0948797763554891025238392099044463528281978721097509447587397821183794866279323475509128727611526634 -0.9702884321604672715049592249444019286850465660098448286508643523346264107464658826271719959698118181 0.061334261457405345358441108485822380307543404205045751281739655738860562140607237727976036925530273598
-1.036167441251537918650737310815981034009590711926890598610721705492651560405315365308924502690895633 -0.53223784319515429409006557079462107430333924359654300519633532761924407571417313296359634905781616986 0.23790707488377557003269184684011201716033189783460132051248892464834052418813506510914823026308260569
-0.9574453162776227787826397219680394793839602506822555963039447937153306488598163855421022562258581509 0.41557011241399484298934976114179008262134887311642425118672406078307390714077677120031661852295511458 0.075643463511124287317092727123349475770619075379194972001849937461427262251429489470485675343819039927
0.71363859053768862655351789294240994632807757998249047649504238338521428287094341736430701176657278654 0.39789898213549172520766174926047006250396420203491883567399607359840441599445888842570372207987558456 0.045878054828039003255686068837288391602115418946978042454261876022210180885312454353478813871308043153
-0.23395092306121671338620637163615832067703341018668083014009081860045089367060453756518951453713941648 0.15785766006179016877475856144968401308647594241088468206186871353948448922659105213336611401436892772 0.031421416606668927855102170321049044283073987559828266101787828241863102871221273568434936041274741753
0.55212190725754213906624363430977835382460651437057470589961835170143831695049843106391403529803316681 1.3215011608856969276112075834426901235589170813453715362923764378468217797282273089504152097041124796 0.2176315109179976335926070980535630135195746047564820380886030799399322397695748855986482393054459134
0.56849247082298984130438891104377341247871211462867914772910145757582654104971069355096316641271577136 1.7336836050118263018803254221667226802509368791378699739104807352896383320598368234866361505609096873 0.12750142257659042457591096812064310793888125726012599284415543431745465578487957765163466006459675328
0.41487335385778513604377119660392134620249907325669876561808675747274706516323775141400535607509549563 1.6359862298045938710880822685814171959970219946690115376479461948504030656848169547539282211176823332 3.3302424289529959538045263777391179320341059138022462153432763651750724360678290969612832396176387563e-05
-1.6492620021556550640669481496408655219227302451477304773836385514640237549171757752380034364744101807 -0.94675724808304275990423686630303892887325024856428046906147081857659385604316658929972990604032725739 0.1967147853635783217713341359754962820820578375676297550142341057358781227549097067738868709335289345
-0.53542520356875034860761470719444596542199407772965911025246000030303914492296048345972074502478488843 1.0017204963657973066769144573788639203396482532985764259231469374727660745927649887080661572998412225 0.12151740389379810253717346381245267984376686314413047244588052943689277077460646733801376931859514313
1.0931071707766735819443367683575059762062295740560098323299039332560676536563839046611258984016673793 -0.24314163984906051349316086507485258264357131118683669415333001355175068843464628966858946780993845794 0.21012761316162039341896074852880554176591270386166612734601023444939311087863276116441828074848282225
-0.11409655382769283211007814271615703992949880442396245706475571939220002308960218064052760379289720201 0.081996342546876511077074216854597154212834414548359269729001405143974572859260620997787937484240082788 0.11459996632272612387251400321354044029827147409108273022810624659645272736252181351596454451610266836
-1.4721216788670469525969484219606082641039751373953871591566099860033273248505512564378154021307526791 -0.48036227327812371077169979922701719265660448556966987035037979766385658826281497105948798679515991301 0.014117115353110318742590332914195345886466167571785544371125074683472710841735831797004405242203567926
-0.29549270405237945703776478213424300954784025359482602603295831091522298495778526352276855851894684674 -1.420185159282603755268178750068967800973312603571391065974141004332728942461060008640191908506631742 0.10511948195377455575552033520882209144321469743450667115869091934038530227919361026740516681739177703
1.3674357123050842271662315060082553140065851459312500830166836668787162145581465591455751457449816439 -1.0187093249234057352260243076241016023649342977519720739858767298033771899435642853801020760386238616 0.27051020726603274854973974012825787594333940081007447979017858480575344730351825978568936174694612084
1.5351265056520030095908429183727018701238135108836761539043238634005227402260712643671832750238152192 0.25352193172959691644889954899531740841915470042283562191019344687105975280589717168318140643375454362 0.23402446859644544000714214322101702918979076237771267315102238609471839450787089030960447014322319867
0.11374036698323584755390222082685878458898977429752779443978609410087066402327999262749832024400489462 0.029275469694977771811759261051403681190809476043560706655646247804957522217293683242113323603598498647 0.14701774584426378015413538952155876476584541512122201522140949553954194806342145551363013773368367937
-0.45799647338722726992082644355955341991760928783134005281120030232841880931518966931704009995937036139 -0.50395153395631154752032512214227127236579854583025185751406689571350264919082911508840206286883527285 0.13564881026034794431415490552315763279994368089789000296772279062569489783929206642542877856612150004
-1.5095246951369134692387035543334591626483145351629900938592556531710163409770001857319468035848364113 0.1574824838073843804299853210378476842947371844132118711007419104397622084613996859065604915626493542 0.080485399327782021896924477064720140813712977785315678499138468680538272019048840377773450808046177664
-0.25672336479776745167130439662663090366607999648844511265794278882416549208991330527012361790450391499 0.24858770374589717634361503210207694808149503875709453181556609056636022032952081389797123146753424535 0.16081779690164802685262241470810308774358149902015975861528426542420100738580773215870576812332520556
0.65125068342819732147102624719020589316812083498565686836717086485451704043034132261054258239336632486 -1.1353084901190951954405214203915105297102493756720571988340942155467539564425364820274394379479110637 0.16637910246043121209728416820353406632991610071174538993242815039390404661291287489460229548289778829
-0.62499511707178922603581558373585395887215794475258797939177478003837233140182439769030289381192398566 1.3416115489867766100540290620976418121788751504559856705689501236857481614829408397337428961257869427 0.10936056249832450780239976021615719841963848043366060149907379174754041766882033535604624953898344485
0.89992943388465850151231249322259893798677294944182127807365889038962020660189555219164503648554666829 -0.2492215639047670482713796183813392698462479131625361046618854532868100061393117823800670184658853799 0.096005173281458339725770271957112140057258338041024583059612657366293619978728766153659911497880667322
0.45407644503172531445142039785239310736619046730696018837535974822101641367664878211849504319065051561 0.25253665558142959298258231406795478430183765610074165711099620272874628835856740759646644484292345814 0.18673602514375525562141316526174560239945763177775503578971466274931556107609783104316942743157607955
-0.010599006786138500859133730698761393960746464521445191553791813020832878627270533057027699257682889615 0.023870038283053950420968937571567271373875862928059596518075279322760662090028227285635233702142335946 0.11211054285195151391026396168882441947203402251405061101439968196229114393055496878785489428633556783
-0.077134401810565116407204949219184843466722098962142887596141759929335683671426016443663298288352673815 1.7538169681987050294026667640040253129870188296095838755602698551332039928403717702988113018124287723 0.037622549585230782896519479406474258600354730810254791414363170191873897767625916023437953372830015699
-0.049079908209702213062986995901038601353213098645144227840785405684078830698321411215946112297936955812 -0.06239385216130815454344597477838886123733140823083249893028177743817587280078856352481849380084266582 0.26993129588675422568568476627729463081023285902421407992468603678168935995894913192499693665677417174
0.15153056289433811092437823709168820156872662029410853991961055207734817456129838695746285189517341111 -0.10261341464911656156298480962644087703087862083420794842145634345768400327433413963322462205410573199 0.23115837696976079304868308864698914795032005241281618058534453622425767903473388945416429789152983394
-0.047519542165601149394737837802356773676832629186624127268569734088419717218320663223677363575116822305 0.031957484808415678241820354833190725450376510880013044494463942795021180399162397652601641525433247624 0.20002790345538392874427861888546838705860935767118843235122053672227637428875450182141637684199133607
-1.7336208955352887850003468537559829627681725112882668736310848099600471354821607875414093326118275187 -0.7174198065007318625113107580051010484533286607227713978857399041878611727445547408557854175981737978 0.014507121273868750248347627363829791499602563402299459171174335573414156233938875718785092365700288652
0.0072579990033827195523443216499215602875837444127000578619383992571984740616793917887976988226886743591 0.090030820542312728397279105128199307079003239427382821912070787902471440713953488146251287660662130636 0.15728585241973745242156707700801140542744348696990728057996877313161227879709112624191528902949912329
-0.8295151546815874196601995210872128690882512894058090559047402351864665409380207508003450334785378372 -0.78568744412309808661411460365201533037945948874967063907878628035236627980665283532747816123176839372 0.17062499678512695587940402873808147775636182396990743956005000385412211339512748091183888361183040563
-1.9887963575825248743830329813524347279371618660247668215554678611370686690809753067628873127189411588 0.012236006893933889645106658346795009212861338271142318933973469282405516518790781877733140318936565208 0.016514859552580243304686690195747169597965209910470478367712830751255911487135472400823900352570247147
-0.036756409049170378882771379883235133401108160567325827180159840908856793807607199008402393176121082815 -1.8206086683742994926722639282027645760183504195193226198803418750175770610872080779419000656861994404 0.24972870403579554722966071902133077623257639851391387882879654636047715731379306462524782861518477452
