1.1096609537300388378667947678368579685078532424903224206679097142535027548970982011690951104444616358 -0.44161994424870715075612363704012563266239161403389684588320485168357323991644309090411495981765457981 0.19382453740618514541024808184308580849554623864794201529114640200088148996227305114508501313960411133
-0.059886151591648331690618846284299431540822609300279813616693898942571380837971179408831057832436481055 -0.73077042804526032621399390910086641407173709693532375013869371094964911823326249280325334414512432367 0.038456175574619286845765331817829330930828264168275129999524982360798332556567394535977591759520963098
-0.32480366520812179287389720051785513555616705471795711555565647175481040488174973959054183040881591652 0.070232795152852195460346843922710207891438980588180510791369745141641455197381200611251040284372217323 0.024940907045582276978397982095532329831187225853914226638578184431522336024380868540941809011437310006
0.073608621557873202856381260606716217005384776813232008071727255174940149525667295909778593601149654374 -0.19508752090725380402055478325859099364309290063742664967311949516383999347717140609899762991471480336 0.1544630505423143079467263200315009126729569637001936757792572321441533360922325207982826978546697669
0.1865500794501977028925238147177552483006217469488212362159621029155673464729730660103520984464479595 0.074917659084870023224697250718136878325764120575745104030056304996775668897635804442853899782449866707 0.072201737120467462790228778263322508280957746652559645008341033054911032325700785447292042359019903873
-0.15311048573918721783567490070485767786627565981662654792026929815268378839016971058325778777758634397 -0.51903599332803301823938113661068884965708597123494101029215687886133168943414681695833501580961539474 0.19517094623171875866438351530300901225942706346740861812170998405788669088656656038445603729860320445
-0.55547845284684347682436804634337331944055873202930748329362972006712529864820963108508678046885173205 0.60241182278298531332765569878578382109175175755654697327045129536822697920806109721453073180840218988 0.16454509486480766749470812739743199974313915336379177886946874815512220858919015033752691756993913862
-1.0928387066109465251371143212045473610264227593654962310787279541741795032370513522791514757982278571 0.057170985709212451546979805418776828224413592026051145489816645862408482117114820155969398313303298704 0.265294208863451477886635536885525549671843664654410326850176939924391432145328695355608579170842406
-0.38230702450793346032111353006571257945790945582449703477468257065928363047236048247618032471670046263 0.18030987048725804955361177950823776174557287141528973030864163930293307278023010079510443876870811039 0.17057463940752933200690103315180515598876872314385465567809873519543336966586921214155930077501298633
1.5037535645167851414854564117439494028242146522241384294847439451881483377234555113203893396258218871 0.13973828298118234323141805953548212165955838698171305252777809185109046464879948645550199323176284585 0.14797584961235987919243955824626534899009779129369241645256828846556918553384331130835070253085387608
-0.072447498521839111606768994031629339911172112843854623288159919882429307245697055374982579809335187367 -0.16951949244830959863415906727229503687671518828881132330641432753368168528760700454162351017534124976 0.12005996280696668572523346619319805021692087554530499026566631412121794971419532463322474956637388259
-0.011107524165826768070332540557139421855749929231961492320510580051589936952844456548320773188995562055 0.73830595109161881209690914392441715470108988516100088938229092397446606625570529405067735860715433228 0.20590549009081077133903606113483475585846953926975355517609672506083252429309662195292242459953561791
-1.1045392262452118344690501435272588723432621062097356848910739267664345262337503143056839333680333431 0.51774486881256846257774013413022377748798019936908103455131787197569478047100333765811809394188616549 0.17612201165772521235436188238035834322765515531175349892560276559602337081061619333962186092985942011
0.66022141383987095985074333625591106521734322342875529322769589418774381697207877485120451422793640182 0.0046202141643538688278511644801874199059772841133890353572307093715945378628703114247832618103928380685 0.049905628757325538356334695779780411686963912298216524569356301011609973623141505804805548841634946515
1.744823005864646084182371255201139139735981090709982226487352069892628592680741692027139662420359027 -0.84365142823992841097341106601205372297940226141338182273764473407448795806128491622365339377347623969 0.26617564658455726395399555338136307575635730174105118248127078302963416408878234609948210960453876907
0.21557238743052756157955378465948786157298938553130577312091950065952872435227334461627762797445468928 1.4433247100898640681705391827218877147396132394311890323184350134251667504423621164889397909399208124 0.13888195649963148628077887489820172061156839984172784531754674417625910035692494755731082751478535251
1.3088081507266050713021681171518245730841004040321108025819333884647472426203030713146497369349489037 -0.69452165483736131555880821178978841168052901057854378209770133291721169368888102754202163006708130217 0.11138240855801245899095088192842541867284480345273851823547069565222676643236477740071220351189117834
0.6739321772639822644691293443465161883686358130153179915813449069540535129951924187079931683565814535 -0.31381939301252557939058658992101421076150247559676207467344855884978664480135228220760239738399457196 0.26044528259022695382970067173252102590145838856487808321872688863835829786841052426601314146578530742
0.52980766722515974605180675848537147135054733781961338704850085181867691466126837470693439289956375913 1.8975942074706928983815567489729426386549820586051096013017437908826957380751417308052619031097743891 0.093085787098578250920619684474234410076096462607708589504719704279572115855150588638790642859122027029
-0.043861646224776157009081223055540445784379211097230403326231678046218791222701661821252542326448480148 0.12932741506761968186511783813272828281774163738853834291648110720940300841362777879315967884359818306 0.15723705280980339789820976745623091730166395641384918902393563321294122751522733767554632596593059626
-0.61959721481764252935906178429528064356858370893227691466614547960925401513048268792167510503947157735 0.037501586523566983872597422235910637339138880119928440815813755371806800274611682999461900130315077407 0.23070103747293303362757769148801706228770992959642690091434023225318775927730302733484663255797774869
-0.40436046609685785177278659513499672265356744254223542192103885253888581975238211084923934232493462761 -0.13830888672350270057530252145116704210884205461560099576505530739892106235886065724423258239763389254 0.12157992891315268579059460647730613790944931430412744075562073525263248443104250787199319601324378958
-0.46106469363910033196482057053786298142014338166297356126921164035685849948618981630335192098295245463 0.21992379776341511936729185841510657255509413210071647504588247754523740329531367911111334098490120464 0.1573880465173815536390125766953440835636998167279356219201763132032685194412422378509021435268268117
-0.81240047537462596876659766078893236876784620588309950154038198083389839869512966839747150310094717244 1.2245996928663262473076333288012672526372750983696510142972727516559394772342088323660962668379294913 0.27028778619368688018625396761862693995096384271495996674099036708593952905189774975804405727468522902
-1.0547341285744250950007824630024724976182146496799157808643530824640762236422070735122384886212430137 1.3360977686204946553133464857447646772263809166773232982314939759838373395373750528470008805632892482 0.19144262809965921827938065163091505974958064050118319063121123568743713415772266033640289157000748582
-0.35827175772856534673093203837600079445950182397533276407528622020328132416450229305818116601192084813 0.22041529047675930826493086523368202556029516360566996138449447392421407103867954033977489831727251383 0.272310142670054114352620059509507166073410028185094119318982003239374432716329876210170440287048758
0.19286153780099827411959520753048933812953032106300813035873586961730729400245370001334058250087382046 -0.43108537579052447084379471746165937547201186452311494228719406487031781388282896644185915489160286369 0.23812436588758588774118527580866100299020802147770077085204845431220410475318123806280947161987038402
0.41479375787251912120648837849798503382576337602851693530250228596550611805345716050708648973373453002 0.45005494693723620616327162144289448024641810483789959244432905955111232701199749710925381946460698628 0.10408024999648109680342475694074878493459335897261139112811306056315956470571025425304916332835999853
-1.868872540812600629096002200023147255416798934434532188117240876771289184742791583347900843481689745 -0.13838746609069581504834796036691133989292910493371418264619691228157911439808045958050410344723596816 0.20441099444042240397532644962503838120404301099237105203688153982397073155342516877846611375309213601
-0.7735507245533738620214184265598597648919617847170006926982988346136019709011237116357368063481097234 1.423386645464090977539871569180252002345618892234905217948241290834132998487580730659908733870315608 0.02094809796482425849570615087132377166544668727365737347293643175416133340470292255174828582660433544
0.24974675082094048059598955529078159496973396091837445412500795787036156456776606872158222527740974336 -0.16432664351450944955236478849876018881407085952150199190595380102152353830980948926256412921550268176 0.26618865839983395975014541090070388817769142466420527795595516863402368992193199057012082468712547892
0.35265449087842401592759253171329573407221376289720649943762532566064067495066597775868605243643729639 1.4357357354437383924531429800370111778467547749568898338041246868404588859047337907230580337498800526 0.09510817732611078461462447327015391131173770143193365950918149549651320468947955985556237810839363132
0.93911583496884270305397895079182024601889958951167655989490723572978421000530978841350373162176032605 1.2086754747234542045414062317983255687807194382366706520875641623431043805014941379835003006364754503 0.13593359658172065611637380028581563087502737658706330254368219952322303375210476614406828093095871637
-0.29106239807127835382442310393076120938073242750120396792973981355382534587823483497633653738040647024 0.088851365456779661778186417458462902580007151799008945023501996300909202530753468832592413066599054316 0.038000526232465165901546332930183960514725089690789711414895463324224046526972759214645976315039276622
-0.10416056721361990968551942085682283777283142296499109048603144749347504866408906095722872903780045909 -1.7577007528899341323101782860735614162649519991690892468502384703422412888007885564717764612238002467 0.18580461657682034191189932853353618740559428062131529444048698137354708178787369507549728606162962277
-0.17184325456118212810614610546047382204991393879134675756336070833108431181329994945362186063745031069 0.65197321800005132008409449755582745564582453702981648697022387060428274900390659065951973665452033026 0.057333780150869105537467236857426861713851374738087411827315457871886158523495292727666952738318149406
0.051148918306936919294135591956760949926938931603244444733712602079132859183239720950486537490087195783 -0.049997891543356167362693091304257676066040947405714610538411549786234422180054351712847578409922662964 0.27367170122142233519774605278956148667924283029247428238146799765993937701167233500091832070742998557
-0.47668184987988220115873126264355893338637057876469982595915568818417013975603476642294876050501953407 1.2644210097654350359436042160691167101157332491590407521021016570709002943589971887652855436807594351 0.065216555744438737453697965393740363563183289468594458800957754290388482192657967228517911684093872305
-0.78137416688188438731923797416580565076224368119070007297977506103628575152007787203843929187824573979 0.82557171955713784201430333316445443301196467562071551531800974184763447129679161627947574616534610624 0.13261349528361522221674819289747416884000417709400017608954887864428892894369701470874907113294599429
-0.36048859318898191929852206354845706355298015000112880033797893625547039846694507483412151343277039909 0.80635520157170626609482902573083864604315670355789707905936467136171461446551237168848692860060349725 0.26350453933801226669645606765298410403446329351955500203579569322793759333690374008990990926004546399
-0.18399204646490097982793522497145602890123022816474436191469832202436354097025306458030305441982248957 0.61185154190180816174369137596395191648609859471823266962029581243204944814411785222652561523499300188 0.25575146810095710271373519594736810400006482466025585919393187971798895435753100703258775668156580374
-1.1834758131202501135720359565041711808177222159102654399802238910569491592155957127676244042509810406 0.92141092737606068371267532545956860625970958022883485139909695360940591071250114909625011015444370857 0.0034871608310102579790460353226838451134827330183900966458156136674967648338928958115750512329799557983
0.028378714437455622708661672137211901171923989121214116498943810855128139714614460555512758550007239134 -0.010287743215425541816323619422350716847879239790859839555139254885462828770842901561962054350721523004 0.21516853933228216877467579163995559660182408992446158912551884466840332031205391217420546897333737623
-0.51152809813398778304296376355537333477937985249318110241060338425054910110300718384873509068745869242 -0.82991877160215153703142978647787978276140268336387542466119363046886094780393403729553320509397676416 0.039631499757747444871441516365869740711782518565376541236393521572564371012733980967733261529132549126
1.1521573278720130967210532638825346523195241260344545898751461627963090452954545099406929040438012708 -0.92002405749283952523784094011546212796792714712012876262993631117555759688244712205912472090008537865 0.050656309336141581422476177090638116769385085627027675436191296425561726994635357190754194353612538481
