-1.7799553371048836225334290624877589808277255158491996266378967161037383173309387335226332945467203163 0.078235934950979893536065307056088777578460179803074363726990095200638163196878111691451214616823570345 0.0014024936394755759878196577847029220097704434731819913945138878777311256355015408342588799446747420941
0.49015493093800383084676765976511802999025118830234819218191066054097518087023192588536392656081181571 0.82891926141238953680068999095130126778288636563560711545625515709588116765664624172418212452825857381 0.12848934945579860141073762944452769037755789023180504613508663123836013044241102496989640049172302445
-0.36383191936034640938001406190857715898780851974343929515036173100233301745720964583283960790578973841 -0.8799781819345271069079938230805532396958207262974462791362134274141921769684064545008464822187795817 0.10257119872765635755274372556509803741284288258950921532168255970394591861362827864948463416671563947
0.19351805403098129146850176125817329822175362977187961082112561753884867036569605522242992902400233525 -0.24177823837148700432785620732090218650829878833444110424687268882757964082773773591298269933336619462 0.046389841533881043113120560882979617503801511394257471055188661706249689773464937835572373400634055368
0.023218632287377304589109081321873008790072005193268054472708796075923631010068671866705492470963523354 0.023332492667188098888581519164015028830946575547892913199248311531952786478853003317251263286762568924 0.020294197782671647868217013967235918407962242034254818820010941178534583480545586361490109441456326957
1.4404242258568664349899076663668822804096789200203071702811627998556384877626722997498861309942539399 -1.3538065142150978627720963403837603498436913348890738415201301377809865697714352386821948841981042779 0.15982580593743796806295938311469600133247685993104392453179856346418656292127804154366885607356837779
-0.27316606079081654579275653610632685128924145234526359225579956344118779011646615672298467441988860098 -0.80798520986017785483553584309562320738421873759908576989224013612568483552031007640349643514498609876 0.2733130113808720768868525372678914233754943001640667543269523423884897969244333651034143605079192338
-0.088667091703719941066963842199588664609883239392858347866310985790006649453138979659715847262370417381 0.080944866555935250232013764839809226046444154050169625317308463983556987678684023638897406292805507149 0.0065090857485074348970952036751426052711928287945903464316346263655038425964755984832576656953749441566
0.055963414142420772861762516781809379705747191209111403262978994474591823050580496368212252685378755651 0.070129937501138970831447924350238682260069823069699602940483713367320012308468333390634784388719757201 0.027684748035698554928607435779761818612448533726318645223893435217355612479728353463224277919762938229
-0.88834579777988956404310242448620857441747311746528281235575674964864585433927566222706130442550686707 1.675819110638707098927724987437288142773808410332701304123102497454221644057865473860121968191316675 0.22848353946085603597386521479400778722805638661305896146769380573883818440591149228124492002449170989
0.96878777488175459400449934036710393037589128723788914651309955039893330651395221295892483647907979842 0.67401000112834159714809868170269143784947305743503793353385607455135215875284426405143275829020874173 0.040190068583111393059234021712873511003022961888582889813041528764897300055677439417122295513417606451
0.10004778732409562904234418350896883749618380585890835046342515189848794191868511558406622662515263357 0.017954180505180140649440752625577368076743667695427367837153242949033843061584639259936828305034115106 0.2016338682335336039723659376193052564376415543783282481121159388453213115177652024532452699043449976
-0.075134673919441748683836508979285364459308971501459457080114652034243325733173444458167053849948299344 -1.4857278693366575838382220107899543873860375022295210366930679585938424679246778691577810802825408058 0.12239062770896250392528105204904335609538416204057263740637710106525825895180565803982605332933501249
0.69784508825531852963019795034423016275878377505492456513151414747590776783695601841200499452375461967 -0.72285013998510170600622632032389245956117678504678849517624948277246286470582034827427053892344797282 0.05114135202075536717275600722674895327250243695608577418711313964607254173625008187540520002874563212
-0.46021340870869099030667797083043982286104233323334938144544193941161436909222017192593709402878041731 -1.9270948615126024114886464197316977037581318587714842515856617679551433649322477145665982764469100344 0.24599677145542383782776785742145333290784046661593643197669132562157139422288036394147938095426438633
-0.15160828954979875124877052746622763709046337579413448510580570196505982217070130519644042550832762645 -0.43791786165532138335223160819150834263344072462886934948153424635158139506761631432538910936690968189 0.23890044771287661507688635931184079891936349872917815067051542024314387434981409489170776270827754362
0.10473242151144393578564597988240422024614617185223089097359623274233773428854171865021400312928025172 -0.1358430049232885674754721272658368309911424601774849349058563750258509396441763298922967194812346497 0.12971406502183576732134994145990763910220797428683090531338516065701459707077095681238200142110714506
-0.14104823752129768931825277660383301755913588997675698027767492282074834217108897675122076365514090129 0.071775987575309238166627792919493226086781352286545250257709535777770476611229468434176259566178242501 0.01763538265528711795617706683408138748125931462136500908591974996817539365197712531402668341160246843
0.034418210224265100954988878701884265726119522353923978112075913764088746611437074915419916199801900208 0.15370785643902038696556118616669588741587456639491016771607508195005478497504396157608031653605671599 0.12167324473301606872532879017551917660714512476960899299440002680668032831896401197348214260050801346
-0.30844890440350797370142754845430661082574287839015416131360331456352631901784909636754097721965566529 -1.297706814269310065648778070154312898921302553107779247910219332868836055196202308198253124530822208 0.028298259786457217644953867811957944620335431655110832654086607048781714951079289317462374752308717378
-0.55311233208336072781840626449876702618533888757307666423034588360729826620988606276044786039149737713 0.14222180903857711043897104408932581988900760361208048824528945267192554643326131904092943829881177829 0.064257923827554968863362395816025324986731553576402563407420655173058983366599273880456568191964196766
0.3256189816737975216233497791512173894107249836717213349758243700227730484324006128014661048892564114 0.24422897226163785285309575709754000727635929438716503863105818943265512802523182460220959966568496212 0.2035813622067074479236561769785691731260736482704663757301020851780884517643046804774826740664227396
-0.31337035465021636741465905871378490091988548950878805495746460127384337098959134840590987627105530367 0.38582057138893958450487815457510284433931428721678443659623770842810575945488748333205040018711507474 0.10249925082597510191701756989034348436786495737198397967301706255595952487712272257005755642337782878
0.41814640901217941541800961305922782837951438023298713197235303387241769565499609389564609360175373652 -0.31089288560816691906687748047057646736146179320975988089732031708743053127499273892663595114968318757 0.26538769066166455798366110311888952939073026060317558837498964155318652523434158533757882648817139148
0.61177769735433203828857033781487457870116026633720250408755015975436471969673146881139489560210170386 -0.61539939084005292275492523386365962922290896917312657742916355541352044010662786486752437890879556983 0.11856229403188504242631792126949800284131773850739338363412827031162473565337628049776590751456713127
0.56698367484117021703286181331815940973265245726859302487571000918050678468122824605984124476242825737 -1.3128197506189097894121635592010821409981897747689961237327852710724148985054127196413720205982851362 0.013559338218727044318814015756135922484354911743779695922579551798459487185494981830663696509279515496
-0.50415179203833399475863804216658579900595300012827993215758860216553722148907508103135931776271990268 -0.11149495578000499930103694609923534596862417141808640892876739446678954750819543243268768814145505091 0.046583658931814661827912055930375609274854126298355170876420960798532560582294276056261991044360430378
-0.15376317034805913935329154075283047960459960958873585680598064955050058477723436684910661975690832835 -0.52025408618531945103021089687811112954288496848622179605375259819426283751874611293404647000209695309 0.010633520584699599215311730359292566980098485045513985258637398541070690555863043643806690943380428651
0.098334482660830522755618158016578401837350551146351866109468889107395715394631114702525010810764896692 0.323838742516116198121088113182493404053390968578497244924367652843236425621361444760019004952677249 0.024823204451098015299690232737849653216819038417416153769578463119225227846107212630851160802568681416
0.63152584391139980545786268957230950520634696155145376622299340326746510073871181668090601601793666203 0.11924986630453782295476195629288789639553400121539282235761420607185557946307258901574099507466321732 0.15529333625979784112994448996725028854203347762681273217315666382106414451858391946118238947737566888
0.012712068312164750349019072380742016681704000858943092150454636918203117737773269017087736238965985876 0.21370116315632626391622438367732640054345303400377790180271872369094963915258276299992334233768103039 0.17687920568234741671573824936731490343636071013567302759902197187987267516681698176665694120334961026
-0.18375381375091508768558493165394639923017156173226188027166293086947408428252308123441521177659343937 -0.17716543480482652169649315233607881142830378430382450381521440106184464319396730892676559095967622074 0.1992042639484699128012140047103153022753756538092059304671247557335830468182628529307197896192164519
-0.050342522847299434258745444289741824272392204319476238530685263538478752032862737812278741965029445191 0.65148825128614270408655636778490531350071640135076308738961591693447950370488933018070519169889817637 0.092227851125165291560206983017325064604405581219847535352532420637512873113223019501762625981956479757
0.38034144208709303511564213669749352266879669119936400507267337187038104207721343678702561362186091173 1.4700998139348425060330376435092957430420800826228416406575091001673446372225813939216448830655396384 0.026426510992212015427024277819100747201954322291164468665313918080320957324294707587754111957824321703
0.14440536504518809688662813250044694760072763485386272259807119415791071900768852052055568901787793775 -1.1598208839146668512488851219328889483879451145262124317615884073930337801832170859725983927894548255 0.018714016001817543519583987739062276089314561726630524985042581679562151380058204665091140424715102651
-0.11131640583018928756599565183960113533737427030404551845053026755059992443802950668831302789902616698 0.085877935094765087151927363623737888025152405590889807574763531756608430644369824065049413065295614759 0.11062887847219487157228361665998896928280104079686285242818933394087306045683647340042928684394109181
-0.12042020881485924518605530128218034129070912992119591606846146657783206828545521342941249548627008074 -0.50072514829343525043473475435785805725857520398618033505879094961204433359076329764628366836605785248 0.15573824851441666334481241472133793850603130626758200486372666292610935062245696198872223819621903726
1.7484333366080716165700167712749447781070071958630213065281542027614144464896981974644241965246619646 -0.08958620556719075414673133662100319543596884970601495406468391730715110446936330367832241791628751039 0.20088708795358382130583434709490056005124022737754927255287755303261863727851828022774264122870075875
0.46989558791217593629495244315246419900228188706911135503187117760990091756403130167415607171231118347 -1.8761554831388383913837862718804799292813496808493270730440535087426376233382969842699058923995855875 0.20479607944292936176736058111417550921325650492516834807554413144130116217991614943143008599210438743
-0.87725493198558910764002634485256017024386788424914175820384213675387873291673017158143705468200589234 -0.70131374171559081055522630031464103412115802711960260617188593576046552122220665971989557482416427726 0.1622173758350201042197061150978340092946265387193396883183218981610575242928683178955068838708131506
1.5496861591210882806657612494018911596043543360098613348250342580556915719751068582194588295511235351 1.2175798011993653375249929254534903768760766779058961319561200158505957513977286722830105218142123086 0.26567650324340468317530146279069671969574455740393862835534632591818897042787106623371126120568084144
0.084492304264224248267193759706678936250568066996230211272251942110209999288762607929953784518116025411 1.1987257353133988080791991915157262578271041818789026494323616991030054100005590876285867517060593495 0.038966956287593039649381065695988784171276147236313435639332414095898205682440786992177644251732255174
-1.5712739182091824827825120420367433234236826034012056245867814652244574406143273350044552983717519917 0.32114455226834875317709998374152220571249585598372311941975377270734812940723350389247599045850000093 0.2595856455357125362560564955227589655723775381275170694156394950312536090169491545654003749713809683
-1.4819025183936411456806627737940364611437991274183025365048876526371499941754833373791245156882151225 0.079293562410297204930935114932875220951163132148913612506651558672989946800135168750202460511860709934 0.025499812202592668680042241472370457346376261950253024548077361953100025854896331188553107728812057365
-0.31074212482812169545076958750923523036077500518845635665077520391136020326895107821067873879544738166 -0.16653524957182344274596196970553144470313297668056002127642860023670613511646280979060528750447317428 0.079569568365901536611735150351883550742526322070595252199630162248826460253413009669356402225598867762
