0.91257113716511446642916612701452940891747830789466750577849134530827250329135998752502586641214843542 -1.5443562048923561824820565101675503918528596747569590317188833243486273044836349460585744637716092139 0.067249081416959208132565125728275036687529611609757233577514838641737141832884532187383067410565929718
0.52969597034399821218700751597082028480943128387098718211920763767000992582841307335998317612129149445 -0.57585398212536503886836486237985700350947043369470632413229600244000593501110012255637794758533111092 0.078715600524369688205231651276362443360458090359043555339196208523022427574188579169151708421310482644
-1.196178421785108256520730732474732304440638467151754530254040566935225541814821906670773883541807431 1.4533074500785043085398338722180158276882115870438885109435023226556975924927473679589711825806755741 0.00060147474173163286172376583897153144621100527288990875113235824956976197895053645691075501653268314315
-1.2628429841098566507994031885007709243426136364474252259445034855886538289223920392573185889293910178 0.54505248406235056143729931833110871564766381748411604198747889352425928121692127237410175768660609859 0.03676149891434920252503264857782179019440091865428082607827527210884170694746446158032804375160355628
-0.13067891506377072367056343510572701129001411469731930315650762300950194203264687577560741156296337582 0.65162711859484981845151224235959134815185178843253209758527789399146413773793403625651379955727428436 0.10930266083884860751126340520925652373970774202474321841674774023674053754053082754454287660176515113
-0.27630264149684844001477336753452474114299680597737317895965584464360958983088740945670916099376322444 -0.79929236181297821628613141853569788014224914195085079277530532234555576247780264456291947453392300439 0.05652928238706990392590929297270921199686372479162363755188453666129396723497136098164443824960716828
-0.69632620171151357595070413822095359579833501037971560455627897423129102106510758319832373379938446364 -0.17535376567077316235586621750444721712947984536509438482880498170232695605578915125974654572647523119 0.23681289655694612299135735795654991111071594666647084091989621216082346500868990549863419462975572949
-1.5602604091251111887613878638174876458061012975079153584082628736680133589784262835482939837989904015 0.10446063100464729572687920586243382644951311210864613150445937670372335967264837862862211299594478905 0.10255096370084395816725088034196724054378496179365224971723455056421797551643779295997436984292038616
-0.19688597505697591397530596726536784685840750546097533251470852473177631639573579327960085993762636943 -0.013128024013098549224144561822213971251339736287142531960789204325017687521123011963252049163740155216 0.27054112859979525649892108018286856587713986151548183859417865780155489906958626627058614578197967282
0.017582412288387627010340617220574165884748570503779722318672309100675722843904890275699411149147643748 -0.052502751200368697890663595117219198223698042110534061011875426056785307615716205899338903601795217163 0.10256420699588681525392608454565160043082930303650343001092508724559737214534393906909750184047365852
0.027857983268270389474070844626410668782445306757190409273314664219659432946670264098716228810220337177 0.0095911656538444581050123542477732672352603763743394614132252032522039180650658586063189211504557528525 0.11851444245207676733512877223720029763787918064818554374660538614595264470114027116838767134921420058
1.7885176307049497526601429298806917470335975348893736066755410142618270112055225116739426556826593391 -0.18303904055037184966312702650803489096783870911500161465564395781826797935760429680644655620270550901 0.00049428123026087229040343169410372000826481752752432382900241854339596512100534735582877666932852435872
-0.24842892424717928580779564504604984845640215969766387106001813720472072267381964489928263568453770949 0.22214283549973027569461922166713084145645089889206146826924922759899783430065228030808764236210179286 0.23879220310866955741692043799330545959805349445602695448211242482072814717648336326979103651770366604
-0.33391253268272294423916731966467962156663220811712769042450404226564248983148802457544789200627632688 0.13968754135701881766637039470859353283524778365036069365204985846876089048647772191538189923267874889 0.13720336751212308591346291252120128618820365591039603931136399587469181474889594162218685775249148445
0.19047983617625977497010220482042926295379374537381407476084863370989383564976757699555680151493474361 -1.0790708076218256975474040690602250900434899926050441512011024081629705470362905823425511338995505679 0.076314059416065772414728498098365075207569625951392101501251147098436498574034955348916274706150724783
0.90568906622326123425956735268006159169589901825663578476545818293527960126157622416746747375895672686 -0.72454265578601539898924210553730994489873765872563512541378571962750434497733544627275621989520805002 0.19928981070881410686874532868196662866363710809051128574824956038270509668753197336075693461411501703
-1.8149864802370987709368788329162952472516487530829742938064268831296446411929948588377158831319554142 -0.13907889910390602897524810152390044989606991422474448293047504118276531758240080405203373969276310579 0.017164150746377082223687431857267343064030048297979919369724961720981481673247476307191283359970817925
-1.6096029069077924998442736457578342970637291085569744413911513979333705216947510263672531733758819713 -0.77787101278793812069888539769119325534525866305586058553855436713856117522409010890409502402713214421 0.0024037150591479789016548304066734877506935303525537963229510846103238297619593467047246075346100372692
-0.093657760454619367526479677947254324228866799051262653866981942642623742605848000381227222083186380323 -1.0580280842786801060380056260601952853178846936807951944487262771159127561377123918991451385001010995 0.040763174066894032548473883217188792221208856161812175409565744544493153516108431409485517524643676424
-1.115161887197158340917775958301495787689830005000818105794153534788026505116821538944503291201882768 0.28513677651117485001054042790449143387411106304050974103627576713163286378608020762859123712964699969 0.048398514148357859379945971940404002071960609375774405882796857144725330645425049449830165497281837746
0.97086310766259504734423715786411760292096357293646631034617460301065388830664555696839259431700460777 -1.1322480789411739513503837795663198298630141650761848554166123631140621882421384752077270909654943042 0.26446673117095096693879371175023989535611288720483099280034989238886325695667375345313098661324455444
-0.87884930333567467863524201760429608483867578220472813006557989807599561754520574673892079603986070074 -1.6034621206286275499535982281268509241070588042570879437630671851755447874164091142480070833183009604 0.0011256738826513985205293639261796977814176764970680956138999745722190786051353122454703731636171347939
-0.034808143838573149820624942711833737148006608642249281989445508184612495344438565215663327406452816485 0.12297020264964785621220779564328136190673370953251541631705469009414694129792503008908271652842481723 0.24262511331353710449396429312932452877357804914088450000909616555187634548144050667936766384289713226
-1.6654827915176832489311708825657204656087397686167362802781660416545831182482253938080887631319681571 -0.59293856841988164114221790413449512048289915416976943860365330015121077588380558628550750145661379849 0.11855854418838946891302598074234468520647033664188594815621543446573439111803785342220302427264216475
0.50514156954022202375789391400080911863338353814256477221044075286480969369977648480053141496729483292 -0.49710675337275484219452721988780432097534118968742542734975994908418774272363951458349748778742281744 0.06081143757441544319520011901962481448358927067545845327442486536288155328480821179276005814933936273
1.144719525991647017990172826083109209222910599020184394663677175367398352297861482597560542402487182 -1.0125144317959352179193057876852789065098865036013217385611963681706903077229286220175607731346969494 0.19918504908370537739880928757927670515027209842062757554185016883574999771440641456196112865790271029
0.69328185720208407691652278777600182244045987644214215936958869050492408576420212097577216335614740297 -0.64834553142279301991934188586486550404325946740737904714827791251068473130185300631605664473295773956 0.044149681165854172082256608876882007155015904192474780518845122484734834089752658740398340693130382597
0.028778739714664266548939540750291367683726204811072470739201746942438570983282499548297520470437377537 -0.49230399334505924050242481573684281425399495493783044285446477386140317463168026790222970615865302987 0.046166115049889137519192643278461765301298083228335645457979616712922395676050129744921813461588505755
-1.4659151814864014695650182585524758750597855166231736749101060872684047975394276833372581429491309969 -0.59402531736926293748157321271475206212918714451216070686240277106419180774310562293375186008527661479 0.1318060406720418969610742711539910343436021529338684055284598192881978880952141321007373582080958867
1.2750822349243309896983979095567013548344450115910596582569513499781186077881072889318950942412009235 -1.514684197566933749549615155047464207889841844922320176762239908356047589554573780621898914726875431 0.044820111677043055002696722893092347607717930396074963733493662769635377737940941661070452588226047673
0.51921353290488115769392507814904255202779026404296032738232714704812399408287877025930677430636099557 -0.31044684628578123238781408892513361151483148169859374654759162906614465446936241695077926034525839083 0.016603670472706173664616743240255541159391478014364231766221955405845288999884434870754266241258404753
0.82334471702337808545364928887844647148080062401949858843777545797658225033590313912338051235681628178 -0.79829601812271955480167277531468065397934558216408672101040078258531931529958647674507980698774570894 0.099527877004551171886423863211521100909881560681501515286222229018402933162196293701219582482378812122
0.79521480166309926232260252827083667774328548635792466385403546352281949692348646645478749424089703857 0.18108192819214636752286679573214434073177698255411789177590856448014031146596353107205848801683698102 0.068819760298933337487350232210841991454786273246919446831303592912739218001707793606482350167460100303
0.075434497280265173398610992365626739988616517081440106301480686767801565353060895173273367496243963636 -0.033419059687323487015365277322094715684504912944426328112453671107989973180528896281493998481575403677 0.034300302829782769702779636787812761468475419878511549768011794097534739115849790835151770724982843303
1.5134771692494074605499653235185153963351327912515811636491263761982841469244679543286736353861937064 0.44176503848147713733009631361398354589616521409061518537662254593544988657855830999946251681331157989 0.020507390650545817405839623896598546391574208198147904569691935808234247652498017524475072203156189556
-0.85334296680117068102997540549200482454983355843269485317457585156310126552735344303141865630353915399 0.051527049364380393607954142855012302086735950383720515290444922372018963992779297982510275843459592345 0.25839110000165839290988463005257483617832827688185870752351768204679287831680436907404230178372727531
-0.58682187836755308987308446767734273660111808750795436878653215097482604517873708262881221896137857452 -0.09144928715760461428148308535919350687544859140544310529302592610544864061846643214704921345575905728 0.090984515246567497539080538154111271631001081202496877658766889833820602378984954808035583599559986031
-0.2658639328946150695700367903232323024977285881037132746612966928963798730434589290431081442944594799 0.46155217544776049266904628380431332728600480696908031113830721461753017052827335069753468797692897672 0.16850308436712191066212941494289419393530644757450072629167656977114238049126170307517164768167612672
-0.10980042172369565133107294048804179732736345783555806480575557989082113871386352655810733716156322903 -0.52075798582235466852296432093317848979223471580428580328783247486278133283320064169134306412479291152 0.097290463024688721224871521272949942973995488732325045736448959222256440836885531267495635722401842598
-0.34319375970095555683161586664488338005973959825274634858074467061639866028519536045608391744502238658 0.046123708670951374923403888573445676838192337303481206599523247765448178766273801394843615975255062082 0.10785827477512085609193893277647616048926697618934432402626948889205650877020422143467502009650839707
0.023410473597960164018793679330266450684438894113000694048719427239979585307017287673789817554068365126 0.0032976868320843083591113214699510793198848803953553929890140626816866053972895963688197658383382308358 0.25936006675933939089798778389295686080067678016370277317626341880091901870517317744451893534137242742
-0.54157096073831366524530290286924571312548354647136198763835314978210332499958328626729124738703905361 -0.78225765804677318690904834847391972464687779363438555761772275098485912516403974288522406591089979216 0.15317121535456852873040726670674156144856631192505694628289843994897650490881208462179128783396971266
0.051096507115674159011190963309980444701712048770750460819876912867211131676321663771538356182215544246 1.8452759581096507145739800102879086163822279291890020402544011969723113450551500864390821146501163304 0.23655835097878543948580759779482426013009457199281408075165283296122391928748374789312623121014188659
-0.78329918714452711411860115797401045186441589313273903989659423413420849904478766462222025000728000272 1.8186349079068798842216537510993753671242866622552349912596279416640940006437749445075169606120069921 0.12953892536843211879649353755692849195680974500624630228189847602403946335287051002539107766807411489
0.86158230413460940676400011934215784769202080593738165904474122809211862238843670135682813697724881418 1.0906422823870788087369459803892107633293204625894316034350340702497749280678815942554753226754234149 0.022055007809739091488222197825522620379393131745247910391754325477268896905345467981977496491511574143
