-0.58086625996252161884633589822475612059770059773180563095421083176482619482694201676532353328243157211 0.58502091210661377377245039162537701978215180928912672273578947391795583007052052733495533423571264202 0.0029402489169791567546338675099621957296640620560938315312572365433630878126320336684266858788264075569
-0.79879627825171168816226072614364709209072131143982055374028873816062410034168512588867768930027264356 -0.41017637955197456760677225066409241505852045346412875719398134886490528705973412913375553462626415147 0.070617399655407144919707952115027547465256774931282693440748311303280661868241628612726566273174439181
0.33981335915586379685751200760129144156158589145809165528343432521321458431305626382982796622950080354 -0.55730047903217184547442340677358799473796409138143855929106900037633664896042458035527275409669135214 0.036668972314782112994945051447867213088200782837306087512545008912406533737379124320313773783590268772
0.49057044753009965897289892385961121583419451581944396528084173332103294134751915631996542950601676348 0.75325300409359256921361059979983230725606741075791323715186031436495765058663631302700128364234193475 0.13883419436341823631680088700786596547902600495854925539937823364478237587132476231930013863881915745
0.14141958275034066663367127206134750265157775432484157749482026577654924414103576384334041118597601324 0.053754456305974030641114295783363836936681491230864681325857766298983284011316170278362589185466002347 0.25258114238350443069940833506174390809437735584703048494876463069981811430223222048190740209682149079
0.33687089119959061003540256068535660873304154241283892122270792314797680599446626650537606606945939904 0.278937485709698676985379245643613753320284446650536533434723119638864463373428740745315803203368767 0.22258132203088250384840778841992278516143506602073919558968770749668397025167979262068880506465609995
0.040858625722713330010276255009716106295338549974752060698471119886780272852773128128558756850807651933 -0.22627219813828215449553516104291063038761516785788761422247712006198633255564014629495019340464818016 0.24246614850602076145355272185370772047045863069630890394090484937456246750915034965318864335028065124
0.033996982324423622781698383976810054618427436433659958603212121370411143172831731758645009096979817681 -0.69283132593597041190394392229682095477032855311559423811387021567899893651510543751794421284008636157 0.1934311651042870681736668369687549900825159583980517902250600688699237395348153098433476826067959905
-1.152278897501889283920744016802251243086166279811811425355014338094174951230754832573076079872056209 -1.3113230123495941741088965700837958694863060375825072322516317655108752663231048444039254232740045328 0.062959251472735876270951489537490764393573108114850772807240849105466210022653566860689514869760097783
-0.49791520667859811441582521604463608591575251873234918982319776416244303963080607615769694133724079074 1.3165157057941254961569427554763211223521480336800914331938838272833624267525803374907911516787313343 0.080059224456531125065124207483351817425980253857387882694351192742634775180374041674963091237704573652
0.42747052295527084531486940137097195333372773962265905636858164512729042566207041710260635897303243335 -0.016778495806731689607660435434556069454615227273382091580352676315027258004817771990445952997120838237 0.14088033981687925672324620428591382258389749028828412485336012392509889129274619075331390457164017928
0.57335178878470983967891860696038254473286536294550125794374961744998984869816539028071532723434707394 -0.47865302091744685728852589710125938270204323518886024342199903330210924802901642941497736705203300208 0.2372756983079622299090273205065628207290397196302877202115923702761316104903859022454306881238860059
0.34458311878412607806429759940256037254894006080027650884871976231571380753739112118959615938381761134 0.13060143795271471159988359416825829162177032403100814481393847905399622385955878600379552242393550457 0.19909227453964306934417698447116005092737262844053909645621771721664063511940317764426263239580056255
0.040532921243324136094547608906074918894408667041387761338329119329140865424235898089630194786809017295 0.030263846806586577703436980955882627577209069178468930210164440436955398291144490202625412131089081873 0.1492500510718514156253810726838179212298562669681001799160267874259824132623084723098601609372131974
0.051980105715783055667255815070451041822951243450821623806802022453690535842147467980881762899260786724 -0.62100141287146288872919911513650131980032142659467344398755733008737610291552020336627307462514726531 0.041651865012789686544033246170094612026950274618545278453171701021032581700587513064915044371434054455
1.6050308973375250865461241842078432214655924027848889263998777171562194518549802723503659445134244451 0.48769539057228257005816246813959747743897385199573360061112589966406034756132623259383250339675514798 0.25644996413450768215732968620270405317765492778286648133687584578755780155524505389739127856891568818
0.19815533198804429333350650119176351249938443673463623435335079383824073566138303428137724321560423613 0.794067387910308673621608644520973888292039984006357167749457419527327579588947350728903988706938652 0.055633526115339690911452215674230833598968884220439413213465786335094949351798302032099409471401394092
-0.41066865880765035365012189879368043088832278121223158028681224451728346153668247155406241091001736522 -0.39177098110855191744914645233784998007740272242874215493629241573062690825563632656902315666501763562 0.042188447810380777009354628090884272796471661059539542275142983734949749026537659142273599188452592247
1.7381818555250620936504497815973757172098605682026716509192789566796207440377258511542420135581857335 0.52686101926104467080916269018159621582495414895970460096150120588485782605899893108857269453495408183 0.085016101875522323666868962267764782417350093344227587739698085375737787475319437681006036556011599156
-0.34612230817833829473886541377016780383874949540738246644819788073817305020066192486418465854697431161 0.76608648918276715372318731107740982379868438428319805509854106382298936859868703258796698061833810792 0.2517623419219873911279329844360824472615505721166658347473295599801362868422808282534150947432709316
0.93534164765580668295918009323443179140444404933615301308881243158410844356857593507801715637137131219 -0.92496339349248043079433610365992160200980401690034597237645169941662589272644206375944303924419997519 0.14548421216365356225994000469338391363679258467061583731327604522453391492290588901855029838717118194
0.5858844071350399165179303657420848324394462650331928956523403972421914424229024618367283522736248285 0.11260676366679399493803042665049355343337493440269288011859496165284450327778843966368688517272147773 0.13080710684565193872344756535353554441863342697125078963659149050207573102022526395539986108886445338
1.2046550152184167534607439383109089800625145582980009313039285144309779489026587946618012811370766265 0.74507455916447801917063451729766985201856403259520283510902143421222486373203039985167082442518598968 0.016833812360341623428749964672601133875898226226427715794613418198953637159209982350709993178709679925
1.1488723177433945016343640954213972644840685595737862508667637371408084764252332937227422849000325091 0.9195846525974228887289206173757486138003679189330621329336600721224309541184544397434568590631920384 0.0067834761902857137841689327480424260113140348695808982839190975368637060814423595282197362509216342625
1.2361637479265795492180257982266952342514913922160697449710116735266785010473093436699817152006913114 0.15190015470053065066645093194766072626301436557502189877503613940924600414689672955131410570916351271 0.017321173976058074454475483691254892374185128808795688450357637108171170927200638912346839850169937325
-1.6573769088195831754501731406018272225915055391715640942063576332688138904314165811120625345682367931 0.38300339835133255794122873617490591024716499315894512461270901948823248951403698335374286747544819454 0.10924219867427198314117560262141577036679654731910242913633586442904770002464587443706292549543015693
-0.3284925701397939154565712896151809365496109011047715122106982886631037361269691225598874218285673697 -0.23758880966891129172503699966844688352074227795528124325966734867773319278975123413518965727840256052 0.23131617993059271047122320054543946057488278882137353598865359300440148686291526949154751566595294185
-0.35931105015912723432289506606063083715437824186966641515820011348854321953832339922805461383261401257 0.25674203744954855231278778767456218807875476410965550825075717336759376113567611948047990238749403019 0.18213681996047652892494134123148072250834100740375773157906631659536018333051409793500740131887341643
-1.280306627575744220650390666548305157033923038898270818482328852582914103409776600540645315330712701 -1.3930037144779658374382969288448940205021855832779040510112011579626434683668264389368278741277687475 0.023456062898906558136630251183359439815934846150753821910936469466127747828248713006008291859584173285
-0.61008737263140769100427293813769341026743955906572991506422059600327461344484232423009022141593018583 -0.98745300387027957076142060597464171714831073571008242483222888649002897233258225504905540577494617686 0.18047928388536155789468083556793318269684716214652499358242960428784402920719654985186739730229638558
-0.47983052415442966181902941750150191124394934099849691907708048926139570291731382467781060342002279514 -1.8406895735214157655469014402966534813606291354550508711714106367670519323955110194417139928698017022 0.13009295529944700702287183570306502721745059164826689118107489121552619108986819827271680207945939184
0.60411891836335740958910688032275153373756814266817897877454353811602916445459912825387605166162037575 0.10418092154351112121996385361182941081039497517583068032167936865674480063693196797611690710701208139 0.033337924875699713310755023284429492672927444289884702731249783958890181108862904934956522774113931684
-0.63380515686796811536595321989357829612657101725228025635756944804127942693504851730397327445591412994 -0.34386890682548937857213266365863235567715740118898850554965822068766230535100567339664681442913670556 0.1500345840994036989585187317020970445768116746807798964211644427822009856982233704684102084427477238
-0.79763209283670476565278989137163772323540809461690316563088662904418758820473290471404996122304049778 -0.0066969939125308739100380383134436683227825491778921917976296848339536948662289699006118694738625310852 0.0152296622969486096661643278938335436315607074391449134070130884689144651021395869411239821860004126
-0.020145712439788762280032545061212608185710697180381421810480713724164986830616901008403052374908084476 1.4436349429320531329623020379679157127166398999754208313636073462059489736857362462015298216424605204 0.083187482160443686834059154037806317542386253756442256971989747512330254498829701417389319024904779647
0.89184020618327799156468452752651506884691832444323970284732675082231491530011180945124629110974539485 -0.47314681621390142579931637205719014252810102063249813980286266162447341669557726661801826567664617885 0.16038559423096690777403560022433554634573473187723504414085209259399731546138442367883334822716721784
0.43098777609461795345617876363694470295275413563670430943556558384100622967996970907064373709936933642 -0.43185883439027777685754143128444186032099477293011374749928940247807652893748186323421770319394823708 0.19423870330692903260490558855755556291437398959492855509297427477698475316979320311614185957346328394
1.0704471810037089204220989139243238709517193472866352108537580392001177847809439932109369958163906001 1.0473420236015157251070672003287388585524081768112499629808386871744640062995731496330579629030049235 0.10889113165484727277065272513198227429856538417372984974275107570647863221812474043335198174018463305
-0.98272403759573311977308652675321638002973517198050366366756799700013275745028124324862352810276228489 0.55288967934296169824615406568964436477342909787188952989969944554793029088170317922393572218585398917 0.11058993008431978269343739008680714377304325606908419780139097001473423462966518087975241448549609447
0.036872431772770218504664566959850196296426593063207564939223660031506005206572451493893679105084884881 -0.1337511297144015832344702953428249342169669062684051336181872991611018503295295760940547377985389188 0.087198252365636028979233932022771724147213981515923322552173949581000786641470230412630629195947172491
-0.29470872602599432492354052055443116504322074441793949422210875049798300060730644258748648165978350559 -0.97385876065943683939032411057301316986719141982101347248842559807847754250174252823117223279860931302 0.21687339777577237107152970107558160102550283406158196974146604832999005010107568661645919112406769123
-0.0018746655682538158440790387833006111315961211979078933873822610229374791576959685762893167264452200195 0.24923672369735411201646016102922532454982896283933205854631266582106879163238622880725709797694883577 0.25464165372930624707529971949313615511461404428739149954754827902572641644725173187671080844562642736
0.3342909111252202224890958682672254517018692388312324781838994467146089864693660684336141468011450493 -0.22341747760736558601506661450866583558613281964791943549292628968911205274104885588662357264215769378 0.05899270217607148107773702530133560514434746538420782649824813608639222971051649008035535190680486044
0.43703287364912612790518859458274458609661497060201628796003890892929692726464480819872789387269750103 1.7815069123503404489149748402398455409278758289759348741048554495128008982662361068891182963790195522 0.17146518297932410925379402182880140059492195637469644430184774294528104751556037132033180872257574684
1.0932496476073502643080460585283748309818925933919606328614299761922583343038189472011222486614532518 0.43979893667902341765605983153035422131461074032599871499974787635301803859089993546913421725792558244 0.18188974215796438013772220055287261159124031473637557318999703364345723025254892045256738779215925241
