-0.29942330114162537805990588040119839476205123458036022524831418154989395811825237716514471576892950826 -0.78452696765475402981538055868012044125946410804606541866478084765572434911771590597689829524409417736 0.10309690768520888750498235222346632137023973558414941976089914848708918352990364044204711649470856551
-0.19606248765238846811443346561740806780675510308737061414415301556748017707956809656919010644476482003 0.13015630959427002241100598556518297073822006587923695499395852652302188626375526474267096572070123087 0.22727579324643594014375383577232866792536210576857146026773729150466286180082311718357473781203607237
1.9393174068768457719046678273476994368313959005880514868117188511252327898715134172064885098038191767 0.36179310075093761264968166272952595096909413414808805679281161415560936133369075570531681892603030592 0.20953870757969953875185511328743429366647788327968046884712185154985562384361644499811866058598177974
0.81889139931650788775558607272583331287146977601579685359600359300018714391507558852510441474554038868 1.5406766310383980522488007900967041787106608195452724561199394205159766386312077587016878722703273286 0.037466833062019936564684802144565479464209622638063700117103390248729906510856523517759024485719420135
1.0338480334398905501010177913328224809136294323485836549132254416843302204719238416264637502087551489 0.12003043788679101509176889747092271936161390550285401568867050767812055854321464650326201594721465293 0.23711417210638254694625969467302550309289254599400203194280423937605530453914705557315767991691607443
-1.2861765689054872829106651340270323598620971558765966588333668991806834406425393223491483931577813926 0.078134396504420030846255222475697599174714928622247704386663258296377860831529137546178649669860298295 0.12756699713684271914106685993211397963547095779943972207938972583110356819360772047764370729723543832
-0.24052872071132696188074062298741084989372408113477913973699954720650263325348598571130649360001553207 -0.13936436579227315891163833682360317723578489187948242891843313945103522311193145298243277426099611459 0.017262633523087186549895545212571243995584360852612673098295559396054612288287282433141139487524404077
0.93228081366299737545591234164128462466890870175557600712982247556933321658203990641401665247189118466 0.88331734417833244580171092335855318209516884528855675412422868476881428044699006505561335316514713784 0.1512594019145730185650563684202913188744239416244739586222918737653845014572521198406132269299872481
-0.92794630318769065282941531710414851684474520726186643306894420424656257691159875375769295377921784651 1.0879755733408643206108266442314288135054366358146806222374408902310698350834688081800588436014408849 0.16301779697941494345823224759727329999769414003107969603630626327640630059716906069842476394769165886
-0.36101504611679654160715349002766382599193972309589373836264189153595585434700878650790888037049514696 -1.3777898966911403457242053831146953577839853287935040738567229422415526224965234107981998431781385933 0.13666204913436506848729415010919769216035257149454200987397029209164675576375499773839802947576558664
-0.056776952846019586968582921844834420239983815379746907265291648525914817049049456046385285355233418983 -0.073063928254481970969288761944938766640560017291253007761926158022602249837325972272212506800372878707 0.036480079610032353393784434333611023812417761704536070591782262981629120639978510039824470600804268391
0.42284945501769991174141747698970320708030837294474416399543358868203180724317062524130401359571923548 0.66494899482736572882365386192071154044386790863024115257826108315585245286707280926195436983722611227 0.077791851336212613296374464840508211935964176674169537839412592311878420228108791911058128664469243845
-1.2540288132998247258796270810933545277664163141402506299480549161659204838214442290541571087024974399 -0.41589449457736259696813826142683911992340171440787258193057665019656000133759859903966448172206996721 0.0112009036392963291331394820085292162727820314002044820636588007605924225220317592307246420088893812
-0.80781926184160005702931265077208968691960525608712668207292427716239375388540085162679312375589056566 -0.69237027379962290046560682683376446557771239225579736643997778331972764010001394897047585262540542557 0.14494960544714253063202597332986951253343335038482490573660269251074474872835210361215342123087547313
0.63066414383031478668708270938579808108884100960116900139525025457957763141655246806473614216397718026 0.41931030264214695450241277899527049070907400434769638987683647636902148224897933031421229844956971373 0.13621492451276907656728646317992536571986184170768295472411453163199531627409175135928788427749954433
0.26016026831324014184166598782573688705516820259331633398609972517457233667698281776483552875922317961 -1.5522945343047795512822827500711120372206590831360527367685106302213188899372545907748741491929670586 0.2199484487553241764186366636533638482383595298823960938334072915804746031321088809148220955524078056
0.12746364024783756617718560775004132194094848973522763656303343684101434381880599046412769703821866757 0.3398134522041727882417983124894296491951027550050750990824911438682202689928042702960078169310572914 0.23591526100665930671928093984832596233631800699559287341611766351431591536564467031356272941433111627
1.823405349573033740546845726403080394048183123809416442154959296397322165898280135317839173163263509 -0.59462920589087618423747315860669437754786610550742446468093829429302574772034708761690851180123749511 0.10878483799213133188123229088399898581997187222498115975763733801521150039953217314267953947389190925
0.52728789563587874048365498493877592602446776646904750903106234906929796709147277617001799438292117767 -0.16459908920484094679875575250433103525239943360690805434534115588833392530195285977932995649267921183 0.069893411373642444736317898081493047576599862208212663681866653718874384018042647442756843393154559605
-0.37694598399632414653234153231311378501667124155738838462672636785186242751699907553500737451758409865 0.57968394444134077673521947714917947561852471768836304016265946146551015741170263853665787462529310188 0.045920899620904206380684088828005745430353343661064810866528650690700559019385626338922958721372710506
-0.030560492716626476976482774404434755732672154862402559054751075398664545222799706633854957616528961673 -0.83806512144995891706040403969797023969454153325444110623560505315330021303469081907292773178601489532 0.13439162903854543738010554721537262253599114200812644137652295001600364471098124560526813018106551647
-0.54178689343376028528329830884551437289885576303889790027731158905477428164722310559065231834941277812 -0.34428512075826928533057251888817408892105140468729088410000051418889486589618667244725204764340470645 0.16556479428973584562302530588413173230513985566805824712875540807528405039785576882164432751520381505
0.44514442759163434576111042424991547045364954722766943701776143951017254739972907311984674116071340106 -0.19536750787788007909176406323137713290086821784454772490852339986782588109667919089098292859654745829 0.14474374662383634309479749722400101807594423762215272011764540690747559386491201142382533307088357281
-0.078711142822413771935351360380878437040017522748129844944812031474337348085783797995481199571542607671 -0.2988764316738819990461376970307367618270838161661962989914815955213830113258151209480871885339136442 0.098751869557009917623635063429232817450646489136475879101766314028687959716332884002043886180704595778
-0.25105508996058997944675888665798922861685479515671393746656324988405122704399922250325068110982868983 1.6122442308129391304294470209663990331340006438484061569839974885171773265975365575279549971583357184 0.066762434245338610063620625641981701675213454969512507313560310614473302269336223522874288780535352119
-0.17353758323110648707524227091038225634175684936135257518127986505862672361197667296931324680279421936 1.5780531357779148128487209273680517861411831778171117631757792372732843697162463021948172162990637843 0.019331789242479536515786428956802601590826114337791954565977228607325171339118178974405060158720675312
0.015945346327096851195318377377375930851323499510774989048788340307440284247584721105808870918470212909 0.10056050850313656436207079468339122271713793574873622210541516160299937069012253431572082716464127549 0.088155153950432617428732717350756142176748230536000707838636972964299432356737125080911308921885520372
0.19644278929140193704750222192545510196357511786731112643214915446000846709478162423840501938102649965 0.3926830141878865440413301035704803290893059521972835812662379692586535527494280341048331796160606522 0.11562319294550073016782791873840410522789022803307191296570655634925879690811494964424861774811880584
-1.6815656040637267005848135455928080890758622669330286404425737209697793231858688195565699533174116843 -0.41218212465901147681048837174322463683850240584327401867471012307294385721755264982373105954195422982 0.17950722407324870645582885856495417873366523342483630763445161522984472937794948591338915090892077455
0.39140125851016067880903592435101862559612662908806919740136767638449504490438528771276597111625545091 -0.7452619165284322022556513503370533002484518764050490534842965014821043117696237778895839122520278085 0.2773529376611601471914861014705775400374978217881519533793223824331336575035495948252126014944579532
-0.29690326430962181861540328808350398257941237200699424940977331093111265670086683196767718502065358982 1.0846132244186567472458561044713886540948874904772111917204101604620835765072714152592529166049253415 0.060170400481111737300242274548815310558426574786164208225822744054152243423826194465842470711948660872
-0.14783855420240763721309950512162933408279878261189849951823563108873113971935370229795861907929564498 0.55454669046663041624141809183177285448022093308756992733847678976415877170695352866225664376293455946 0.22655747642974021925830417868335733250876354241576801038634940439646871483233975171684308376834935833
-0.15758362299746384626549830341805278237719540610096065101548036600364129735232374561053520216359682784 -1.5015248733131562774051969293744572801780029788212513780287813222825510722103931723918369148326506116 0.24468346654663621213806851066887200502606781642300760132219152943276201708320280205517727002025919168
-0.50828164155145009815596801084272224684184904908655052040996835704720620713655795863625177899425566373 -1.5755029769715751013305091733268603304315494322039708583468506761961227436782725441152982107998493525 0.10700845634495811321212584489908102325500730322922403255070084511974131971431102499642570203116233262
-0.77625424758060511440342085750080044385210376199042012617931248072551503721382502964985681692184854941 -0.47366959946074964035524011624705231616096695961374688092735628491197520152448917946030376103930160644 0.25947073295865318942820300408498929765794757964695270119167513193073901541647295337090353661205270401
-0.46311125395393259170979382146444609650620674154174400990926648240344090371453203953157438101820038842 0.12975820976838713797553252845952019812075443176162173945811781617513024109463527179563434975211493971 0.17126665547778671058357623683849515163536086024781784289322921975596640414849190930045999649687149094
0.4856570862294852652849244318064619181165367967368215068858526288830961766109654872762820976081311544 0.84661671597509469035543252451755922495535291100679025725521003880172478031504770299771960045758378904 0.063622876420049883622721193975956589786339688129916854908275178494417758303321949674944691106004381682
0.050867042284113183730729908555176676438164854263720789982484445285070022724740616569280298274719385263 -0.093437939976244113465753324587356457604103794488084216452665146286080221810585657733477750728834926053 0.10124180204923745416364659164052782385120360863780606355317537357508811838773963688884058018081196605
0.00018881380674241458822939206682769442155796476683400725015350319257528372355805743008367169029659845256 0.022947662133980289145216263580580942453516771425708528625600461671384946382970184527437213601269079735 0.084998135563379557807969995027920576691605837826814190426272004307918946655207746230977656685064909973
-1.2868889327465236500515597439542954328477143744930068962976601057796101567111627856904055183248793286 0.82491532074586522396441941731668960743394887460693284870146205550858241909105750796430789380962066962 0.24031943833122707038277509125583728764898496688572683876047001292315014403690373110801368789104569895
1.0616235548861920337609870270360188646439089216868274449491751134719846372606308028179534747905651679 0.21968594679607875982264775881239494207531242518428788510390756952639827613130617967527480254979953703 0.16069678284168076290811565151445418192057079293736264753804266306440772094324984761312455651422896391
0.2087123729692171005196863299974491507193275340467456418131575292797343121941319730860330423614961198 -0.9943287492595827656355412777650300086394454316800199466706548996362637200803114630254681773657122711 0.21015179214752004113200292808231507180851607939256112642782652762541917916166769960822237137138201271
1.0315278406456274295046984807963183565173578858805730911335936449924028039651619162328598521275510421 -0.22574947743693969718272307314220826937602623486850403419477419114016344041515045957561370127454503287 0.01438486293777029996780961665438568312482785923516372876285587167888531090757084238005677203913046659
0.65745628755962157728503442438940881964321828476465821955593452277718936066370879689211438386115937701 -0.051486618504411462807553377899299209247902438992662902527470536312417532210934445828991672807368525947 0.20954611898455954188991825074718364996514110154741102267148053987921824976804732281593166831610658129
-1.8109545880819572544338428230405874807272656421916947408062350628158548052647588342969069439149825486 -0.70453739586158992921971486518892658382668924402203693698838720275342611101251872704174923642079169164 0.051743597834256058935357051409330686299363296329754885062803811478465870270173291557433794590411419575
