-0.10998614451287019817548688924440721217253439964214717387378116804733610883234648992201109375958068513 -0.39878850388196814023747792369228958965345949599839062305530748911710809157823903416505144111962483314 0.041287121704272152532143697265807601389809425752115353468448283845298606896042698639785596515216055694
0.27134196965229990706702869710246035045554084917880649419758095296087950573755588957661101184724482621 -0.35057327514477397132092603769526878836587502328581131991922142596556944580980016070211162646921570223 0.2176900959646803557474838052657019425810869135372061950860152913983882266786573110710915732663568794
-0.64239931445081758624222859809095964727741105652870241426371978002197566187519095127160712954944187214 -1.8845834204934380910355327233556104271361563005303129993858462394370383583033830799955373495894531455 0.22517738736607909902509512277441440931248779478888931558767184075817572183774416537499711428320232767
-0.067136699332388516834670479279924132891304381757698065024771223844461632208743090158006468974070595893 -1.3209597652836109031753792133091774225230890850278369064179534096588092535148243462938053464716537296 0.11963584962745778727935974894756924479259372525277681865069033993758357430229403725378621230435176892
0.76002750702484202199691715407634545804682977479920538421047503968408676460718166084229256252665104496 -1.0143502721801449956366637866936704077166798148837851364070485436628291434851793697610816682675102064 0.022250701165707345690381415285356944179580985126643773763179910631547228533100256162579018535967642086
-0.0017636148411946838995177135579378733223748958266160782509478123305422995017830548880003531842047231175 0.084951832159660399161473637339307137579153050530746803908585500109773609026709064826536349665042765757 0.038593744380112042646784140877688143623636091943600149234476960723595723375692613685156588509657977775
-0.41969077994554134006630782107438943389665281640723563340428814748042795640648215372188702048387656774 -0.092044636562616394770276057691566866744152484775942389634402496595443193525327428440706570298442711971 0.029269357066157457186300125005932764992406371581544189251522790769378665842101133222264093077417853427
-0.026399490606526374577074169205236318887395236655401125480305770145874657792914053023891703618333444906 -0.040398837662406337555480742259728504218862536745985717043430128517501167195899093976407112450176031346 0.11324277007909107630546720344964913602429699984512980785255949280568716697640621133873695159902863839
-0.28822410296328762205618330507029435012006363350306836642867062783890542931500160174844677426993000344 0.20601934630295097388374947095708629585592127564936571503178101513402544705438924377698594237052616616 0.2317751516209743875113172971282653961381074012954222713967743645356354015146199722478051994848406185
0.74813188635273196435269693614306408259742150806784706561254033015625784669670704342056613097661329865 -1.6016830698791602990398602746285295899849392162041269523864923303757189802850931233621024194514322261 0.087934135232873244676019098016758863439395750008029550640995190808889090516420219126767753530447022297
0.12234941564781150929284266384088194282428058916821767096433108724895266407780013977002725126028709034 0.25403167686310404945416715071976211035174556204450426037051868985566625748976149105825690050358077407 0.064481884439287039785129917650082453473933497160758048709917437091461482850626635949205903750895352117
0.96933686656541276493684183457596706115141892833902841281719177383361959795320187044970153267883260834 0.12428138637933976177886638363262983821415968715938656748863892040157413079515583361307040199287800827 0.050145190065755864117390886949196258016029855227339987162237363569323989447355418267553393150413788683
-0.60863262542191229807022548834264877835613250728218961862503246625361684407235985880201791151886036177 -0.82944699872034576611111256845877031216216885391974331230441254297214737745630351537944731264567398603 0.20310451029489690529340902320161950990030116999412789542998813687552941067752117704970013280460309572
-0.23804739912631836630584091496949287906978634915921988005133689240899223211854932111420777549154951177 -0.62659722595281354383320312110825475148275589168321950636196043311505223905990730785554365233780922911 0.16833089446784860168653405519590710507001919941279751286547881422459276237684731873238305051146828031
-0.37211623426646105771225352734795003452377839286877000744565885331320260586541551892714854792435387131 1.9287618380235313746365186290157864316936485350676983838317648862225496931432819966751982367235128773 0.23454535993668029188210204407575270397710759602119877558252525451776235783054269008032355770452175405
0.91643086665160932168293889714671173417337047469084154951682519798470841290528857028456551151120033088 -1.7541986119438662206838981985613543886115263862831720146799399728320733377887839209799552476733015165 0.27886746494894413671730773317759943165210963684022825102797827457346550651830351938709016168409427237
-0.49952659944490134662015252002578261932721942564383744607305593792757517606771909290804039068110639496 -0.19098839239149113485664955516402734409770153136386163492547860108133649957654723615532487090395473539 0.10687073206156942678279260548252702670857680117983369814080412806016246073217305538332247915942406088
0.5115479266522370391575073332735243273435332803074110070341241105098479999304147877273322364377733681 0.98077483973514600845757376613676238218105092024679312823557920904597115243744600436358756335306093668 0.13687432263526348396559952687737707106934338318024642460354479209701748948766472956829357587856724068
1.1715781745997547134597509519137476721651531554458973631190524969613614328213448861833466960605848145 0.64236855549322871302383488961475686781009934341969933415322606607504335707607064660809811481232958242 0.095959039680510611411879083582371549794356488641773881853442613753428805373808699268495119210837342339
-0.72687797553795726590558681304375123233577295827114302348145723915345588480273294722722849016076872625 -0.048646205003346554436555734481385669160477975154773232975835072447764171227499889130573259477551674273 0.036249389239054159231427268517669580723603552611018575173497607951830197760728988407556579191475368791
-0.143141935695758314191599913513948996253870385413384357070483261166417738537637559152463780013580257 -0.029041411035688772776200658608985576797152574418849281792537823245074373643177364565507887197587405235 0.23789875073636403608574336309709613799088622110256319335258156272524305509825479901757256839398819089
0.025884889481772313605181939698057671685456846957955097855623289273897274179060705126764741212949446296 -0.50944982638248165831468316634005075764594003488947145365538602512909196929167534648618953245989405524 0.0044273040831084694151850207656080457850807189296195921534059761485536922678520190765717126149826941255
-0.28758070520296408554514365325455332275176264437789420815136923187096017406581525436261862916181303922 0.041325299596809692659710033944350515872505495944853337175307775060865914800463708457472801547918691708 0.17688120875482503510861127907696212082173061080447083670130875630705518518510411390899877963637454647
-0.22891716357926488996733795508857505102840392527868522589581258848461324246346261000520087788774342009 0.14699689653581677483101932474781558025209798004736442852718851270537022078276026360223826961368958204 0.049287285785332254726006922831284606745649716023462670782651644792887898920336029171207596863465760582
-1.2001209539015504595546141993504059667511934619439322530333685637745007386626782084014701283831039071 1.3854072413351265513034851210308966406602225575435355990343023386284472944706214785400632874539811524 0.15758163607427594999335944956054394023897177163101372224938674157994458042372120132428021974416251532
-0.72945324529434380863336716922127040742073139259495920177262231853340672448471288243287394849726182656 -0.21178582881223762716756605781337330926400713647410880523727775119269839519464475640980025800984434051 0.077589432087582310397538222642226934018027761903845242645605065989058887295404818308902572158881638591
-1.5142852599698065767538797846829187566681841298005555419051497901970431605580509563518561468883015644 0.97311863785821508014198168522581147123984196919525046861605063377227621279643686670342650601313360906 0.27699687146784183879625286229095298655802394732384311884187307282344174568811612916965664242538211087
0.00021361253964152668183491950658480152359955897924081912512161006253553129360687053644255263770269356029 0.0045406517640430261680283489404634562959803880163217857289886557639998203382812890750039036423181410997 0.10562573789182076823515459126787106705355849436670481030621962572913894085180280283905377551657384855
-0.68268688477851529236475987775260612015994817555113315188790243086184945728562187169702110560224411674 0.71911396787147916583150232929876436008620997883923106948382572560363517325560623307673234918386982443 0.050264325107949215384278718475862118547770167684822208879871747862943667269583517835762192972601422474
1.1599572696161901451882962628870633908695601218863628052637593137566592270728131647069899537540111561 -0.8156521016893078127926225865760391304418545894675499664994932212470671249962506512783492711717150732 0.013838134472037625759094292507737077351820715503382383965801720646342694487098745201625188096959773992
-0.19884301894198988099387408518434689785863281225911089992482347698955373377143298138342826041826373458 -0.99458593387273096025935533194255168955405812507781048492839119265880387686064478104425753550828016234 0.036159254038131465694767944090306134438394943793653958542657759490572967495438208201221185338884784612
1.0375762106124473089475276781484765678193280525766655861282045207095177072372822094955798039716344035 -0.53900841301771235807425914098862937891114796843211658123361804382133223554461927101142100378459427328 0.039759321315867576941383028693733921151304133089244501294951496914950771433851375743344860004458343736
-1.2805488954789635022535604527681230221763747330631544370922320140654441783090180602868694648189210431 0.39257074531922787338726013708563242730762453255161832369597028919190901297470511105048233259691937634 0.08339953005665784473668633225924147790559056517024897428119259265511110644198433872787086854305196975
-0.33942243352073169163598169848919317895956210089821507931619780625797281853648431320619452587258563058 -0.49856173091560971815613300705084404454983251883184732884047182466529791914380393230715793440749593198 0.22036314088746339438000350656256927585034556397204177828298877172558869467850070409199519383863977072
-0.65704534167712365878987999098818443603081172526185841186896716281472121003943658142331255241702689296 0.85192579921874356648309892923006307158127273457166781528284256803480456883268192415928075496549912505 0.028837220405012924995531785845433705320933782001463590225194454639950917768049710969196948761068306396
-0.4937988664849484983293683093408023036377740238706545137388101597298663416581120680557910153959189026 -0.0026432732577067864298350304025913535759194764031691989978446419392257335755254199264841254555778737521 0.076925409008107724244889688681676335879768745284448675257924281371857988572302130747582446613799419301
-0.083579728858655632128265999836449910753858511689162195567155744684553761144117914585136122661778227148 -0.014880821630471876241559389171851371581527582650633637488593081614938863159886327787309630133488192018 0.017982941323463497358988392056066118265281922093185608151773530136350805743543095232632870226405751657
-0.12662300676769746125063359792726351375853294920813746712239759035386928440323106724190495479868037996 -0.08986389470536809898009138034401558628615797402684022468471749315671329794685514911550455531288218776 0.21793734401987778229590380029841639262239250876970691732625009580528808664787395468033878172017421047
-0.38485255777511293919770707570796503646182018713792668525209562597818879360338506989552354287720817424 0.064751738599510725542359183076373649233234875562294486089741574809548138623292935391830185262470107855 0.20227608853724975758564376872082500507510960722639942802048486091888214939888328718037309321417535188
0.82689243776307713825611325747671187960828047283268759340726359722808819199869570340064313941653749116 0.19730972768912717064018243897859142151147580284754618514104406986947600222618027590486305856723347063 0.088496242118858342652760487410420829424559270406186957747578772976074285785006165922735215484416617201
0.4793688158109217790412601889156878048600200065455486562370548144927864516567376339689876064927567636 -1.1324150089916799937390446397512613166813252628530671161484006467197880254154716943410632998034282289 0.063377111907572875194748689119066505019630617966903268455908902701434674497454249227675847601680678849
-0.1395861973603408491978690415837528015274941487636106950657861443826348937132337753909283872861919362 0.009013430446861204468933108055531489291207198574346449762647255093038135024188834260378509838677188589 0.094300341194601330032744499457324901016857167655359263023763227544178126790414751020289638682970162672
1.607120613577273699776478425371336552326293787648037422280280971017319319673737535041205523698994754 1.0868057185359318275826736360764406152106048200551343798041133739657234221284713412119958336091294344 0.18510339488189174677895117421297356869795219144315320924077849070096493694687744766926680012815194328
0.75761965608895132593572233314373402029670155934426127743515740027203713906582485739091440809367081507 -0.56626396782716912959824206654511391058674711116324719681495902947112999601204278313339795405066916317 0.13708565213882037782884143727132103093291075328243241665382327298474115326701961893948234413295986727
0.027458154158281390516340501438039394202652504996052569596444866727752517859363192410912758463088150451 0.54382915078883564068984180019016810563150310157084589279146355950195489678946781179503345897551026021 0.056458024921300921034437341889258363639194927879783712262532569163852546050187068106903203560857754524
