0.091535220547676580436927466528021257489100067093339431230964322470621960728035043792320665495881471331 -1.3410303931044842448361376712197268922630222961749683646895608673890178720637859144898608490498754251 0.26586385888114918388935114178791337846854135848173945086106561477545537133051779392907211489309236617
0.031927901939638053845470029350576337063044414252320667953723431129610055712740685558858211315930755504 0.18631949968523280046689481624141962281338456871240074985423595068923098298113103560978969495755832551 0.012686926020227725551971310859042495273192549325305282881015479677471815031038504819319519497002884586
1.852430728775368829548964554428424130128661258051444920132163915763670205601860825795546257485295551 0.023417181529936161963415358847986844530467840869884309924983183626572791897392973363664779158807605754 0.085961851245136294959506609625348216785244986754978379778883852381367035385060919622433191597457385962
0.37601803152028922364563313749936487756146354940834634757502143028965485594049384363646720814794243127 1.4829846954409752277539981133306693710625898879620799643994725518123706123288297766960817335407704249 0.21756890360438305679431613894583364777357412753193992151981676514690424589088520495726226279139778517
0.18444332026496885953402259055867093859606841550731022426827624066316785759201594424734525101560634549 0.016974632302998857752680546529267274426523119552893029970728992009809339417330073547482465305838810555 0.061970849004940130476889855119810715825418167553354551077721372550759859030534041116464575718857592145
-0.95330519123083216349249092958816834424281935293111751389302745911608169186887642264196983596966329398 -0.26155217881081778649530631731002332768366838671570873337770651957351374994957856039544106958809288338 0.08938711351746552246827287704892812743121402411224389650933076410188343747048071814245166149680890144
1.4800884782162142083187250751237447681154105637934810367872117000400838939728540414254151946466760042 0.033509245996407852238364097120532333992919607144276646700792449192614751575440357126046122096593083159 0.20820974138685547020586869772480906970646753775029454113268749668770619985099199543874631073863826995
0.53022326900881585007702162037416456302465765774208452237494203624598321240326974481603865092683378762 -1.2468761112656991416787014055401856913659560746892052193445949571202023741179129982924384170599861446 0.074544316611070747279933710716958568386680348722022353095478009271024496930637509106248170285366075207
-1.6239179534747640549018654801656673293080778178698249912676286488031133097877689171828125871388993013 -0.57536452276302735659669330850688517965507431914188062602408030618596504521207548976231714099509314753 0.25651592903397126779594754236142208138350798516222513129343683421254269361636530270030376336249014211
0.12277549025884038562366292166471009576083831916549898208075974739936449360618518825972096208335386979 1.8501486241948058271437222438210803261219551165438690789749101580244350901563603747752802177882478459 0.069164107592356342478701871614335204052856071040746457643666805364421750596979813900607011042959359817
-1.2852550833015123363986401055938072932817288932921518114286097118032060445781627442117937953702385671 -0.24256091166014283698206870291873217821171143964994411685613591618046829014577613405171349876045168227 0.015693807573846911999609366742980893247495275632606158712515453402945612623896787874623986313590434921
0.47449320845568282633489322814253984153612076138543429680173655839333041285532050911576783289245840361 -0.79282542394909039297536424263356732577309272542248481148561055116460124644924829564746849940246317922 0.12651392551431319655282466759748409750208984898814901815636114093096648417636170058554151842895581391
-0.02305067322037236844877875228324537553065957978451252718267221529092816065077506420041133473985161349 0.26997129053132819618160296836368064211511160680924130621013733816939555767774668420865805201979696312 0.15182861710276698397578365220386064321171671233228293900097408302972076607859967542051443362971951585
0.0063994157649125097856196095870034316257832915674911295730357318466185258689135685970921932854545593598 0.074526738716749164573127074032974627561535031660606283502266146193550024476388034203239827191166154572 0.059413320505730021514976522138708593982243315369236975127452224103543419221406906842595971575256599075
1.6406267387995709137443136156887777726921643553114230760117988289142666419840622369151982224606007269 -0.50534048880919127283892538311513824573482562119064454889966120098862774618931455483117916294276751342 0.024408391222934750006499085528866838204862197922803327909231685798136030033833777494096887620986145665
0.97690232367733134860624480131170925601553510672631773164943152192436546775514929163274859488673534054 1.4471803358765016874932630022435827368108626606641811001606868052845422714238215367132349226063768632 0.085682614377577299008508144341769098343473405807463546316721119017938767557060851053770051496404071518
1.3393254980804752206927105304009179055174954943181573772809834044802480459504148157346510871382120255 -0.17546670188043915528090394850684423631561677243427944100089281983395276962467683179585154912218308286 0.10550651137963461496284524616798756233543935958986784110293473802166741312046084492226950642841230257
-0.56031115277165545399726321649323028890648143832531166996602409259395726936961540842034158432059306995 -1.2769471782300047722719914101788759555493598367529791182341709362905222168664595376779151488365010679 0.1559567275925729262095498203667362453385728938314626120591517043668845415811826493585617045529931804
-0.23136620080731736470591530510203383496256979806606392301448853185992844925595278503267211463687730609 0.38753755509129102880074689678619976934401515600356085107193200499749749561967687696207001960713864605 0.052349198330787746650332068459163283387933625064409090038584604962310426144100325882031765744604348365
-1.73649275193948165052506211014383451539898665284660631561752876430253414740826374987530361127076269 0.60521702368866491294926103661934205688398022261202524083149046090698896558674189329551116723138885897 0.097785169036880474636740023195621690409406143506156726498849992199514301878186355177712190710231190638
0.4444965786361895420143136761145274709497361743294232169575316670552796575710289285287718582734927055 0.85498773258440889424569019595057556441108617042138010331460880292281778864814075729719828986656768696 0.22729884938974734128216027092185324615056294351028830267495906789062512274659882295639383870719112169
-0.0097966423731563921304004648932705135743008760977312670872687166127429563198060140181958427133260740149 -0.0017092382854882691265166259718518749169578737837924789391015230710112589515419746231561167056886204125 0.27539226602170002785229164391570148559753836743902956238481206147290980769002349689820479755413513002
-0.42991330644429776093268369664349601867378205768353231713612515363424147222963359513414176353436294966 -1.7567963908791087394376358285828198619328489635016757861960857110233581852629149717036833659185113705 0.051148623228438487694712333035872284304680880434055880308250344422320911313502980184166824469034022565
-0.056638407634836202840863247890330073874115106930594128772241898883757069222448470416915832524588945153 -0.14318193008282791320184683744864387008107554707912601741757391645665111578938100203331047697540496517 0.068971663155131976718203369901770712792187825343746111047591237544648915075611999728099886903587849811
0.5444538459562122088002679086800652202806373037473867205210954751835516279991654460388246760220664991 -1.5178634846012015696346872863046224452749485941459596752254450902592006136114568562656458286978864277 0.14081247675012308198789155146009697792337236424856580581757787541394226343251273199198840724030558744
0.15944470467598254285123584495658542243617704073773255252646107263966191345084881113484929540295908829 0.92312981631516249620311524297503444121414317003552924109332280270433801041215651678699350304179898957 0.050231879564291728384514855814365731020657769611039457024460311330033744002487902695738978809618605003
0.5440511415382731462702211316795703430073987225650868769968229724680802088349841454572690094891883769 0.87184289049828242006806577705971951141419009583488913693445549270719556999799198457716341600119180463 0.22815770036656555833946207987615595313893347507221247985861332058944130114844328027226726089535335688
1.1965783944680938962936489099036163584299018680857756669727540663798267324716776506279642032660716911 1.4072517833351049954383594510672539760875120360160547678316330343648096626749779787017760835122074285 0.0082383088785353950073064362814045268176558291139347176091237352940201523325270340974509874625574532678
0.6682993188024440642061807298169701313126969629391102609439788961922728713675691810830061063745323537 -0.30731098504484243189775807299887206730258635788820282726389836871019325042972704537027825107867430804 0.15789494080565346151446808603594908113640745124303087426763734779710246777591652002917324158084822876
0.00056128755107285372291109919365522110452356477989674002561072701586355880284943908777033547140903334721 -1.5106131821391716882596615600817071066651674407744948504825560291822424348083108162793986741105894372 0.097380726078740108936363170444107797283299398547098756797840136861951119691801295796821259730388720389
-0.13103157891684137928953192303134952598898695485757797950296979712770880418128389890177434653259567183 -0.62419184623117221589657602179614813057974085891356814723119426382933110102272384457343024931065416645 0.20354380619165805360946518611612814775751906515121243951203086686394741192151847082967433375469287722
-0.80938191125337162398072371623595068358251671028184401976354485928425063010433694152340290688838145617 -0.45206038746887338662932335160644880556530194187065648193382256229314123316659175366244191573394301569 0.27207738180638483775678315866407662066066937761497370493706543357428704660834356745742626817252766334
0.0024643957660000679784030821558189162485025098023458798386559147729472569036256977443587173101242994521 0.43347096384443128773502330771215257983607667083077622116872065532894279318731258742465731920977881885 0.25512285172980259893130265096819887439727504678709095241623413535683623336882922477060682105242442671
0.42667694495104000739300601150977159041851089154586150151889704648792253334322731878506644372037487081 0.42820533582027047449038114170181669134509372210752377571644673134575892033480352430128403137140465982 0.1306636618947015719992864150150586896031763406663730983422162873015441766268119366334734111987478694
-0.25803011480610382934003964697253022490621867406536962659015333141388284740988011840145058231030457101 0.55942892242255209350072124184938963452471241146819185842032106706708476464287676525539271398494354722 0.13396404830112456195180595122736425457348755566732874544411778716866950622157629632921771147024809452
0.24436419630515463719844566630813834629410366377426203193788572909531168037030915336077968807652872424 -1.382844790663646893857970604712469546823215979533062054254003350594635275519414905630462238386492957 0.20799009703698381005344783274401678894073039242773872322005564678742985136784731111668546747720086592
-0.44594115020288989681146805619753769362950202732888132772355420807895523725594269243918684063159887288 -0.68724561265308861924336360730865412355700324971584693190808283777407265710146581233881828785657676158 0.16280327358175790145011362232123357461489398209381380173056668613393953904024127912741268919543720706
-0.0079911129637298686752168094058881637017605245156266957505396514837160824949360810987309783055266058059 0.92947849240877796829241048567622685497863869429809319956513125616085047857413556578581620320127433605 0.15043033323444646595062078660168950521417954338620965855549777611320257897881397392106613933669354835
-0.60704191051071316043420026787664601083072580887878354772238991420306025573679132310174446911492533873 0.039063648817642996988428611882671318660207405010269082930459541069256517041243953152935608230509225728 0.063069077974089208590044234980639028968830412223369570335328594135642165429588270412565247836079847468
1.2817908621341206862405795190992382313056613535428119831224653466946558588715351985368783916074767599 0.57722393769540268900284627912127200796440029291071581922642610455776424079515804656293837136456362609 0.0030279660297653386785972337959054468775723017393700989983676392520146074616219405660701315499398451958
-0.076363018437545749372943366527727820985523767997534010428503479715765889379352094482467330720015569575 -0.11438491775702561975022102687770593806529692612255285387712105588608041684669033820009538313611426426 0.19811004816941761904954520170272685842661074198522569049876425950112911581966326231236059643905519785
0.69033459260776141840791095014434610475273536873777377010378855136212684359155514611731232327191357195 1.3948100041482475947403173064920085293749334631774688999396900684702648242407470581177542239521612189 0.24792490120625494414417073401168052257850143126389981856641171743376095765784843933978068921745188387
1.1868004648496322580563148745645196418665079942848627740154726703317341769201972974112278857756443863 -0.64543734751612223502854550352770418136320378325150285539207197585547381158600340423438156080602266192 0.016990044077990065427085083605734687801618862250721197710829490562572910359667511690159340122068356842
0.046163836543676180589755727466943304177026624408632640390655476098496923891596280274898142814338799372 0.96239531751954585703332876756013691900185117172664260302491524308468741811886853632737520882427344144 0.16166480770580865740390702547535197975310319386594545582090874590964326693413328551674771513579769368
-0.0021032327256590024760704614468628619255033921775002401336031082340155162098950226438341179993744147154 -0.057991242101131368347717966192599861871889281550464923978486318172078237387483402081837727632658784009 0.043955197616170585478893374775366826126721074043964851763551884646048152719178324123936369600689736993
