1.006782233064954111579222924234560323006058589763245189055320793375926200664037505862795689663469969 1.4499304352880043620103558601039775809570464728201654600184413582638718059452779458890884845840657146 0.010687799156844395734354088323318191409118874595494858968625094509712227527617677332440495134602798618
0.029206514424376603039269640967677020945111364793793718015533363906172240464405792136421877349878308849 -0.011917460542725325054574308068312924949122963323985151675946618661853292461843618807679410232335754502 0.1901404406016405197889251011609788673308152405743078651455289993015597509603971059440757500148833919
0.57668084146306447564065978932103903930342039585192209018099871437051974572880699270943851316766007146 1.6386817009021487742652604289473450901628620627366807471284773466650231519002102236138530561629574431 0.11289163791477143981210572210151611870475148256801486358341663056817624502039130721324136824569193272
0.60494420778820218263960742981609240382244995627725409557702292910263060494803871994718982611902636914 -0.45016636942403869231792396503789048306438829866662134603865681496858043995391922395512228089041001924 0.11135529144018494398895423886985143182216017783967981287376179141426768808951942694890795142005241965
1.7451192000054671416998993313965248559721471667611845631895700378406348895293204994253622109874601082 0.1505066154473466596932562997363880462416394351068259325322383601359854045400282851613309350307038697 0.15465459448364172651829456347463441020661775556052468443717279256773440286985955497251447317006419494
-0.35271802222211693206614321485773941643612008241574857938178405800866409009426760986710533089517632113 0.86470984080428453223889543264482109084384908733434146585127532192874273023984101785447301909787210583 0.011288658733008543373070574402057653284399963496644858726589646732922860579823344050234003586156131557
0.091542784295779275088489905048357009788062287508149172527968321459424621554358766470105277609380497609 -0.26140919341324917041011938650344520863725370719120754699266746951652147279964169056113094565600778287 0.18548965737918267826677759026352228402148891806817409923245229127730044233672569125106642155322278862
-0.0079380458080852438394091705034613330388586797164004912044528620245834911388622261509981667555331907735 0.011134438023381521784535390770620004236491126952222210076372528516824536531784005009764482338762212775 0.074317340393915641360210405084496549558689082092218443677264536194328042855620846587958194855329486505
-0.048999696090385783430331982432929459566994866455500761096436950616777967935706632062282136740151639163 -0.13171497063092875949398702239111689496424921680831573746289606335482594505828474896724035239399259747 0.20206572016825541601731655396198214705756116236615333094183561282646078119009120960048780508473522396
0.074357118503667984366994141665926213108976855030678272620773934143497097888153900545628147214868471134 0.067454494140612585244941793243684662413649283232563610146583254172791130875964929750267139731596034689 0.11678833254104296977371392524848139897318500198467890891414412753624442800657085109493830745589713012
-0.83264077682468197009051550845096635261811855449247028682966203711574246575501540780810117393937254898 0.24068258029510054353092624148260304210597445501985119732871014195791499201291084476291311489073466887 0.27490081400763274429625402141981920339299011441567862337691867016254984520759227896241310626854106855
-0.75709493959157842083402647170672026890899523374685248457081654063666087694073724332628312914393227807 1.4322462370006172937161663523142183538067527483851925913403554753387467495565905782050375619525507307 0.043484283363432994363532322800921776448227528633661239766970690364151041966304241576997391819890529267
-0.31277769664188786258539614733380910514734338955550234386167132771567239365078865111208756746197260582 0.036870848221705856092087209631120604692439194378935329302202010506834659717111352734661070840681300419 0.019500892654993335921042850220148235212766754166749711979859232578011967636279914097564370385855402589
-0.21283514197857907878161298077216504428990316667880812736614554039586664377595593599401678626331596219 -0.2688397297143288835804781322531145401968979417890470233861784920384021457876034413799546631230297996 0.13080991541508979697466806430508841088401207595295807577608349440935606980115853265400002273805243103
-0.23386123320587335607214548671880013373709339590995527430475654683327102498543696350589738498947720247 0.7694306861248538130089341949179613958582974366088603536291113504424512883195934526362074813984908666 0.012905927578542615524973586607112562592913249306272977850635588552660444769469100336465846098917826517
0.013611257316574789404896071907651703031477269775947209259398117751918665404510509145084611143310501169 0.89499840600223276078801178112988609872106831196417362181359813748686293002094011116791980704924516091 0.074574366719568826216364313075292659480985549865423653095927645230754547377728444862782010551368623525
0.78511840210209390386408749222473068518160473853030511217677545475673131048148968686074224121724177697 -0.64177177487424489133224975040168992895662696598753325252569525128647544961583017568669651798861931728 0.2308757270404677533296329609117328101874034489853368697023789641044451578883338605945103966977890619
0.50814392147686432130241109945100269962272594970340220415770272317129046240095337389261609676820413396 0.49839132242916737666408280437510468117739978142296940688220490115272728453556205609454031076488192092 0.21874998409359318714067192506291830216457571293470034032327190105219175427187410759418842523973622003
0.19790270566477127276232280079462193932832915047445450591939775176143793667617445266280427246431533094 -0.19952819927713068294959103488595083643715670926581619235260727373094707102529372574628005938481874188 0.24076164281391596781725503587259018569382940075242089732810833366727512132321464282190068296520457873
0.43598278434919745120604908571781231309502060381853977583736308446929374159664519986661969251169679126 1.0988484005346258084227441082274727451618328285323659328284131576678529835152011722846086690572564667 0.25627264119539540699679441321024919660873435361618154864756690247516372026284055469836744363713415757
0.42955049586575546740447433955061728652011985648468356725936136652723878920612702182224336637588249629 -0.69095533449813797752208127578080034459155864891535952183429735386933791248166332357202517044619906827 0.11194369218847683450820589706367148331636440223274657597188104959584505229926746472594064123619542192
-0.46680493630523812971710499159592796246096339960475288615781332122060164929260996569870342524297999988 0.32745021296809479762242940082693903582500927015539961960403007776024159842232805949586157007515230826 0.19860607793253540535383198198471326879928037784404297100992343314145045273996244537724318918930070633
-0.15118243329859246567371013559909213554128804389162101380344705506723874634967829015848757178249428435 1.1519601434018833901390539376364287465475586633086728529860429537001135410335897625484355600821467537 0.27040626616026965430946294560688437888642112082653016363387069530953961598894347847924588138811980849
-0.23967311957499846612983325703115447831154393714800441476651628115695440718981531595773329560439839752 -0.61424921314835519795221893797842953287048485071537898128760675501100057474691480460577277097132301182 0.21232666321023375202797225322461585988057584713206984431703047035017302939438222839837989548836377482
-0.47043403083559259489925329589064416123767411885459240431503274263462476613399589304223461949761855566 -0.26860168550636403208133806961969413084037759010123507692433728553108260190098968651716603570695401879 0.074157335028946449440762288328552043503053345664360750560297586824476589756147962272946147751843112157
-0.23618888075338409688472400084708597139875382168143134039952629911736160916022554734599113761566840838 0.437170880773255318046799670220279713403298951493450620851693960902266341975975299319550722706150361 0.070087480200799815135494091275421622550308968171290413056244249926702256672957036040667689759187234558
-0.18116571572066410033383833719958468736285909991397957239510954043209457465155171920482324447530179529 -0.36268898169760791458894622254513244623086894644117135524200357279183276134643994645138399092179323966 0.087470588069875554729538108115324578576570679174801485575357207246023802981132686405944686702483207908
-1.4676896608299143985959625215062377696340977688987069662107840916779964000776966541126902377799550458 1.0196561809663004778125280325424812685484409770542157346627265784468019676867705566936705334924940475 0.066504915136349656194086569368763307355798059780620462545252500331083165907058808145476193510666963602
-0.14738690777785118752785712460337759768439190602089602922373688602170753405518434124283740660070016673 0.36237809293448556727381501403829192408562832967661569526810013444125996704744904736096699032049584707 0.034543714776843047688181023922209581423872388381691271965081167868399835217516032242629065280653365349
1.1298260767263426595434731485359667999457688229714160373016485368233956497843011797936657720095049758 -0.6193995517250544847590840940514183945570481845285305724976629377841374164817647889911705146704266269 0.047379883211352197027988581344841595752597691095880604491571226043289411115759804069252939162288186518
0.99859414391940354006772228005683786607586429695977087202036146235326814649887345652895561488476074822 -0.14164044669061245568808082826153583778959443912196625786971643670918074037926520766251414241236260175 0.065338200712228076613157271227222237638048580618304365471802001156238028894776200272871741532256152083
-1.0305364231321477574105502859853966810766005282113300644463946383604730908833074016270960790172731164 -0.34293911079784051541540908781666976513429404198450137760450708248149786935813332729179095402492821378 0.16603121616009880416572046018125259813651738709164354120492426064725346889928861714735591893023494288
0.12028924000335812350334439742684701634671193636009182584886540141827036730526514100100900493142333665 1.4328268313651874222467896458159304831135146788422112203282709351565318547038511724530985293492615444 0.025414985993253228217762652508640160377974413876269984098057838331819195246491848618286029380841663
-0.017525806209929264886427660402173556009349691067351313140955995282240156004759543053602183192147096429 -0.0096052352209685942503315412304651917525358757557929238308161975818625658455785108249478012209839390242 0.23143664261125155059525947381169706303932763548116118659447528790203429179733813101722186124983962395
-0.3003563955275961067202032603642997117066215521825160544834356862295011272111112485848176562077281624 0.54748839645512214129954640758345633483798820955208377518273471987127467357798220895126273275251670058 0.056102221566281306454346423641724198958246362216759080995264710218461341564198511411360274519237839758
-0.87126506418015957513343195551003095607292930976729336805466697540040599696209479144053574264356326044 0.046502573990403581241263543183972771732278008256394972792086558857534462750986813832014880228955360717 0.13566798994899547628478618848243719447243877738209953233693094436795032440456735412922441669824300008
1.8466240101960498964633568952598732116185129806870090029658889633136831105545681292259781847456435744 -0.15447233941550677701241791747181653258851451268525016230771574259000870439723186750886040542346181967 0.00097155554393627711925525935789249527303626673622566481722590232971716109536265757084524130575541740909
0.30420531974080489614787152073245326648977416958772220289038899225215158330003307192602312676089839565 -1.0033376544371602655952332774148886114465718592483805183554300021785911572913148086063043677023038052 0.17786306147952790035152468104007660101085687561093486364588203570096383137290413017720891033334087214
0.31979790785968729697481846088827629388553942828614771946933423824887657611382003428610150826713284052 0.95800439761559447971849583852548399690288608986402074201700847412072087118035439101210345072964210969 0.17915457455237793140437024916620659724127155263162159189892621248247853778025240193298236387584984477
1.9600206570891816763589395159627760946256549148418272726374617654316398232243118306756551093816018597 0.13756068517141934482212296597649613957546679188367432824121653927777124978792154102405145502157697731 0.22479596155527035529575811998228584725906490935732277881137943343990762710981033072718321575288515249
1.1030949294610507897906851039692407357676662706791281264869485365590988581616799806630304776512877223 0.060877674022927915869236399781812711157841273008036478160013503776141358280412551627850845572899754461 0.048424861397925956568738437244072674091613798377817327503973981845220200367982617644634683339728656329
-0.38998491965376980194302505252633757312358769830198826402318310665738039671433893945695610065502728803 0.12345162103566797643997056065916949331308330402514426019966033280540415853463116707936616508084526118 0.12000527243807658311007146558005390951237218187206177355251723536629005133426219551559107462321130938
-0.31407220413466074367992053657916391975298952186609114703671266943633154769497478859797637268644532632 0.49142915623817973074681599949887367885203945187253127511887399558555362741101832074183138333069960178 0.21523456191178140611621073550010951828916454950814764829504486885304377208397288520788081747638980891
-0.62652614488193784941017232826873893380610769833048310789145002764279889067649208931569914547227911769 0.93547675579963185550721003000091036091280927417058550324784605155055471783121048293517271973713886574 0.27692978557580789807422444026063764868611754207922223181765840555927022282856105763187900109526411927
-1.1128594833096423636144069680467911867469043078916199712201450462820346330055001493266892058234021284 0.27748912453250678072675500912198501133544797215520125847487566867093634886319803517001946216174112189 0.018756185788595191231476311902285504134143911428524733111738187253242595023160180513447212691986983476
