-1.5820579596391910019452879894107464656697481499122525148016280676017883373301022949399738301994206869 1.1206331597190301727265344668819978411620468629372247519737161106337153817054445884286362554602929165 0.019219280423062389863817537947987034612059923953347980812988056640403740160856623916777476844992372242
0.40995659813595375060998625784903688776149064087908081035300533737587127252560466175967310471200574495 -0.14869581037456986725288144040352295836179230029081841170729616650416818494825628942710072422920246281 0.0091214232268574688879459305084281854130082799133783214519917122535222075688232988380380670386662872496
1.9188096569055397583669129656743977671392991252522569568967347875469057759629757242039769181829834581 0.55659741198011377342942454194492791669104225701273319761346664639442944688659888594367278188515724485 0.14774295036726441275048739665521462663599595187424284136461272358215098157564615467368470322466771904
-0.70657996538316336991887307480214424071514746059384165975876473384554668686035451194985397471328791516 0.26494800204673888928910525817233362217835865953954744875884020699041918832819197017946044436541053595 0.11922837936389999076328363787569999041876992516708723760150122389339171435726651158391195230060395637
1.5040221761042264908278577351178155074734087150281767279622006393792331778714662271676655579653372353 -0.93265475348942096409351466373678361754380227748013634306748567042309272652581546375579915685840677405 0.15414959252813295743400280761201591292065986498162861645721679755557215520870712168868057863104306429
-0.62705589649754836764154964092905176219417464487476135985161705251030587050945162445606508671828836915 -0.19427175356800625861805748306653619551554629445231283140251299771146195497156796756239153172419445316 0.16816561130167823954908338184260770108702876887576464936241328346864418523800955195788205508413841339
0.022786908654641832395020880205888289705617003988660977850056503500043987537556352347709024286450028052 -0.086156029874582329008672809549101136977422945788259391849893850621172050968309272361386678100355369834 0.16128481161321987397642083300716210486723779655546691667527935255669059635715494956828482278182195879
1.3896433563037391143257987120152587556594093301550251361951092154355584733167409748910230502769921876 0.73117779339853275724762637116730808645251047483533300842215163441305672240422931633210608436200370282 0.14306790750504309412573272920283869644224665092666482978421946794878171452783288701874327908173404181
1.8204746899752584236082966922380876870856111610828851873308860147546609837028053797741183228585039201 0.11409077474316464117575038968693610531458789860890934733837625823354375287456319470839852563845237288 0.13262408530618579367121690283434095676682707710635200924470651946811745158649573981568600495088604772
0.094065593713646757145756695340309343844735493491954370724540761946451625483297524084266805870716700285 -0.067511914441159959563384001049261377061688767701882913639200933329568311978111102253262879204366451672 0.16350082023294305862422016619867754975367317984096103928874933502272912593982948360901899527677062625
-1.546506461582160073369951418818939623089848401597305633284347450191963450146318434023414224235734342 0.81717310819157012219308197275264021020820139969725660991676400523687456634987747862392181309722546848 0.10348419126685922043218010081892496727515480046903578512725891123307701833782115429398944196465987011
-0.9622497402561621671392017383458261464278599133384829185415438042099933471843142141523620225908391023 -1.1388297782149480394025063516998931155487927191319470107519788710960835604123833313943774585555071184 0.18092916389358593260103381004432815439677948007561113614013651498184114458779496036039274206600200901
-0.095158336812029849008423702339183231617983613955848141269872935528259450951082426884726182029869524238 -0.054169794512730723628966126626615022256926878042371342221778548867602751536289559523839403098631234402 0.17724424748285692983228069971504021590358830010312954013857538180893939349526908855048731361536769931
-0.47884880793162867367539553750449004064765758283167381352687827086684122545365260386806263964478034365 0.33260586833870113826600803487092601791330128560724412561163671388565719352045233209072331545552892209 0.23815303052765395967047429196505855055543578621460954716211218876308726412516807763569175224088033924
0.22366065764184135031999572308108623536715251783060412214545565479874909771597815883055032542249134922 -0.82658592462344666780529501840882268325921577064290896913604070208735006387790590912801936725635185302 0.094395851146290616299179068420728302768787589468762057860096412606907638236814369703936519489586987851
0.66448187029580289715979413986323697283663483644679597801546372455651300097256161287898721538374372952 0.53934324389970857642694772137894503904914835045959984883727613761120566838017225757594584286866248303 0.010670123213392019648063802733147827383751134486861061991941567332107661834505042164728328341861089458
-1.1944148599037404979283943489224017687068056274677652116487530132362965872493536378652021416388330811 1.0419622292002237646661704334420524352061366910572966267301182745504799706577184644870823535796564355 0.17191252360521557530050024036253470515512378693234562089243438108915937523945650566080948421255137155
-1.4049083134155737847636262995874000597734830021741538077545202232512197139612866324943724392431030265 -1.0570719252043770708016910716764839540183843706461504202855782702528678181682893639820338914855945428 0.20555884214915569281776591362351153535097779173433995243331608098457431986162255466214522345517650306
-0.10801860712557467644997641202018797714418819802843382765088456005580836652463257655741358614424381937 -0.30369560832597425689633962341316443237589895907915800174594904344917887908159872824734338601794938459 0.24695487743179684439501895690389050158892396035699468780607251952184758781707821560458350423205327608
-0.53588580077073024013211093190471580366242549389219844426082017646682406076136495130715087675577045284 -0.7422828165411449138774713056184077255461386254938897621908945565661866555586135791204162824186105403 0.19896875495365561366682840248607187595582104709885887615404814922723152895268309739911191333727992747
-0.18553708791863232714594740827772916224235419481684083653963032775165236840635821697173979606620714763 -0.42892569716965784893597168169363576456626627576783510162360992883581749695966350685895182345112306989 0.18076090988452929946426990574036136276322421385250002815637810226890215489701257374096700908874048763
-0.26312956703780499706167902733442369051750672323210564995029869811258427084765123846793233427609165133 0.86765332632856908072503429003861877211040277293564486610281944853241674510024385461705265705943880078 0.16604480610309533930318850070459369031836392615493440666454729310296982754861412174077324999652330602
0.78898652605560206757653755981970123985388606508346454756652709465103720065529249111413213150838261765 -1.4696450838490026196440660918292478527538904972703974426603281295391624927123842840440544044143394696 0.041815378809683622835168171082404288100585549378370788743381138596058731649934943701739665950430493645
-0.60333806308514516377580304537927909575780388062685487157830226433736090066066592410572315355776385089 0.070931648553252061501925229790236974882160171808682708010739122754439862304931185304938022506622427133 0.049481570174567362902412219803930851691763858165887207336298589964336562671383089471571897745640625076
-0.6680157350423657643027593286690205838752784292718934456639968328240291400253273754133829069480232331 1.3325309467144970221688487715340921372945785325246831502628217002637492804189570278823444710539517249 0.16384934559250303486544304515901431345734187846196545311356816453790677179909943952487868796487481766
1.1614113753748559799151588319839039390535572916431628920623141458571250111007424382924650660484584602 0.54068363639530996770794623305765522543374829665515535755811859234116569240644331383965193345262933895 0.051443854600588946386966535380346107841311157762225581005175991414405827825412623796371366510216612025
1.1283379042270491226874761491101718029277056757098605910593851638989417044415678125185019363536951815 0.53792182181586416607562496451925216749860139710898834738487106874109919632659561952172206362917939673 0.10354156397696547382430350104276985797405892429901481528923562949185225055805891909901352918120826916
0.1218173263742710295137999994023652256296308405828268102141366722591190881855917078621970042553568989 -0.36044429840572339126844851520069303560418280539604099358729784964823835013737683364054090214141311146 0.25542962152589488112770981232230285974897647470796774524774278526159130482630588154981934707482227
0.47942144325992861812087912671730700940245553501710566366484194265415341701491132034381953574477400003 -0.57876353323906344392567436124978238307541255725068247889829862448361947881819572843876732412368060146 0.043187003534662135150783101922605435812801243927957410471316150382936364529335741543178941177550917754
0.027210419173913316977238316646678460971713740567930572888318579044222928516788456344543368356920443171 1.3633607184245100011582706155028641732431895286668864654720561824782837474876833533879485439331351983 0.17950641477572497368449132600148207520179396221515525727734683636153397357730637790857364479742365494
0.7279694627575560321835322314638656844716785701178994659557732810784150049459544858575315017879215653 -0.32740084427784724130582160324973496910324601110829203159721807681626920756424206937093017305723512228 0.17733995359707106422186726523750922552988670438816888072885381000301650744162748841551328554100783698
-0.073031130460264213096538392917785568322907016038396939190923791337866859216804609642756595207326615503 -0.045958178483503098040770356113619958915659848425282261421357191010181886855083207658555948062321407252 0.030592705914537334065446698022049836525431542112231887996491516664024010921349970379595606024408276695
-0.098956806511003733428340269948505580758412935922609907479393061138317473413866867164243033517995522301 -0.82121283127490260519742485832051437381468094648021714386201766729626922445912513278611207664961510556 0.23737085968285506975868675593520818833783149972594215193696332302237891165471582764032070824680842156
-0.458974649530081164286841463013151691257105197990323661715304900288117637011537917196314970731537557 -1.3098554677545270440901821564300797780671968816541743475095810763305957512092556424068851021922777325 0.11912352713323652825996270168236130990394930818786170969313930432687787547924811589839326997278536575
1.2728651030496740081722123949321516446774118961468194497063805642116120532259906457855483634739699543 1.2226344368554512873612180805992435636147994870180396562901282354704654684354612138045908576137552498 0.076589451015637513290164723446882878534796694369194040442753751072830473267773974908597129893931240677
-0.53097907106245084105737270026097704239301931673288613693317362015380121204423028177574549741104660678 -0.59461744208450731259782146307522997002555171416910281392316616913846515285350700398115068374576069295 0.18015914609520483252815643721745784050748183417232436056845825551319779046261126138686805126840806594
-0.0036822729279061802815427292409662643570005066502345113462780504144154790771773751214271568303273875695 0.0031686039832645287455011170207624054342094172552153713101401163223725654739123633416368572877004290405 0.23057719018934138942124469984546435089201950496381015889299670742665216188036957627797240744144678592
1.1207284354729497495621254821540922666885331247637323586053337314303211989034053165567980807308124491 -1.3324337515448089570121030751876934867666859327450140887880000159147231879311153077580974756315061034 0.042946249452569047131666074250352678919996108672212399191947184547405963455788577758739333429019877453
-0.70211334430746204131116511115156332550133655077747821862542021874883233070913628194538869249962287211 -0.4090221533536499007859261524717712727486192333622437741475840723073321089163881637077643639479768958 0.020243653633054472530806354878337405523334833552363152303947721287122305701284929441304382821981586752
-1.4485568577611190041416390204219820041268143963255368207589058140132345958544864974150744858690179569 1.2175626038774946579135630555523134790629337674588749762454695749228245529288049480897965671129386445 0.10963901537027565899962555084486184054121919060401184394312880834667023386624420279262124352442088093
0.99087133577116213380813908567792187737995432341786045026025222183393878830140714091527396923322819894 -0.9356523392717891028568194838876568598620264936031100191549773922636969576024816162499564228454299089 0.18324917427238113810045140748695379557953095503906218385072463666994097080854744117256778639872845362
-0.24435872823837314660583596879680835015122646464039689800213544179480951925713887506688569166819067667 0.39784716827876433276429143515380066333100650895979996047634753432866453366852246175756234594202786161 0.26216299172254485550959864972057462852117818036056463867106556223086288281230111770828304941671335134
-0.4609545832978336864053089080042372980438001479571851166792636930293123896704007681459116430578676356 0.0032355359659017404528455148303270573272395743494398411947911954349676137140202086763509205186559525505 0.054034009777696995410060795933453763526907458207190639718605091398881722181537216201828136038623809972
1.0358525117141991182258668450327220570916180320447173356607485908760722501393444857185200008925597959 1.3239477767877129492433979661673507841896701999124657089582501865839517797567877168768171811564814596 0.17425193965609949674393952701221331352644462362689252056940495451914617452619288808775608524553936957
0.51496782230970330457300620962063696007562413091939810418187535593890707274253051871865031870734053102 -0.9938594631734967762389314402843084797812647047155723045316138027298899902428266681676052823746879268 0.12650467409854819436241009089531218698260593174256065195914823265037656504020202860531991654797682823
