0.14134654575989988871614831558764278827053386319588732448983624798151432607122212464958572714779118379 0.12568645089701820062415643973881764338480932886136560507078699059722303560518817032349131968815055832 0.12894647230773935970580082734784398639021792756817059855866191178946388676083560960877175695971753072
-0.62835159189326598334997599460231143698684431280747842332963712163904541370848169338468615521863515179 1.134398658705016143824425311055049177809400542218245050834132157843561640114528531210680869471518115 0.18854163638326469055323686773762988835379938392039531487277369105315837357447349631558415177723740251
-1.6100397734982267531753617942681762547019005396451549150040061682577017891395629926613019653685124845 -0.31454755648217032893400510614466747094388555650193196944252269252154144515302394741025251297610484335 0.02985299465655387987204191823466312464733955190669625872841791783568438869239985964062416800963332908
0.069392205413557134101207787629878238399630310206309555036671746368931731458327153733911799162463788291 0.30031273682140685966815090208401809176616643964984847490966007170128676739209300845859919812099300075 0.2250522174322816765608875602767324163685131467966422464151207189831070982236723453359989880568296155
-1.3882614833038053163351546890843720925705327343748302264883422259965538952280017004798229549470982053 -1.2945438550986404260702464025695612188707235410015059246525938643021895950182371309589918124356394941 0.084107459538247960729091339528627182221198117690189067117043380591878689747593576567631469365639495365
0.42717456641516219532920494471838751500138831390766649253943025750522828509592247359914883331545661867 0.48136940368944602461514859119025688897064968496859106210338751324354557138676444457072674265881288273 0.052598995947727894056425548427966891864119024069826788569698097786310299317600809824239798770848356386
-0.054183936080979310963907481994555289482090787639387897624842885106404758791094033423576375637192408899 -0.058343130199602706232059737439265207282590805083272539382500020359389805086216401809911958485251199841 0.039669333539070952346694216338180199853491467793436537792124528636231083925235824224627087387894205817
0.83727827178118996420065701030337920354799519211432424054806186290605757848299954379936690435088255396 -0.58045356407756552365448882311633755854222868131169906310471558689049513073144716314592703637083895614 0.10152120835962745380323622730002455876973329380585321809815411596736984269428384244013736800592143006
0.38161535827347360583876729152725140579142713422389346945606791444371533682103480021440172450332153183 0.110833730169587611313776378308215043127538181112019198427439457718824896461114680396981053776918382 0.26671812023026769683231424413280240028980065841221921230769803673862032091648218904652810593675690085
0.18355453496367140039899684211462569719020366583909205954135391363718782968882927634407637171976832974 0.020673573333942308312411794040945856897496170218212146537539557644289310015623179794028761446108842245 0.26276578923274859223250423328757817489407155568317875606060696243715218775695750439655276957009234462
-1.2633435158899930014132319784068399207465188549155841575562942938230704057644587430781465011292877012 1.1014555149449720844497043115112505942450734654355022093146020086785703907411760432204472906804995777 0.26519467737961495877818344358135823649406268505573065178006570813442780577821694323859266090049412867
0.54392035060962741801121215212706140404527962875115148428071722240303806326438090618539493561490151332 -0.77018217904707312006215604443169645200896730691401738225994354434030676290846162997362018280562435429 0.0058950756537940999722220420205192269215736467275940312191150298018921842118752580099550439885914210035
-0.34459092700319887968608773811164609621559685309060518865964926085165857874496408490101306721204542324 0.5356953334769866843358743967943169777786849628426269810392869233126354174240794199475929858156245735 0.18911001255663651249038940291624166303405915920565380340127491580178046758361249756027635281084311015
-0.33253654790117053286170909799753433345048435791798941157704257927586813592165846767108341444084288034 -1.0197917549047691903932423403158855545783420751170410762037641516897311303079575451877477144650178375 0.089110810602184509539524527223064127906361724117861147749722525413407582001730489418976229897607328151
-0.32270171594368427022606691871885276418515774619216522643609938190106301521397420708040089487311193681 0.28685406146796111428975006485786837322311545747161634329722472833226366520855511981907207430473220769 0.12985789393787803504310792859650294050325639115697174966207908760709599064374107817480972045978885795
0.53039130835536676079312719511966166373808393946896597603092390202625289494187605533182375103949126684 -0.65980400887597476801533620206289023060565883279007103042366072333714426922357150375131948386416821747 0.11261782005439544561902637322112511995154002874149012895165270962857798395089258668955212301295793462
-0.78619197888581780525208500082297096661742846293838826410128249439096337129099978121664241833288521878 0.28994860619270829177813975594043367551698701001140771459217464213895714204758531083756716777911568764 0.089122588341188029044851042679756678982329010828819347844655089156566879710961183086922255613878104811
1.4767393985020246789819407468836315386014357436339820765711148665138701243395487129416233174679342023 1.2588089777553441629644829187861268961221961425691578672331354436816113664887937244781436447567615895 0.20544740617858581491551389161534312137805076545602454636359057202470023677127838934967810628574132522
-0.048731943209257882975508189032180770055383424180508473477876880466488387576212341390579043506381189008 -1.1652033648537282104196032733047697363962144509878831112812565588164514599604493393139030064571435541 0.24237802052043811003826522128906307429687793953552486832184589184459989347701175633287389463591122947
-0.77844946301093637323051838962495635694877128597815979812843519559879944945479394723133383476454496812 -1.06556025757926633109726442571139812675544610113080207177086828284245429172798637706442535441372547 0.17768310705049125238481713931496974339011670434651977392058961535845211529046580793419572434187179579
0.018965551720001677288098446485385672498278116481759734127275191391729571184521031221248236457984440497 1.2839722886337083358472412838626614259962353275701173515800771168289021007510461021822212964023860106 0.028156490988871093835552669249303452532916570283953851761744590896366276398101164301801539051093654441
0.58049783334528606009910608130876001286008985587876320377206819167016419156157285627605877310836334758 1.2466904905526128856259398210445163315025846588126137759082506411900768254376322379789061218110901433 0.044489047395954559340734459486281227170726121379850636739174781041139141048652151454476383798937386844
-0.71615959571165462751828273927202834489413227396564166930045188924529461787633970190775431939872323926 1.8413137456230035493867684155880404641550461022755996020438514821856458587253525874818700317244273375 0.2615596822392433335936775653276246692599087698323614115411028822993387390182616236167555079403982418
-0.14048980766208021544887385675999376368963228993079426158291303018434622340935575736463358305792985044 1.1769403134701280176491270693378666028020080727176009629581995723038744072749094247095769095477199275 0.13848918149988712148123215578663095274198782423442169170810744729490700795188314135694301938993716866
0.09343371144696618721599607012341995603688124422230566821172049672800868246764057907767527558362572183 0.27992329333580442605472438771581208965062163463072738068306553788336514981201509528462252979365010627 0.060745186793476094431310294789075015084335724434204614754994827018466760479933369917043100115088926068
1.3128779528923098684135777249146467927770940834667060084056440838953005930475092430350538920880968132 -0.66099056593881518007032256311701639448698446531322491976050860238257512812794871939798906972016032595 0.21333270142105891329702384986567211540385825325666562435563204065768276249781600779936423797714182656
0.0010703506469042538581412115597119308574770835187118187301868831163606481338638463907472756814358162907 -0.98005444429018960686729388288043289006474282312867417640502119888890682216391635630240195341833192604 0.16898905997229336700137962224767693238041922709585220721016306929246091920816979137660274389884913093
-0.50026915787912991018607967289425943086525785525524635010882273120848440181916226099612631165273019614 -0.45669393361152099020256371306641962633468881704312837109619902410945515347897716159473828560132413621 0.062789460156614628027789465988212719554542065334853625580709605735723477925806141936186075805903221427
0.62739933744109870507650863533037704321992616784714515650154923552431230068039592539236373132241490661 -0.15348392368950580293480745629994576462189155955640578644536445737710393617899233716965351298987759508 0.15919120435096215975834035422717676970835442604728503139530297950266204279061642143783515105181144238
0.45074367047415038317557374917929498009254279853048247165473420793138011575872563836934593471337528412 1.2417390828239781534421371718091874259018846919106257318064071295618338765041656596310722724515822465 0.13710505738274060702008892955901215134945513025656751545159578927781061349742652400866352623608711745
1.335682336817084511213598774518165949690156760727046922814552463594456356166624582243989588271562725 -0.8896142965508258603718438865427956925123203484230476854601209882430072229992641461099288035535682549 0.15890579031487638143333323758739098291651859888635225951561139574731277791665646802516307923153972695
-0.70955141830208552141426536414108634782448102972659696187098062372981518380031535469472192581172319316 -1.4265619047162431779706315008473416855393331567450270070195171491746364804344956570134846865558013058 0.055934324688112202559726728645806547123909730199774419036356906695055501620562347738738800594011067048
-0.019625210841449646633877429500460672396982470443155757759193495884658201967065173535619368179843431417 -0.11563956053597001143193690646071307500419651216488063189000680335086620252333388892708548131275319267 0.13522762762410942082561731639990665195443528948909899762076577812105596502234474117884754823091685208
-0.14047121729546910718246441734730249852067458193665337690917351673443837696934518405490175999200884609 0.058105570372024675727491230540467318141714377335171280195433047201952918190257723518201431065572963079 0.24510015471741624722777931311250076087190170324551948454526897741071880268707638141411489203555168122
0.59329828329132764280420124907883276387414639564111932280782160217389096823332869219302940961145865699 1.1722317897415670490792149986984699858355613188199517077042583952533584559673881987447318279707963545 0.18603688103465322236989975909505028271532228423341884433117968939496908365484943031421952025364647173
0.96418211131533382195688312439938201562198461226571297443595479910779613506436490123749408116451773626 -0.77413460271437295767710017586689383163393186917239432758075731199011180877640967020944597753997746042 0.2467971670552415808109517913619976489602988403147307623755919404053320158279743081948363294582362401
-0.75146030989515062841860939406381813829574105593698156896957204805326852514223888329692962637216007929 1.1279721446847226137186546762063976146939109909143801148176679652512041372370675649455362522211850058 0.24550383630850671682091543713816439292999267637796530498731423863879535651659126334352560578642441853
-0.29886591473184754068938510651126670820095700604300431560364623799795434055669510008224040499344093479 -1.7044114701763458958304454471148228621957949229549519665219806141370833606663012093300353252703488022 0.17781298196628474998754561909482841328095327473799076577944440846347098777622759742897539666958809897
0.10573076822724151889799349299207948537430164732416937014347759595816837766487002428703875529556147272 0.44565986161377727685738974260480501061082741491935720417987382404767533243505317241343333424748960509 0.16697037969395958550731995047289374200257873265372877426747130416631682057302845536491496477810797159
-0.74639630139104763744176066267148280200787465138156768034219318446973614986095125590963277045591357667 0.3809421513011071018396079967985371766039097824776640931311650199101515416321381582157630935637398427 0.13862606710275899478188702739955583040833458849367252704152628859553771191120039382823513015641648132
-1.2877843272790007944304586633508682224825724715564388789799057195818557871112931974241912643460232446 -0.34732333900242120031578439335666482697332928890183779486892306824759656488216739051372636966621843533 0.18325689371118802102567895831637970693633334639557115907066358865086205622518165586134754362492738969
-0.83158258906015809311992009533355227960597207559097025100764222383646912087027170200993757471381820575 -0.5593969955664083381827058282553463422340530426985350024849998454793788772729230040017489539633432985 0.2752643684854439060998827402322424670900756177229820025065377068111885949630046562036089736353117037
0.025942455514811665091255455704605986601024506417348590417868163523345311817432757026468332489825343854 0.04028460796315856500801896542265445422960487520622887690676607578847094089833333370403750143932799736 0.14743007662864272475034920170010403271435753636199681725422709660888596947426457281475650865921821725
1.2835864365127449540499603398914789515437827596268011697465329742336856157873617445208183717411767882 -0.3147309643552327869745011117793214014292488787804009449061145563375367981728708374286473639286493545 0.034784387409275077195324200865498840286818324986795176252864590147711124358224723891824951018034702888
0.83392928031022145535583104313015289119733223688755754184732874164815871550635623975857566298067727219 0.27488675193086196183732336457233829547887862635342596358179075298732019455485570568923861653769387256 0.088300693408630713293194617937471939989297189626935218536740724867401973377918428217188472269854072246
