-1.5814053256246958828179714267491078188079629747185131890563072603912753930993176388911892344427857204 0.65497288289244321210974708554303394816573257566459258639782014362177419402158913498050655183768311883 0.012292179175383948056407829716195128503713268962140216056993116961363038608619692725799748204845487418
0.60996257768114218214720712167602618423354312081221570162628103399794761482456604315710276561074665121 0.9049553058477754984373719336234564701993125389132073078946478198876534105370876043446122793851746689 0.11684718085143694421434094507198565606974341534942346260823615380379897090586056029624820718753911591
-1.402601379525390400766076911435856512078715523152000778021386410822137944986090166849555207645378648 -0.89118656028529298969702767711269037418030551859275780789426274029922889789151430719524339253136067218 0.083279464236636565856197417083440015036831098203965262427760432414547941339038717743132585688005748482
0.68342369223455735557411845600475558515581883080960223035597769915056020784392936706500984709234002546 -0.25026585096048203690354559563046482660540189141491936979884029701055415551928356880032781667555883952 0.017288735667186866516466482449680298417211475300771351071705424707305200961945542471931854812430182795
-0.0085800806092966424083546778392814370813799398636702079334799897358376591996917662577627387965806811424 -0.026419481777445096309260270557336803912580211102198512683859820357660359931718383861879409444881450569 0.21747418751908806066230964168194955703879216755729342691487375450084463704270580206982293047592828424
-0.65248439677335985344720015846242467863887233199432745699561975066180609544792142015270252503821378398 0.55092147448498793496564496950679769289563853164903593401991937780637956797781039500665656239624457038 0.20281346781613632331088917874823366966905779046688614145521040764480255443926770306986893879792831072
-1.3777732086811034791165920506987258160186993905359707910334986975688909955338552240538998614774503274 0.1509866196930242881069882487051497020476483197493516020196289226921957906568145652619697384407356358 0.27035265731281827827344752836741454652544196787374454490480453672275245564049430500189108332725609712
1.5782556775098763056595603521754681543971642576272341181645653464015191382092149137135347558559653049 -1.1935965446717699692168033845263935007673924858760453709189190184590382858821741052907679237075538466 0.19282425986824257182226683472152521419606570785060663928432791445048335047030412076364307510717466886
-0.0038773895548427900890386212417935921999371112880323568770633412702296620950970384151030164362515697039 0.0088019576606182701608409033506882701535407846839284960512898191434801916311039173146154259609225067488 0.044044712024644426809375623935593502578285683271207822460744174183428661052511293271188408956556087817
1.0237313539216029181914437059479934287560997235923152862612905580754264499783621300999466048166232949 -0.68501671927174217470450781437031227186357639704019731385211869878595084506058912238710850373912505578 0.029269601312251708345356891569382012176270914688294131201008573838665088494155570917333747431745504029
-1.2463690687716981131753104332359861390574024867767171200741905115727670284162443280402745282336262234 -1.2523078615739862107090840358115395766011836630432645455614188142983099505582346549993478521239390407 0.22804310163344852577003716004769362615670847108405491422292633532469934584310320447318475762439061232
-0.52012813893136089905858127039010421447825094214950519744654556349473678522533900619955222683967838296 -0.19751727240201555968166349230579897985836833728229347487059631585211386710228357363935802288491751599 0.15036492360557044563601124701284830641026659319925311463873186461812524634481554696394032067753279072
0.55919303003637526644169409139827430339017602880432266369146044762652595835491630872540867196073156675 -0.3316409926408072492897587420455154491724239550043455988046525420095221006662822426741230646000911174 0.2035454828483598444688216167567828902694667173268129304878581913163332966960211158100864699008515495
0.47272856910044293498219771430915068173720277853654216005396807215033909204284224874404933235361623422 -0.75854125371246912429837082218010104598618402955804325443242642786470534804883329726699174096118266904 0.13359987461112271360598389212565464912490365079844807166934487106021762464579634937115900223815190668
1.077824403105293626777012645339007803585951578351319760668548541333019714498312533400906337660122642 1.4717386435626178875624852270021078253236638117690034757742337640427663449468822762025159610016338573 0.25298709732327557934567210222891208791928703928474436797800103733801462467580728011168392071371395229
-0.43892487672115565277931128752645134731168194278893728785689793426779598959563470649818788824683111508 -1.8792072402051369900301311652604207410566188439408669197051723124135419143654514723823055288944516485 0.084185789348732731999955363172012327484869667233097290318541982400032497767623776764494104911768126225
1.4098841481208639089829783002849701817361776246967508815947667289492466198534494503163664553247130605 -0.59552292355279027551161175633852500371722701865825078709429908631072533492405470603387418542053223161 0.074681913199970954336534545237671709669283566066222998970467852397920417587457288992108314377059165862
0.84468287862351721028773759419627814188601416299513831428339370076350382423924242174082614864047284122 -1.3842075659846868631332677919116308539902414547646993945060325564191309462448825704959499733403199881 0.083431935640530783923134202028739885246837930186683660528161333866769631004614163860846653338284472005
0.59381285733833018159179691009682115876673606291692078277044271668345521632418869140085171505978763435 0.31364992870706595882374836379362179227787538128925655531217960699728736573050149930616508454506013739 0.02153107186021319933234345880282090369143726197839828134822001346403067630154381254496944878071399107
-0.58473263540067286357393316945111618304691512169992744573962215987438379959158084462025683171376291997 0.85344705306396622099127356237532227977562524420962921988422407355249778203732072112589719858372901436 0.18254928198788065235885136491033827652925657933351411609009571217988828280963721357048878134384427031
1.6940462107775286041589528221675686551311904205183054125534380428734943822667171641644791060831932461 0.62056051746334948003375567363924724154108417347187776887817060381233093435804947795237176510641558974 0.13259295593220374550839173021732055964491061811487034002861151345579906732200077350754171219220471049
-0.18471540343940047203902432657814989182227234804153826052024792365669324340235944615930638882041897147 0.17960330881864590530599491651507995814494567583012252021834259628564394538728150224705349937893339118 0.018451468241024210251534810581924320491943021603497785172426296457479033887641635579337557797539807204
-0.87951688612544167155142736238568224290771284752424185575612144530733057798530158984125160365909211168 1.4116427779118349959353703050966638309271008897982563900014237502617436682583784274205445605241662354 0.082261501922316671435517200422378297275705725713025851004889563704801900334092047435928269344369139147
-1.1025438097623599477276761782098724865330408081335144246799685726044701788117901107281841673587280868 -1.2728226184657190972620581425868853125422876599991826048358321191819671119397756109874934129221185049 0.012731933367871739812127717301049371590157230789219994111596032826432527275091088765687152804616714527
1.1861096292743465659194887547262611079106561303654562044872476756551154909538985849363336616918769109 -0.10686581454993579864847098228644804643687779778549108873954107224663241850594708214769142324580309368 0.032795510015915058039288444602686193542386620591246456057596455361047365808584426038644370874337820699
0.1083972140661365834926129256227386846557870427004364748099525581658647658341063072960383254578970626 -0.66918007986443506211938154531018338438918429790805316496370475580462086760326704096690809504856774192 0.25527782007811228349945551718260679617936896163508565426446962930312077597189445603907632196503779925
0.98012161891290978628223274430641514979725299914169843196685391901977331460703796618120350224435833664 -0.099943732215138092450819565830434382439693295249258090219912057233875642581364113620078472052557515459 0.12085538035769603609859323473689936310340345645361316965121562019164710669539406170557746055832515261
1.8344900704945945838763677845215915814915066008166019844579206765798607462185419547114770846013717658 0.077261794037749924212510156819915171073528071767487762515338439038993918363834915272819451209503428002 0.13375694974541667947315253058809209839815604207996200364026745941322555976170000057632129985118868702
0.53650325768200769531897041354530259499386628130231754882843148537734333969739297229986301969807472141 -0.99405554956409779353385109783353479447522697215236447980976415960888174881525562768953692035455616205 0.0073712604204480512012149954342806609523138202681066816155905181489219593625629526351121789203670066861
0.49066197677587193739129819150228625253798576171503859197526152451780428224309101890298208470556734718 -0.21601956783749018344361440653108271140246967263547555746744114223963832276732879416188716041886099532 0.26347818236414910139432772508104828374522366072369352830441137274067793741874966884143980033494668677
-0.48906377518018381352195066775960446228655224735228008626864558939016312582434306200323056154993802524 -0.15098061393471396127400443372252147303091707193145168769960931454475572897615098458898527126226378427 0.0053343994209391886715271145279118788401311613577657517521098520444880099242794437658003288937605724442
-0.008511573204163770056893366713936642558246780776198533828691007235574648838832919675190719049367223282 0.098566304697094236705705394305541258962906508123936889428338951260396033697998473181849239554266234092 0.22316130694117960967593659383383246401603273930681671111382100365988556074747378282202593632697661487
1.7263058229693841603666784579191785686412901740483783756598972554044673714955704881510620017507928079 -0.44272193053891648893583444175168754041755586414537446535365628277709375065811533846271244269388201598 0.05600069547941265323885790414213844398105370657391470217641908882346000263130577181627826224100672506
-1.0034702426487575483717928717466162099977260338854195070825895766164767462795006623649039204118199403 -1.645503898344855799270870290963026792227354301896525816532304098337800259455411750787182741322847307 0.015308080749357397307062794846129767959276123523672052718114760809410838410495122303891044801707330417
0.29629703640334054978041030415732543858859054063840928159591409636704950601218430540272443592577518068 1.8617001405190855928812799973700860774625097963267528869306024581972929140423351146825678470580273688 0.10474930096802786213622425914111104893005252883953675551672279743331129981080047522732583809729362453
-0.26003995746219809608222922092907012678596465198571343065844404460407147237254165266873327996626753232 0.90540218592422678659679291988611348401130960142157300987356482032054188480589411802879763924049448506 0.034988883184680082720225112100400737137241195038749600002978075110451209082357110389687129868630392536
1.6842956781413385699721680574328014839038449480530700602026030626018523681640321368077611317797677526 0.5401625964951784220575908746562393989560704220691534653072247262646135184028698729079058687068268377 0.093596046302790013448241347766803087107462474383237822590800502871274869507968467978550371688143750643
1.3342913325847572290223052622758675751473150949069744550038489409536487782485674204688738948616404253 0.55406896995919847802709903614407616306338578012536103640540511154708372631631983559846581326423252719 0.15335522459683019988288812610501459893907041776335670313078764871152583942452828531098573467789768394
0.087564052986650850906238099416749064449238625776541165358687876498638539776013236211293575492399199365 0.0032960922270899410203730900613732875022900332368542557892730972368643271106552626221035617150851574913 0.096612088412763247543987928272454370108490407420704474809497440485372503913509106555446833998652659802
0.32143237342209868986981667287503717613530605455601123174469770563889553713957120515412925472799908846 0.13883704943620927854733067867993121892387636399497295187540789186349291375560341726294602498333280927 0.04667855844520959615676709846009985799200394093063242781665828862803586017696141614359597102997186326
-0.17499797348394493464263628211765870016824505615254885730143239348361056245521576884807638940008648481 1.4381528367744883484691823448746539834559924705376347659727833439116868320921631589162338609766817504 0.062066997710000196123831351099946016455385960264899472959775892850427996062906604442094123876072001141
-0.97409320994678816174350078372159919988625039410994827301546518641237788922154409306852660530139175986 1.1451728563275305081650637270163385748102072717645934530184075589880372242094605244612370496314794619 0.14132756709379487467533436243532752711750838636262959954614701254737897115196832899927678811256215977
-0.60355868891792784399747168673639599387887578841936551376125873336590046580792389901026786126541751428 -0.40984262760234423761537118839660005566256468264252755084058083983810151936340246054532439357639840442 0.15040891092643543864629240334555896183059845737141102107435341336856186765527124466051133317263947373
0.81809376711744575158475123896309371547390640368273396261429026437434342354800738378471753132311674959 -0.96760631276365477699633456195797999699808856399955324699580024706215992551461206901268182270889637947 0.071900444506750797531124788344710401482351915182261873382522049417764053574807372589459152111335739894
-0.9378471811367477352546908000488348950776294655703069032072838308934090926422653180521741011781099337 -1.4903041979079529254314817386191065492159878989907144035233189412108230679643420952020335828461431038 0.19474561327379777497511225447818422240261622070525962045474961303592719332356173589334037934530217921
