-1.1215195821035654532980152511012536598277087518100053294544104160488590361894869170160412258438020808 0.56799495070161871803875298219524265842308108251624167952950407832752654884429038433344538072974547736 0.10957090093430455816964955240425317835290049603422693671913216602629551277031452203856620262197419844
0.53782031279005927383770164117561616111016733026157509993029818303285628363949201723692916203215447419 1.316221767172253870963096091997231628066549494525733361604993652934659386357239916423599601611120595 0.050135561794234950348174459875988136181034900219917701546928098228137713823763449476632076684247933225
1.3761441879344263506174211973265367256780668922152813903404782152234579199378860089696476945085630028 0.90943072220935557785672231295510884906132485576694346894532914047018069746491829422049549605983148721 0.13678448186641305575632567165897714259272753763570658841823579032351740285718070691292444194540756324
0.059597709719732634223519761662997441304201862201182952913239491007841139668547356702786434742574158768 -0.57384837342780727753229022165854850249009173979038570418010725550582067504215940363181450837707697368 0.0084419683493153363948230382112823689276134193524178647161810585702527517377377284073095048578931707759
1.0970482563600563963055825225636269206857714937185390892786560959701743580281462654991679424445821882 0.084117949871948307167458632688470896387957209311889520146206282707121838983095774052970664424182543854 0.18360606054895154217186976454054031891483716034019348522034099966567097445605098123798494801784256254
0.44932111579028188693953430674242304912988160197838576158769181269571141410899246582193256377588657896 1.1935982368639451343628810376499436297542772853516425187756350784547083075253298957240701600039518799 0.02964768060147778108057427067576287330559599009351745612316184464493935378607408856860342260910018114
0.2418156955783008174697235495357256880488874335641391621905240172302191855747710023883533748422698551 1.6095295904189262942343874612894247180223470212787578680866769662517303516110001634686776669885424817 0.020731376619941649323864721372613725744493542642276148068255097360674414816431894145456756946952921116
-0.13737921887777742925026705193111477247696519709685037508768905658850227730880945552158609158741405344 -0.5585530634026735210422606637559441083733919749377717535599198445792231465380056684739022684794154864 0.23715868038861611299779514468148701198302205508367113635951782744548096306260467684624451711867956422
0.19507605259585220652142487127884307357872197733108738049436426294453501027231823483168971889982421515 1.3733453201123828630294311772401710968570394909910998074545563306585641925151526026348144281676157062 0.24709367547602560376953997903123246458508122812734463981585719461358791379447450856808041648758258448
0.23866862758888898082768961160928646330938424430471463838178347301538697929119073821447586524174538077 0.18885074119993180024000649075172757035347156049112191700493087360077532706928676242939718521110771687 0.08507015651461099108750550239409694019720071013365151844236128868583790893885041086173652712105952247
-0.070856136599531788041333547484982143724821748472942158278476182002649717876170718493583168159569097019 -0.0023896235201297500529110086145965958189212006441287043774122300051765332385494645877113980630667356034 0.067045098740617651190178375359139412299121766026682242309466884595765010678888849324735941882791943108
-0.12308635452497064160618827111410492314273767286608378028382953764289819428800940571180228143306001212 -0.0084037724871596761868980536034652027516780176097881764058958479793316457940487471123103323687281813582 0.15731444324598715500721645108598825834409014562262796719306837295405462505436718276918486779468901636
0.96062902669514212783221896865105879449725043202041117050316808376016785657207470472931451138986208853 0.67611364214002222215511710227382361100031079187164240676002180076939808721384954542323230149178848262 0.15776011067569396781807243523052163378818997536845024735634047048185112072544404815604451803811732591
0.69092433564783892551822574226575084823081074728474068811167072853123107041338268007360730796788017585 -0.70345602091234827711100019120130736675487293069194415774954039047435790237564021136619691880055667123 0.029965722684666690033668422288888547704041777436900703110590119657978913664702531991904386667958944024
1.5723036908410889076303498767765432472048740633870411125312983010669991663273850304141316014385558123 1.047078443039191760560179621395788537395571030179404109986154669491379153145195495425479906174493753 0.1090721774261219526151287047265754129690030429583614605546889605449342062853161290588723793718963152
-0.15497825984075471791558630192898265387267989459333982412475196370249442085935143235658270745950186542 -1.9456351149267489067907108130578334056987610698072581221240030152759854602155694740125788114387995201 0.20700663020508643770191576365041132311407257008240100831019449738944843462648080070703159980310552634
0.15768585898999329554930924893270097408599740581009419168625948794572589961841287541216656761116189734 -0.26623154722496248267100520992491473570429951549917977001544599978844295119490911359675196616975095097 0.13668696107429836533575224273599979351294770994759628071063043683189263143162374098584175891272031435
-0.37142225640886452638233824651265760796725472311017312139216004850270834359310197236020730861713424757 -0.91988851167139249101223287094576508870301565878398820190028913319898011031166673667436965864533998192 0.24453862599424602003193122171795962721137447406987543158592991092712618044880994291144225558864282049
-1.7548538242159750742823308875230665105516992212419278675570496524862763434490459550479862989372314454 -0.58723447482946345108421265410171280761227632005196264851395462642755046661267967932104966328486505207 0.14242064915837352721536521634104546728354641280577285522866380905500998275648619911246683331976919125
-0.46873617324761694418935131905799485719346019461270334351909063079991585914061057530864287501569369258 1.0946492277570458857014477876773718325669231256355085077276974700660322106337127516439947266110232249 0.18236580068981119362886822113267034975328575502396997981404366657629066019057417927011723016496168881
0.10729450711574215713694491039580610704194820988769881019455449131566746973632553144380467980974499838 -0.53587483217750616720999790089518367375244546472471366494208222058006478502465622772032795385721673455 0.00062628081344634303457114153789015186097161229970616215678265319828121599416862903591415271865832587293
0.034629155997190417767953845640019097532828052316558122539702514753081040303562440989761399804079962147 -0.59597784886868977363988069101093517389802144328562346041483112384047797204847769178237729582094304533 0.18690384178276977669008155338277148561078571911087219098772126878530952422303244679053870850278615709
-1.4061553048780705126199211787992556486541674318274118244744427042145005776957401829017748350293870192 -0.77259092180291422054014968568923918913605441505538733680109136432801191023867398971187324978932699664 0.26338364074367087409946428469498466021567599549036900213986964490207164156151307878574792865136489696
0.042424592893086298568861999950905948645644400172271409251801478247218644442480537601969364584801618672 0.15905423797243013501120892377965093423663254647772681459616929731798061298099033072624731090670901846 0.27420391072354388299289988284070007349961635085733226464871367026741787654654604659713846177474467564
0.81355515933331742503620930258653978402203660989922189618109110085833250751058197133744393895492800597 -0.20545833268439603673253777139628400670899724659186951093032027440385268724750272780831555169720784188 0.13645183080208844082779647377882933943067286970304127190472949054320891837519513250803373761126358357
-0.19935775766362957949337295284267730624271541092399035775537991498207555862044494748846236684409200456 -1.6120462471375325601016890850059421453618916023245665890132999299576329935822654175824258354418558067 0.17400780754611027994519372738061326036432768801182616894342741685049647535329550082797886471773017193
0.15956371371873934622163498509128224508670445591772273740568977678498912043910979035339919143735029188 0.43129278612312527970317556590700176482909807384270194638705475370651448273762159498425828350585124805 0.16254777014883175555495070582203311853380295102637041861462604718873299046833287284414207383284404285
-0.56734906646993960380592200508265023714264911555406150252286902549821897022647750024632584580908778042 0.41753025696311085747192911725972555660614507506462166196617203521796990122327387600386228050121197037 0.11406821986760397886664489570513522165737613906347759262187730871294500883197627482139024451448736201
-0.4413794280981195582236596300236329171382315904694148556358282104560848817307931395311419907591108775 0.5119278368667369504865590464907073215163729471690525592475127569877281676228856321608009989879968732 0.080311352757991001703119168234047897040115502907873792594771939757677171791577094834657496490409147148
0.43464671102598486852885215448837162341205349684097637881202817823938292504075146642803095494674536563 1.7359009536114401699369381692982983754762412461687959955638089254978707258007443792416512248993401402 0.038704508910623155515385359625211348993680587854613226579187394082830066677940511879615930281603915782
0.48460740276217927577173667885637919606528668223965678044986223055034634989790691964175416897491953668 1.2451816457192657124513702025214429666990282360622791663660823886528864019567630304223122613858365131 0.22807120600815110883812949900876485371821559575815727556617719527490063678265272080935567359827225486
1.5482114761323096964673938829144066508753543205057789052949185362118002849487022125792779947408470448 -0.31967685128245149729537654749290168074405453149308074250629606926630478249899426792180219534318030979 0.21625714622192160517054548566444587972375377725322954167664168514824938589917179134689280190703831943
-1.238382254750248787294116631427160976414957107986251632451532663558192024447904985937449937564074879 0.53950161335293890737167566237253673538482139663328168471342498980423938244698061536059517341543969314 0.21010576932378604938946229438993465646113439578201038185732710691565929666741597708996522985777788879
0.34734963902839326287444836742617422108710849399473946529019943859826142387322214864697347258824560693 -0.37132935937791357839856474490895450897837255100652549099075142951040312918868327308469433967153773059 0.22122894342547430643040097252762970823341213340964751108740731667581397732520826000754515402041123999
-0.10365725890196224955668788800683281876424160433522237830347360409913890565515559273688644569727823258 -0.035921845103492362261502858408527499054757533974099286066355367831703598454903177813846035727998559665 0.22666094784605994203208339018326108039372627072113031059728690705222992257220270572725616188026608366
0.26353914559130647332855273581494438736313483144524218211395390425425027207393829217201597499653875624 1.3566757503187764211066739725050754954070127829861397155225074839316850337856693620867883007345964396 0.15982241832893560134476257333221142649646628564070922258876282856595048641308137971586355604840756156
0.21621410386810150309728119273345249701009047821014521031261422554932508688940117627507450996439101016 -0.20328834525897857322679105620252421085610121163724353108753377070996901065416892145679215308827856012 0.024721017387880394490498317986343918579339980827735110185875779379879454672772938927278548343557652166
1.6275381245668473210311461679437481783195352006072500570719993102098710492029281967401691909639665009 0.02582426924806927148068121645210872224931702488471831673485130879615069440862120131958426338618120467 0.21112946229785911272024141885255708521987146114424739834220242683639489493837608406169246652244356326
0.87337932380551755496085559588138089402351288737133874496792431892314986728081645437972855831951470274 1.5775615091119580698890384896205318718108517407480985379587255102933895957337979336898835218755594044 0.19131074485666562483746403221556370904357023977186810466753004573586922714525988714359801225959219521
0.22216098690247842711412125679941429318673688644118645142998914902573572422452880135762410975637330121 -0.90155175515037478273186122616907419134329678409820543473916334762911044860647015261327478453745965722 0.22726063620309713525365402486133346164432436172386441246430853498156665486644581816517172758045366487
1.1107331740620716556166776514094329051650409080671921618455027499104120705646835335545383741265420306 1.2472400847952239480619579569846432282865556352920347482188987206990775952838652269652106405242192864 0.023375958986477422484511417536881844391269320430181385497825668285078141350888344715498331521197360294
-0.49365148492661990876547964915021385740665244502835886724614015548125153772947362460927186880580772839 -1.0870117688551458442371369322426084838943005208625515215343530672505073167039784922058641382094461109 0.042246240688156185756876704521674485663625254952252967679326328692296944733346700570855254815402724181
-1.414458488189690750753447537907820466685864076764654710203685726780452279030010826665588734261680572 -0.75522725517411070084969202773323620670411482073719108041527960938571812179492088451992832234794709333 0.18896921379709502327109729077497754316937402113971784228394718108564566660561283236490773336426748706
-0.011919859138104946883056648727699790393317744395852205347630533868703322069642733321786964753978156515 0.01510557495720181318554276558211645949019215810715323914696836230127918996657118028332194953437824149 0.12374274750696937672305273940435603658797982902412653908790478305664814575625259755317569142238058821
-0.012127417007141791927097903526543424555589391861098347304956044741057458468636630471795714343479844991 -1.5712651558285410295915773076266800320428112206835383671193760380055850108284469258722051728450787397 0.20261739092867286135664438082734485158726059339178550545755759058613053616336737449442592705303847983
