-0.043541764557986662984573921759342992845947921970569991850707883535707760332412719401906045726586763976 0.48135573596385011292991818253813742069096187153258929003628361635880113359652241045808928177698856341 0.059649974339454578398847435423411179530560349435502904769654188330000915278029803735567455129607589032
0.70162857300698318693785409491617273014807259958340014005024821314481944998269600162987387542567814309 -0.67132898358609980154634919622787621988581406828470714169977176341566027035532259155423475108069046054 0.27141409398096046211942213047269485849340667080960648436769831801593423883002992370871432987749156285
-0.17326930238924240964274907544266996899150579775668859359648278349478800878194805417297700398981193502 -0.083667160256950146463362998978267341569047036391105611984673147621731202772535285548278696816565377555 0.18984874503554200950374470981711728591312131436752912402332779270294614623644709646640518478490271869
-1.0849595419476790981214785778853757798669472374354002288593001260076351014256285428788793096918409493 0.7936551383012557381565353548712599500392082753420368226099987893901868487343710787631957462167329568 0.11312868814669846409466228493838042370292044422826630662888332884741198737362510613614675717668563327
0.97021233781703943132936907180582922816650254288340161509568628912851063967539215619199823280303064624 -0.35202902263403938422979038568226103946698375865146106870261014179793702699733241754439573125844610794 0.16645701361473698109183469113328638803261319826570899278581636615808265995847371536791239368645895373
0.62657923109953879691887902226729593468285463474160594621504676982939275876779532712331914714085894653 -1.2139678765243524492325767088902534681986426842541504719515531812714180347700270547832801744986035221 0.062709646215145686341182937753807330605342733426164781308930657230972689272696669910391703527168153394
-1.2202983581974727180316868168325058732356353013567684741698307713341969988516933102137754281343080216 1.3701220228198076624291593088442398809725325832997157601324843490223685305123376365264814395346420906 0.23579399846260082436151138700348289898638668204118656134028724298813892691568680349100808309314070335
-0.45117754022431403978216842796492512450359220518514498924348063479345769915135354539502214226246970416 0.07230087035218152445616372178068827555175489197258983729932404473611061966766790074026949580986565866 0.13726814901797486064864544230454209564806667911971657262397069543382491605249232646897048461029328025
0.83324428649993091901533703721625795022634650495398017759143272765687068031323487002135354720041354458 -0.29443243808013962737584972066180340129719181140589374031017669587828248655347557098153747706095211632 0.25054438231845989857111294528982314263766946239119590529619123778002944339210900417963787354908758754
-0.28710280890478350675340814719383108746585325841811225615488765333492895889806758705669959695569936492 1.3844855794394660116801275910201229668582208540727648780327476853271973397442640475988689948111313954 0.27207394312091321818747019893140849261637313455201413000990559617322812642381347598362075855386077833
1.0851107689903538389048153835968343000036431747203953564009707284350439330252082088947504086495223693 0.84671721550142249054087490408004603961567186427580045199844708598552090990355464049814435481364045376 0.00300027583999658537699783503927974644206041773873094063754445712326348651837225383097842193956276017
0.73619721152556326093962474562477849485145206124158998920207610962160355903314961407476672924439740541 -0.16966449742275766901487249730220097356321024325226743737445966036096916711968768738355797354083354044 0.24136399684315261414249365058094044056102536843164138071092511299481594124739357461076790790166434592
1.3922826547039553314761485473611927310788083111586881687239007596293880632446149807281733142676327673 -0.49109132360703411664349115519094138526823782022784241063294201906854446965895835367303339236957195926 0.03117992400998728065654015424007605600641574494674973388077721072710396331645259749378539398615680391
-1.2737346913929453522862625536092318062936757278723787520617066144757850675573016786634397348333148237 0.48001839470351379392329811918421809169531234760961542301860999637327094707918386908639157415239736464 0.094496644618048610725092517865319817591465916300666570663125793214108059672351481746418852919225670818
0.012393499939863581026837998820214511926793096093384667184681266074429304436256953519131260638605378571 0.60824352720656117577854573203688891530626005902747841323408041989402633126773582158248472094374959646 0.0062681809594412563853233746217774408489792495165316795177963410957946315438587530394795248878953824198
0.21089469207565186912944704436857969538817488562365045257883305598849450527444993411264445386059171863 0.47558998850486910692776747695980376477328069394851608126248276260730642114341157651231689001039970848 0.26491649987994686273889605648377723748876620865147293185781636616967935978748818117563943790153182142
0.32398476068089792111169575980696110718092022518078359760034037988940336778811399027852921281332500318 -0.34872983004287958158802488516278656981882524302330319131630647446902043131164627443421573099060305564 0.22667746598192807141804473003864826634119088146090544469162402422234374632331476454225226248341450524
-0.43835826516740016641759006047874748684789831880700959220542145302418685986177402624702348649756897271 1.0432232620659948869509062135935689350534388304455200239892555086584245892382234417055252336965133681 0.19111937156562072196130601322754203877023502841576633536084065786565793971816660027633159558192343697
0.044816136601894302826532872036838390585811387098254195992680176640375266605483477137421021968766564468 -0.21580848677191242830041940183561553684276130253681833197761041540424293741750479154182190079169610419 0.2733306647207684853225998108430707158591800642288749455200368073095666001750815255747283242688171779
-1.3133762422543492040752182638135595227621133999271649625048381532524267372842144372236020264639582191 -0.86690881421358157579100746298041016872350312515794053313759670008512227381145772688990499588017786858 0.18988297435585173521670939037558229295956401442246814277259221850038540200446712350614723295664121663
1.2832155920093548096788539289939069421047302593797793182253769370646536803449690666134488421158390154 1.1272623616912817504534584201949563872538837269158630372785505847674726434712801471775779093266902706 0.082310822370704185827826866349839617015065806844375044975080675363184782666654502735488932101206642823
0.76138076664018465103718182507487568225097647336717920473473321097330484495370379075445308200147100596 0.13752248147648003511099521553381357482681445970225212878333641663822072826360221920122737006530404465 0.09806846476766217039953312827996795866943590857410846213560661885306122391067812593656853146386691174
0.97251754543409645276236289200602814415096772553981646830956092394874695423305715434290870544556274575 0.55070546531076238004060055877135854218965229480019559808411148697463543768909632265869272954762600028 0.10309373850629494653729268402146190689191411338025141099414199340055262041420407456565058494891007286
0.10090631016129082635385366485991097742175588748112930240658860663447222844014903043449281715128129172 1.7504368030207159117225807625163852146999677933214355428501029566193750556642948866842117994545017126 0.20321325256600886008714492344364169622729320334442045508746308816316361832244524906157057988218305199
0.87284613079055982059117639340020528915630190492919875778011686570797591775412808203972350073129436449 1.5673863062838261468709307655093974859479819153155891616130371920582565632635243761598307708567637827 0.16146562435132645632309507017830837568115826414522749797181773289577857417807716626407013188277562254
0.81345541858643759361359790564418217579347517677054192437041724369556949452148494988542690718129993823 -0.65082899460938349112800161442478894650832786544571714303295303177140734974223866001663172087139362708 0.21781475573697272278594580100107380545988667750957877428824273114494662920904920894275394537535337969
-0.29536169823810518100171190663725571612621362230073229376094761853034110717390762131831872589703912966 0.32572403822811488285869663095963326505646319286692723572077913718658460929926952866363007844452653965 0.15101500126851936943387306586688502694283663597056643326468486791594347275470094379387982324337150199
0.0066578985141532224834633558026584132464438436746219646102616086839518662672420836840796717657933084601 1.4570209695951878456683445836455341861002766934888909122317487823578627466154107335918639696075821908 0.16745808837569372382029184897259956516981087054171838664966642284862104369589212553636081805307563349
-0.88751783461916817928045637403538105748991107831500651691581914411621325782728981732574751398206063576 0.30869258384139214597351639726730317599706857663053919430731839133289656244441191740649445336314173423 0.015190622242669666433974587475483353256928902062930270629592825785415945792210996032216770830086977101
-1.5655419366315448489319036935619225496635032060572958774260298198450598027930171462921440402235114055 -0.67032472144120398628586835108251014600336558861250736971449784887953319022998388693049644990347901481 0.12390494960520782335498146389926989014369585186142461294659024346838560654431227248621491046158043574
-0.076452874247035065918752429577182284747106283748342096905603044503546921866209743720646411492060033886 -0.070755491761686046194626767191756896580099819593128153084420889574684574749651806002657628362061836636 0.0030697920232839464139829036153169648017775655097394792935684430851265836923304157179938740256131225731
0.6587346268617619646126835746430973518270002822271977616555215306964068690553340800953960299883060078 0.99785487347880126535316827027591455087623369780599773433916665023189435046531699948749629201445279197 0.13608604865406847499210018215653392464936648727732942673819396286334387299838996586610618255956843762
0.64969495385520393925788112579844394588738042281864413858455455436989479994204619369695972743857460635 0.080630465208223536608916984931498546558522048697891932252166700137493931264178608202561919765771939577 0.10174679221531049000431582409545756093737431464815269660059542509434629240561075423603357729267141085
0.96332872226059681896014853500578758601456705295735898282844235778210956513465212769619421923024308703 0.38993043114854950149932163556736777920318159167591308275186995936734721787754790654233442338957554181 0.12780924590499555511956112270741005889793653862534279727752786391765504964269354484116361998683311558
-0.044765619615131384173111300579785311529635762176626736821752538673965580248150284694608971504556252647 0.17974320636935917701400013909033154922617534257019121538478802266475245699315325083400265905778892648 0.26648559166331578738215938650109153874428113034414125968486950651495816882460900021052041367309585135
-0.2326250327111059203000295253611184179617396780523912620952653538357021895363291441422106802391358331 1.0727955243739940970990712751135969208121390037919059434258991348024544137413823201687497224785566883 0.27310077757067185641087942849467522395738883103465592553840918907478736270130186773336683470740324352
0.34923003365806853643067296290771940392460491689448476515607588209960985258395366276809458371399039493 -1.7558379387438069494137756108138059074793050079832018968640190282324303584464902204071248825453449865 0.16982653525134184368109739431702859759960529749759652016374005581953872914029551135695023780299050462
-0.070151960984518557158229546258898855721204321028541421073741970764495473837818800312735071892356053695 1.1469752324047143100228447235705680104322074352169306060534822868417317104566857235009226462329277572 0.13582462574390934110702495783341455151714793445562823549376876427758815726282014397649350786305810488
0.73853066888741559052535428220643107539780191667531362570232447085755075034258527915106234193975711481 -1.2292051186584524372103003645849186682511863447757426508941406230399306186945091310343824089307671098 0.08641809414089816820341419024385928816110781838160368276112002574644833605676905401014620359195411194
1.7879718691951282506354588846052898482298559208669707031243676268808649406046344819316020383004905616 -0.80426233210144732987903590736176264466261751851443042860658987927807391062872816433975212806199292759 0.13294861708768556700380581516468208246182714498499247153410927451359904030068822076703423236170258932
0.092733811474042419541238481117388245959974599011013425875259348121597662732120330389312518977783005339 0.52920843804905119002987454055893391150551362324878548326314133827234886886238802649775946912143542201 0.18295738100649996724694729414622724855978238634662246754153524538611676182826731968523645539035493307
-0.78881681567689856086752989635226361504419178645749747858230342416206327144541918284930996564676158721 -1.0361896301139761719793213752317492082731089388484954170725827710677845952464846247818620345308312157 0.27066893411810656014379067034758987917223189466821034170831688744027402416181746036442522197545394263
-0.13399252458040509356565132092433037030075942014917004069682067691064919286104712729114183154601177804 0.055855174280902490461470182926479853504917053234407196589291493697997642327598124249721730973571944918 0.05719437718833183217823094760020457745368870884835477126128266462929002790663877475070841224238814739
-1.5651467800111378983548421052649842063462177668330261869669660987431649344201883606673189917655345755 -0.90599357491966368559136384507754003140468377385778207845316082342146768541459908979473810107108515608 0.24163264900649193602568060077248727377755470031191834357092990206085161898913404187262298022695260128
0.34123743524407615189873900990954744953180126437161645920085530520447495091847393406200071911321630422 0.429431465738512650721071980274201388210513476901067675725099972894815586878028252623190047331091036 0.047997006206055928132833735524251229658687991472690826713955375193821900456741845380370566522727969178
