-1.1587967012723741795284243386641689562953875532581256423459051897525101486817200525781316830917004085 -0.85832466659566645368204453027357254261460424240623137836267714521026464424778323231728388552826186504 0.20543199231215614116842989905487937360437719079847869867938700649974901725363940205409335053222966493
0.30726353164296120637242070403296111100041263056043343125252332653557327908975777430132358036425563104 0.40887526139222999120300124397923598616478019987398497352127569860369572413043263031619454504462501208 0.27205188177486714484383508233135492994972604682523950192413283803414217826082505358855696729789523035
0.28258142323086409514245430398238739175725496796729003218830368256922244223249582905697062492727847389 -0.029888154148269608089423396972938397199940635145437255255691494994498266220101962251385344675827040962 0.11343523504864405711836133887473827035308324402632780345091554039175099669727332823812592966424814061
1.7348232599563629441750191842840202904242880703921670124584524786660022100424486094609128482527810024 -0.60489035804404939820558767351579842694579868853566782078861967098524604616894278247983962960680104347 0.20982205596369521139805971336308999501395811255552228390615881016994305888610308767194032996463373486
0.99575293945454785744423227143201968762466361865675871325294760902147303190829837787083300088831001655 1.1041150424292689988226619882345663043455052009728851582964311910963215366051689507560133392347338215 0.01299689871301421649915471534241522187729669976893347892161478239989544260670465197647128032267105831
-0.92119464013482616750869239469428821942972080499875638389239652504685869578780251874621687170354076301 -0.42409325340878546243609755917387830064430298937689508638714906770256174731689834655333240397463075077 0.19303689383028875197453759459589788375810059200138511013091859401239005314829362834577061174899548659
0.49858224622903090459732218985589625111897838122230900814403419808437960249377185392869161366628071816 -1.3582232878560700843468069156526407071794229472246076267466106322655831509817978722793900782127142202 0.12326653616415260118397450929252037923104841133717307963706117874502039587091948732824596738989302244
1.507210477065311421642170195921009776005306224732027183948853459511177848463971125640225657171161724 0.04996213889678498636955374297170406170956172647510573443038844544138024388714551751001777668143807708 0.16460570897642855130172916647097060646480707693661928111060198637193295333972082287172324572881290372
0.55912695628101820802786869432072430029241199623238712106230666502172201123183353859500915058890727878 0.0029664488452732133924727784777876595895204587676927277974559179795988115155863282744562729495267978336 0.012188742209041736620890422581988460779224913037045848823889561469717944545449135210569094823234631905
-0.28251671863079760577172633011360770038283861723559868211244779056668564777427866627424282306152034382 0.030424856347304111801444546997121194431169705442463482282203327879606454287895103367579965474606239822 0.10447848718653582246917387044222290154542673495036286308555375079456249877424510649619077295362750705
0.14673657229548142265716403716946503051508047497142997562656485331813269829794663723647494015151798828 -0.24217162915664386434019794986513931265996726700403115411232702058885568619336733771296281978015608234 0.013820631204049538972676304603220003828047319764197090320023034009127842577677138536044401910923260838
1.379441708857962490650295526411816771284625683036557638303780974514966116115958691199705409978648105 -0.44921119329596911354896500242047996108434036594406643583402068355699780920532947172353748641747022879 0.023266021176445054970926972463592672923214484725499203661764794909638112139600703488629799691496126928
0.61845507348981576023035267812771145257378025515418174394243823886138717856905453140760801083292855851 -0.72324625464675410254027069635570202180369891025590991833585835089060483036540729962527092554430019337 0.26005863688403354642158606622651949599415903465763862221900023035461002498777231268420708558396490099
-0.23297914662108350471065059216115386055222072413479155715854926528777421317702516274935843116540898257 0.66101367806773841124573806988564552217244876418913293890815410787273163930260374708573887362356721468 0.0064734404994984331223464002887575910338305487691011649550174365489960209712976396245640938733807621968
1.1698744011663065720963150019820910969364382164786846670627280347802537070884069060461251230657476422 0.32042862369086226719186469774942167404329537179356131290935915702807167991838477496599903294132188139 0.2147894917527511181189015848489776409329530585073353191791283832159346306001113560608701841541428563
-0.031200035850582691681920600703455838577773672868088579901056957240878044669406004815105198253030960398 -0.037703355545406091753672577191369955204095408592822943620477038921206155173657072611324717919775398747 0.14955276769830766878294382627302694998617981275330191960614902747600170590564590054882000689902692031
-0.001487765189206584624802742546948682008828873164596396612209729540583824124869904707098106547185387128 0.00063164432785769599658450599211304949408023575670529407693841546284640109377945116971154741042701766542 0.050762013489719825627723268845026814506405475369772503842796350292039378921856238509906875285588353348
-1.1622769316457871495027616685410843386397839314053641533060162857620118843766721823061093905046235951 0.38011378270775096765737713199058181777244567382897441220654308492048457354836102790831021989560127295 0.12242319915460060268420024148746059749686515549746383573431264651992451544917567355512275384650979065
0.65974459021847632367396936717306582757902062130750930842146416967044658286063184135638709015716724179 1.6928782399928518409621172467404581077074578777338122210007121186984799428340781800498522161545689259 0.01427184341865339047651238616935177083108284936990149592966870687978144705467679525786300504088061922
-0.32179899301852845305441653501242530245677949256759854788940428009116440763143417250960363105474550425 1.0219517937676317059240131841905698316860173003981977623376348989745320244956063824671343471190324824 0.26067684516924039840462070500238522163130754425466177626231684389459990214853586403939814576646731557
0.0088771110785868268816164869288091942146837036876786363260056389682407444523616385581757142080390535107 0.064702305328094675464945308074210006884701330209524035799361312644547694035545459992704405246556909314 0.10496192290930648549027133227150581349155105641701493204687043184416218837351655653741720154329205925
0.071622296703537608112230143996332516811777663992570235037510033935800028786862584148057849764028036598 0.10750493795844820483539481269743546195481652717557728476930202699189633673380104134028178967093581093 0.028646258708875839258854398598613342241731043175021488592004212860881784496251255979165131785161260895
0.82780750966250939138563113142501494370199555615305439280947861079470598644715840001919793761845321105 1.435977388650626052941278295812502542090040504382562934447365476434279996006194681557088933962549303 0.10780707968552686163033602439308834233851683494427989338568398840307681160858733085564174660797089086
-0.1164186026250904484874005951483804010140972955475895811645146047189161433361299264728635733333276616 1.7047433557201823234913407186887203021395846003005018038926368208752491254902887584938422142483918586 0.27414742780055987795573668977935400626659161541131611686045792174114605492201632909140202192988934286
-0.51770861449504107708054444329253431131361698212416199784754106412091646578681473544704109079489570267 0.53073247136600910980926802623887722641063082121826191226068999572287897173261645710381192455843090377 0.10870843174588939354141022885874256173591474463957332948233491311022412129646647484354514703208995928
1.5350708684143832904506337162566689524473278207951712101502605070832665448257740214313251429876679498 1.2282532218406862795661116884179377803956620304811338447416713510437255704348605435941847921362992671 0.0010925735635627053891291334332815456278071171184740020476851237422502410059023160998530230442421702295
-1.240121734634670244645130560398897675492785821430177987211140223609462737183446735146018441758014297 -0.41112645184802617616923733137046261807422072928716476969015444680947598479133061512346937143731430561 0.086789052486066700008977050134797801580426023915281671603992236025347031838302820322469359764771943095
-0.19445498232587022508422696062734467007784530957974925085840846406940988998680786103988024238909439498 0.49053434359060182964044885555397979174368653859328345631991652453882824873220639876979577725584170174 0.044632280682054146304631674360352327531704034450282411230671021892415494336974458186201586411439796575
0.18885650831054035974050970626291707524011816188472889994427706577703567066553727937900040399551041101 -0.16555917373811697210425329889440980003602910298757578185429685361004050773328315179184330150674359291 0.20485863076062689670287679633270322630041582103250618871678612263636883861338488690718390621712574718
1.0878290999835567646812600304961992695462462247737323429906945455826982170416591295333190474733055516 -0.032712770067784669092453235807699947751571200154349241735090406427303956030057274839760932210763837703 0.11231435160927720516927708057526452925506095040666607505427058618398015460843244788203471682508935811
-0.17953037526567312562058357028194336890087155332869498227150769850844170070040887266441735369042105093 0.97922269041019551601512588119875925418491356098775631957750009659001960210839526184891967820849093763 0.12677140711404660010656924601304174281275645583976904190737620878855505193982461381701836884919492443
-0.29545074980879844048629904443544647154338261748357107529951025236338552381210620411454874217636400084 0.60702479155923701716507474732856271357290060758452378467110161885141805807728445738593601530303413543 0.0048896444749431080888276588580386433190701540358734549139057670962136816139465176108131767631062093194
-0.23670570059151545592244128525926928078802766430203523105257187566423328154323327954690722400401218734 -0.78693984246704212736650844498919701399311515683105113583019512668247890701944713844106195882398101312 0.23163592794950709707361465076423385080919764982781956263379912095420751743790217049445661243801895433
-0.94089553829282940240135577746279310622391202471905564884696783557814685968219077587578230901095110081 -1.309045131559458716302321862681505420537855226509153243150836268168682327880329913085446249062703001 0.24038489713345478841137115547308361179237514971109164188511830268024694321897573852653711994639419775
-0.92000499809046170125887195503019473705107836815005062651996746161054194666818826518221832114021744841 -0.75508751739545948968099696694768512218828326426348128820017197273428425445726143570083805486439778584 0.24464637660422102385251465788213510724323353192662244605334664921732229658384087839551036072629030839
1.6002155164372274884435188802285019817195036298928655996529306150201064847900518210401784998421287261 -0.49593866456215823107162541341904286798804139935246840710237969122456462914248622484937123330786747494 0.27641045301624938755253910529967984926263582419735695932356325318027160459531980675584895857029553455
-0.55217590630473596077185096901799525178527424353344960853545966235101389175719690696487726901697268567 1.0690024983041737490534936639241978921073786614753022595080260471352644981988887695722849101039841087 0.17971098592813253506550791953596782894623562215319649343056947651627330031952020098477003774141718965
-0.30864494950995887150416867159832358694047892272502294269902808163839433527912743140022665573568447111 -0.3464236640188270272607804556819285175331845363570303814051460373800191968973120774833959827073719695 0.23216810976877790243164702027209051918316934889406187811629630350444679050930869971201477771987693144
-0.22973919990769435395065510139912188729095079364140056156646984413618991129350970015847369767485731108 0.49181920682812864936669403061808667248480231454417135607851654873255097173271604267566448081921867795 0.14725789658602101762714807571075278781228996492047663786975340654658334253817229963926882067871439578
0.76422862344338136418901852987896350397298353305062204943592383223135754320173867326343668728870822977 1.8284475275145460326575730603892751209518329073875761705436065275949661583343590763189223778856669698 0.15319339786862734517984665911743971126692559649428118522835040619147457115948622897226440105172753831
-0.97319656393122148908214727195341624008971808296616471583851532923802122729012912519343142944356267361 1.1661317140677241704298786567798330926471929770885294992657430548548399029939276883633228176275403648 0.12581568219534308157931521374123498012455580979456123804169034458444935677342830351261825254629907324
-0.41454998226807393592938407990612572043388529066158523288563954913064929088340362429071035540615190396 0.87365167674043365093413269073783815748501390203540193489750454875493480958642559491340699334516212403 0.15523334384735845132728161739010368355441687880654993260902070265601092503265770872119128970683486212
-0.0016463129243483571631525053375007301928910107576237920281853433874823657829826722799137992173590202011 -0.0075419358549002176439421141939186804498102496365305393281494981067717037683480828290408606435104767768 0.23978535332463952397710323023758338295918854145912936215216218729179277578788411155107438823873574403
0.46515131076868260572081170026435632099039677027767940246140405654096287000928006768626253380125648083 0.21695625720087291876634653306890329311195168629575749877158231653661285728830107580947540051785458847 0.27210857167074478561238486007816261201350884094953688112443447779980023335040207670582255421164620824
0.0037901437690466120826993687482683629931247058911299286471155751948525761589658122795601672249801294662 0.18642652919104060085559173791130054355070419376676815482460952113168544589343088387699112659195510341 0.13204607009840046386142768250866561843779405163099064739215521558892010053226864032193652522024713975
