0.32712308217819535370264115202345257390672634874187051262690638946678105830038551913204978275236252996 -1.4722807245276479665190084009630099991375572040419112623897583052539535947539527365924808272386372915 0.10729880385980788874990117596521119023875208631583091725868927196147322532830353679247461083780613733
-1.4285121666535198733080277403928470081632110433722426883225647799234358387051555177984348333980544851 0.78912870548871690068213266969673972034840074920050996116245135252446457164703390847924402887552279681 0.14155560738847807707008903607674109058733726047704977987752457739188610966160735136848072973110791874
-0.51548209264665542190322654684077882064124220107517984514747352134282357073080197001307854181293354318 0.72119666548294342301657778647768575935149531192847239419580073334459041124547485849625647562669836944 0.051612496382908202776596578142594749376939502082093196720875719231815761550260022009565400106678866526
-0.92130120201099113565002687691106536078865710021054318783126044179545026262255234825097321242793020378 -0.13670031329419723623635208648290912543593100395782127811183157341212686474274024227735834475532783235 0.09627578054945705814797464267205887198503573878389633415530284038164343119611300289171631214594436478
0.85128050127329585020415650403120241838867061497768837889083110995446205539748733478892946108944094611 -1.7128010414355648954871176047894540318665761175294390066506635021868320674602901763152158762699016447 0.18576020367558320836086295326655681506171629381199964045490611037712573047782190683991500203138023381
-0.81746776057833361998233709494817173191981850321465106622205363141110248044318045333651205091737035423 -0.9075971586088340195473209787699940288402554222951379897855593039051370211130251167502529529667080153 0.0067507428453790893004361962008084009342953673675535068761041775328535484561369327088894313594743647503
0.67506919368340493178624920869648457308122444200459963924295843936789935297222453766072018934023330514 0.32628900729153520337135913940329816194542860431716945309207191368777186482906607546580550611860564689 0.032233605014224824789987228499944565670585696210915442135810327097861417509225718494649145632613709478
-0.45197130384850202824862420518068921831703846618331361972744674894589201558141900629255468623969758951 1.4143296038080774422644688155488192516858278820692127558544859498930539562775691329482257817536280777 0.090633502048328856566745347716088264881036413844314363923474490480169468677050239821471533835708620172
-0.034651593488654551645571927665373325352496176724338821342328001986602681506764683977275619775542207457 -0.4435163397216364970445121178703970449569553619622097563945700338910853417083008435689709061393321435 0.24618140392955191153145406879067489476542393523076144203626288062333328051884282915080228671778854146
0.027597455381522125540162584729720408706760752739447074624694399930800783438916031619712678406318179304 0.077321312943557721282974146631007421604478781774853628935387116637866270783529631866068213844723664449 0.049291430144554568066515475957638177861614653289505905935429689357571637702912327989866706924966906511
-1.2374371034789282415523235942495457934402606994953195731211361203804961342584841586126729509803598862 -0.049265547186235683327135730541190548368756397993464456293410124408424143565159525499648594195604237249 0.12629739260526301349442726303022931274447043617311963809442423655092862653231091978278059265877513103
1.7200748796891220671941281211279520239661041311319444701155021073492656507600657695136160477779034569 0.32510925689770335036088840894595854348165983768136680439923914238741390593115458135454007828845058426 0.17597883944951827892721721571648709938343317269625040213061621984374528124547031513645308948616089891
0.74021551109112285932309369798397927150182830513699641526058698498875803093893240858235267919597865738 -1.6266176470274684336382166718339057069032044823651018662984828577684260175837930624835200360145785754 0.082373555133934044015363101096087198310537637244497674377958535990466416405506108128501845392141361662
0.65128358613475333523525274878963844420410439298241183775042328662779648371801329975096577896511634892 0.46719361102853816230262777239588986802921469774216004653008611183329848932973945451476578196278097193 0.084063762136795737439580589738387263380458200924635215010689633882701937431233529229369773358118360834
0.46331119525105846616021028866493557676405532731083708851647262353478193736852756937949816904780958583 -0.71213917373809164215005503134232724122108625671768431108204992891198267063358130764953647250261790166 0.08412855768329902630563577311861264584305164199314380731256972454961576913038863889532034713066020324
-0.35707742531950094167218913492846138213007662339207685198316921903829095759020407237767458748481726325 -0.42743926348849043109704299916445267566061744405016261392761070519096453774515062814419448365196906962 0.16526619075484747400808957791773955516567198283722102167779473501684396881071381716339023786071954786
-0.95604931290816921578592746998835619249420969854124049782786244677409496849921431912961786098448325385 0.16578073710203710151129312638707451730165436993391697111687762034999463614504187469155391224942754746 0.25878570135806364271020965700798985325688179665603953679242597784997078107509433311775259432644349007
-0.080028915561459557761706874497761837285405030866047529699612561354480837003683987638131672339574044717 -0.83859089290805824684695969779214070411960110548423311247406063581460600570646388894973269521424858998 0.067795899138961165061690911792875612566223683025091789472686598406436769613566487068503261080102025866
0.29389773391748148270068398330815529888260021910762933825822070887838108209498834255655935300632547097 0.19157808256754599063600440774156231192951580167851351715353320671526560686460538792508777618998543815 0.030064154422441128923920086832046689248908059396794611817634807296331809695190679516686681455904005578
1.4332264971413053213333493205201393054735135139586906472773340505728292884365923570105618913665993915 -1.1513736004450227574235514695347653056159492029125876116832909495518782908330081248152624356516089885 0.022491223929565270755926967777721599349468338778762300523910651485190209102128050273440114127638369759
0.32557941286840567227916167990386973856156142661370069436675366446726402658143106667593925175207706541 0.45467418612330660891543197867921917287026437353193507453462552481192803984400394725152885026661006877 0.11824442097435358065994409276801599754710161648289238060003948445524561511673885745229031479180551163
-1.1700960807364846133042843673877409116573242525953101591842384034488047010252716516256548960037390975 -1.1961819392998582267079292722753335119386578075496078951035654698884062668564774236003231121563640831 0.24631989760784128566990837965400566556368419701405829268408581011200686799398523598128681137316959649
-0.48684814061891806071018367462032892505471958461209530408623711108850262432287315855839947207605001523 -1.1129434303246639693173848994825849220127041225746250573278143956411220336025906849908855836243238148 0.15814035162278852754036092104463023959102754915162209289559894304988176441676944993298785410628412391
-0.76120345870322404492308381718507514034114750551064622873254189607001178642848967817413733354773644329 -0.53800226442117940099963729796680831025299777722854002242277833440364571653319746934378245479620012775 0.26026023597616942909416744729099942747492052702670024524514058816930561840538687223583551004491102402
0.74164232137516683497598187901863324108416362714390784937024774199441698986026453960183021664417666654 -1.0042916214626198767392820133731981997171622339038087575060284128402338699597059038999856788294774954 0.095987678695821421085702718050729890133787356701055404183711845272835609444455765863803579996053248876
-0.58584489273110481854116572581647225451274392439027937518364986520708707257367799265191750924964395888 0.78912530370847768255657504329447330073489776656717480843933384744438985563667025699238651014051378509 0.1517526608299170807942987875874472041060138812180627448511591050490104466352107178456214762736376473
-0.69108591572568408638976967140943799315782636404590733719027718305700086938806280812982602275366946979 -1.5229987618865706239142663850745459050590344781962518483283939688202225833161032481540936265571416628 0.075712517117382971392428106710153651503751371915517911104368239975632515171066472286757598196718216343
1.6524973993978838219297918643970942159648534064418866314131413777024635852327738310603589619404702816 0.13459674158684031961489535094565502343933356043996978581103978324664144846959402720764166062210101538 0.17025710768402592117002233182414394990378281676285327634428307688677983725846691834419762987488613453
0.19836012946394166242762719918064464902375039742838013884587154553840587193450933213774688045573945815 -0.19679070736422467915800522351564947215556922259986381297238381277753884354150714186244882984691817805 0.0241891549783372404252895549456488549688630658842646821166525615041603000029721762815148560602087821
-0.36403848491867358765099946895042261372173701079891669464322317329047122929368503408840659441907278715 -1.206274239931323362851569191729332893076597722006820193344702331955327736689008644515303289377575349 0.21874163905959742542481784449166172392763924328343900260401137686820524729496422212299949858651365099
-0.041490606889613315060459582267979679035324016241214980904702006426282421508538427104317119913509048127 1.4113733222053158212126799726304567212790108523903822237823569908360895994248509376788688711164848622 0.095283804560845068705436010270176621027313618915976188467629581496333991088526436893737898873025202643
0.1683455062353328015310171803547338354708642231446303286628180119410889045435407555783040049550279302 -0.36464833312470041489962097786117300559341822179169562531562077955657702848873496580240483419536897027 0.022501048520451609725879589810302157902563396035006650676647682156572746811677204966550246798885153596
0.56202509043086297426254570284065576220347281486417091613977848033346099929534433644507483237915062758 -0.60264169858570153911914096164693231459987497138153860363575163716443359887624184492800444817965644308 0.23051003727428700784572344020309285667910498888264787506429067777425433600883474819293763987308357952
1.0950599634688176079925045464386598215206322305391072565821260111073473330645497425570275832618978605 1.1399403836329886026412591548055504259664219836043615420288590448920606627144106410849259640978524913 0.27551809057608430181639651484934726554619573345786204193819499204302974313073156719591455134063051274
-1.4902793441824923346917888319483310342147524660387967443224562929284624381748583552119929505759592313 0.3676179106157703309226532645766861276019674208404052490580795254931217935071530697487992271207739647 0.10943998304832862257241318130770788101176424102982794400981175754555571900474491584329121020454419816
-0.70386865330655679921369501187046857589394603480589335004817843242152798140754985749079135356650363126 0.7235181090648335627663784859445582597280431174192203522902186782948107478442907608444696412576395559 0.23177329797371593453805149877034596296253875625868217722981512090937482424736691340023897322896469439
-0.01220459171787687305705788094483825963558694533343425055807400019251822590302208306809088614551954223 -0.061406024438244593602642087316785664288208192675954603821268797303439623984586882517780574346417820347 0.02853411959365429843562928535354556755827061428376078041067363074617711094809871739878436765968467874
1.2062829471076735752201701728708344008015121183482483140297602641485330968945366944332296292876534207 -1.1294453685260598698221411646951052685095345397040848792341530074548522477056793299236356376960903096 0.063954310090672135861835429016076947312039880983670933381188208413300302856547495116856095534016284057
-0.26572823477905456304632511389315067721129750775050588887817322734562451722760922743234473713714710022 -0.77563582238132823874609573988885861781946531093470248670095109726147086875878336287746046751406773496 0.26544893446062124024165993508458863175745642701361991350099836171817156241305439983667829115770255027
0.57098934546751619791382360000381055848896615595244762394723294040076134555088152453644695106641417498 0.47426775627374655204781805250095741360699433411453607931049179651665320726671826291718238979519575297 0.054799089581493107957553375797879648272759383129761466761503457346471991658663755245930257631136044345
0.82524423435331845828486913587856567424688514673021466388892433521939233258757574595330495849216311146 0.74926912678249087097887620125024092353274656349596201494041869280772923785801955966372802302346788735 0.13424200455226127172681854720659687359331280583311111580729767746083785543892899812086844055502859094
0.045973254303134861535400437844721290191274244917920384679117322127997763217500118963457241531159527626 -0.081682160279917376050692990266368432209571078714870029599562872910249128115211372630016615416127563591 0.2502188588273413574156650503928922776764584684189949213272747142166645646130736562692203730293592354
0.084781423139848454061598990622372456028549986892594541880206764343317319295601532894525594091689049785 -0.1040375495377146630208649363412447545289441006813091325845112993703396574748807847636445334250564812 0.20940353352257076512997449672329972189770363054279852556574884378365932466923819736789663255765031164
-1.653454883419570059470362275081002962775435001764613274290652502399522055400903743593719097186534729 -0.66283613958830854392451925790115629913706761767403442399893535334176943783066005225900046191641038041 0.1946921810137612796407329888878066744725600745221833347899125628255521691889570903227096976415369881
-0.61666736501147750481236048295547635595711324242986903785007953302289151663050281354679461218073083814 -0.96168057214740848246206371869284245186017151832294524849196328676397620934142370081191415508857266771 0.25446324696737218985247067039425563237513639891472280441667357901445803739742657582446085486475827757
