0.036988062143284254258363089040807624224226019479407040441923129532657981857454247844462506243446771487 0.0046751552465689254567167329761436952613423180392571592359928485222613736741450739992183844716045103338 0.042214423801532887137001622260880876809860755655405079782510135449073814139065414078687221083738167318
-0.09581391297634799413106798001923839474755544092607161821575538609182877157757047135025286428441201132 0.32597958431599239915396883505561219278470835668216097346648887824100792986311652080551786886474130913 0.15042265915970903918848534827366498225204090595408767382707706997884805000563131339447220507464642376
-0.17046948307874736871140820408040597650169511270887352681397830616104722742006090297683084890951712942 0.29517823335315467841516937913090728933349968555106389774778312955162156535666468142186463739613928337 0.24671302717515145117013128151644452755224190906847897856488678239572814614012221269924392629093420296
-0.28109895992108992859808989694421621942756677359831203188938022782019623377650982596943408147519917755 -0.029578312967030679018564279192298080614024624668536190012554751177205130147341053627463277694199611859 0.18266673200198979076515777019394114042242878495231965134285744441534014689637282374145706301422800879
0.67851438327599464465161928933858693735281357983048430161038464173324371363134444805290295133180144371 -0.17062653772006424079077260657239031707419650980884585227040986394264625605153337911846651387361529765 0.24314838334141094871117076828474063220690044726916422606498015646451382085647335628987884706568045517
0.6553232393394720618140462218610059064643192675168820687531277182219471634291294066831149560883844436 0.049829357941178976615129324893887840234561862694345325778757036621934672560524494044702683700672935997 0.00213126523744618709619769100397679840743624971193952780837653007906158127010999863169833411506801163
0.14402757029593431641328081350362622352115100287191430181328301016611845027632931328295398846312723669 0.099258681198735115998046827742693016437075585105541070089191091177141142084564477603982424550976435905 0.066221262809640871196272624940185603123419525593677780042003409092921231605371969168596396460204608429
0.21267523953227764522669549540084649805184450005876197947824693208360447259638232853383425627367245867 -1.5447594250035146907619891242506630593453385652794179933395696826708710820111986360398683297585841659 0.031328366275713721926260383144907001674114381914378484555709166122156059351437795333241320703996011392
-1.0746302847320761430408925555882456272916158995551008230826185437265744303162340359653256681241326006 -1.6255266093678859673995063943608680336607538103070786347366081720184099288135742995334674064081248408 0.17407255502675331113626572532692104526780870555066034573243644903478380131321080136459624614633285204
1.2913049668531825088838178933688112054232830597145072348350954400431599044346720192441281983461648128 -0.27290179984921352947895978968450758021123949524688531626676093686413346198515725006581433428125811312 0.21893115570244747439308473662182271176987986663515466738447095494368830131631457224986027921448443391
-0.069785153573704060413383458175339541801917566588079896294787612747235757868153483973964609533442563418 0.31689401603131397904549839318258292824077324772777638984797450824931340317589560494987539958391165248 0.030873599743194410638511377528304667799782603667297240830178705953810167069084640576138983306951464894
-0.72345845448276745365328709183647593341346565071016704082744401681747547140797979084470796064394907495 -0.95613387530251872685574517344151236749205576013231683970477154630989577308125081687989381249529090447 0.20186312807135181806217256076573265156637519730574923948185194938624826663523896385609736405616599163
1.1241656444695415735302999490994320392250650214847009562993855314848737662804168830748903400804476067 -1.1003331845175750852357660132507481969240717547411825633329828593867711880784590959491253637951436771 0.24281440696258206313323773694453389703991113525703471793417624468092352296983807007573054512367450436
1.0687089013259156330325885708035736242960966833904744695294500065659224099543712896705361081296839538 -1.3438053138974859576428779321343410636361889377126787641039635649580748326190832745884351577644666159 0.24388617271280846208675364430804241683897763308750257383058665950605784889533176864100234304468048973
0.23123091592544431975094073608573553500479552809227289770483540675936090993688276562932247831502092799 0.010373121820230425632021207276755610747346491660491362185748031770682796588699650094632113796394423134 0.22736383375809289392684256244132534798587230436184298813565337197993458169729789855753206263580919009
1.9242057546668558400477249589042938966356707485407887800286223178322925106790195980952886790357798721 0.17339869338040773596283311820342339820780506729724002818762533351273158266849216696460827144431145844 0.25478996161776021616430694660854555820272304470618637352768908717132365321308831510279565435861727172
-0.88692726416876453899851123537720170104913304616157305552448457295139299695174595251908259630666429595 -0.65843808829066178834835478290632309357100395827870434788810296404185439518057729223652563330917846457 0.03715049285557036416702065140359903410041380175146291680331814676663307203268054978119183407840054633
-0.36050952945250060981367672172292739648946649505580383390844465887274468314746893870754775165631732188 0.37144495710847889970815958642899543189424421649203898490864213152916009726141469304148273427432611518 0.2554757861882766922130871036471384574261566683324440147434258381460328400804154703191719427831940304
0.61345331358623259916918538933033511892580073438637384401172465536686278855327958436887771200148174863 1.1070565635776171573305273985992730683991831754797604612507663142616452750357718392994948149133859654 0.20891074591881438779329882762185289316149151273261466261949786742170479981629781369790073607531988635
-0.30096262853026828582794286402343763097877537324780722402383293947421179172063717818894127792302000739 1.5919813001538208682982233857582137797622211721659871744419614721252992154365276821966258455552567519 0.067158496410205254598421879933100203508527143134018402343565377548570613389896078074759312735226732422
0.061219017932897136962388794845437248243738246634571404888047973672825355374297645952502037494824296526 0.083919437503124356047796505405019869730380156032327510770673660802687827718269442330839648791668853243 0.21341889681728777643645909679201187959771765780852306679152958227935358486459143083978841677297865364
-0.052026694810592688805201059677927960146130324951085584034658767583854808610037489848733114018991766567 0.0062174348882874916591986861520829537825022246858854120400310363392852179452072740690057319123957307387 0.079682559497636557125097130048257749064511470201772101204538426508567069420639529541263105564536120495
0.56393682864220542942399009313013231247886051540698520256672640265375400039586074855940345916417784053 0.86258027252292870208254066909630496815579478784554865186770639825133976105054649649762932195045715467 0.14872098727643449999394337659350807772893907984702740214396988509597737246560444741399796346382596129
-0.25076816537365288865050540737981676981448943345274578219723210090824041021673489127048466198828119055 -0.97724404069368430369978640220892748526728039817889921072269768077072484264508166263301889722721475887 0.10978735074136908361464043635613793144724728286279065094848385857691412312005547227966979864244431748
-0.18621834733810932070360363952477217621777487329550440926782846153005596256230287000414597771219027235 0.99678675989817981680097131842059285048139794964527346046247716552828531521591123227879795028983496181 0.2616829264975001761655322906840182919514425431173866499746955052773912465347129925749474736974508398
0.68737671842999680824913630411773086712206575249243411150681954310836083882399022213609437996091399303 -0.95601128175089430028908502627214304815557764355867649000567766714221752460588594577038992807452013737 0.26100948810598199488399667270263241188875654859474865507952743085024507087294155986821704076193316549
0.090689895816200714767492340234322256228155987209724761888640534141477366888008161131372756461056453703 0.077299618752570657700850083987999609216226573807079886937505487905702428840585777841177059262848305903 0.058118560604707963162450248990065968854764677328580222035016994465700365511147318762765333080379420492
-0.081522763440775973111263779482506379877528709794482511888979974325264614630791668806743341200920024171 0.42708058983079418391964465745570185742203687880331676589960807968604954805447716344867979991393893426 0.15658045574046176177422950442695029031898880859306872438038651356201345114611286119772507214341934896
0.30151380825927776751939229679068580898530114643382264735033824535060615581065784586717913101470033623 1.8694981199078935674879728819249955093740814915329881646099198273029055697706476645464277714020808862 0.15016592511442863326902079662090459373641696653815489041837018460030819435148597704479446329530323943
0.15793902719271709882122000434552277295783081939980286928977886603747551422307716851518242030182704958 0.65964198665868753493110569612821518417366423274010271138454402276396069354862437506870841010307013835 0.083916101785872970052207180993166766455245236807287457111639744884362175637103557652449607388519681305
-0.026734831432530768898216872440565062410196803780883414472852762330374109676703062496842486620516561204 -1.5198690906959423045828694255425294542753104606654963311177038716252186506350304478356924483856397468 0.1474798134651669124175438084740224954735510478964151108440673058858336665243958615087611910952738147
-0.7936644374681447776825629028755500064535719727054164695793267924859189577369409530662216769914582381 -0.30861181112151086657375698991276706947431841413117459490097471630332918844317657902185294956069139376 0.023121283922056925288580850331365390730343332445699942024627437988374122199494515556350171613102596989
-0.11499138954575568931154274422927235365293583892895277014336501439398935689216263517311801316949577526 -0.074851058762627190555929040584691011501709775852653777942205146128711122636393884497976666367773801813 0.1387077002381434996863111170841945545516187245766155080351815737739394538602071123042563176581950639
-0.26292811898768331669266856189797197929659960018322566155267610505122482275623426699902875845025648596 1.5621794136342683808444666184537162271055382493804143409941759905262255743216171057230220464240022428 0.064504523807789450075328059682947896478048604378564192103195647494253872011232684250886293999357674095
0.27695956273644359258364475676990253513530013917345172146828169286211735305266781140160321840512338285 0.89208212009574039877537074832961001890494334324411449163786657330266752117425230864529383507647621429 0.16478480693254194188307392530551738897301070325118547879346491408627762443951554408116164940899101962
-1.093755408984791692251423467244737364344918706558900064430251809942660398953229041142641352985036551 0.90185830975651327085199875117015120045584624601547739441219035628726022357887665729461855803341777277 0.083482592551197871689258228370822497085012482112750844152449373347758496094251015275903656772548443
0.76350615530511291829682912110361044699554226397703875388971778474881342993938291813029722021957601233 0.51973322017739861370747584660473263532749489665206355366660222087944567729368278046475456737380371246 0.23141170814580001843439913699479376558827604598231532763099799780567831757298519201993095713090224745
-0.17983072459544062698563378831747404377152614668748523140188281059865940679800485603788479089396876404 -1.5122242847423917273998664332387885033759114851571074686180264642909557801606192112276773233633722585 0.2377288740433568413055714597529701708521512679202158431964350491214137905064098672564689727962151058
0.14006196172718037002093478580577316692866368763139147490426715130793984467362716396400018572908218833 -0.39806341912207899858529587583836733625739685400488945251833094791445466873192310427519278955632412458 0.037112614271471432440662570637277221383899577171994112658089666162105615905543166053763381342741541036
1.3166296876279465410260375157992191424689716142840749129517879223153551178601516613816328936375976739 -1.0151877356317133889071291780386857857847486162606961323239061093622549499027242660842027186316302429 0.10525734398258960070966242617280496609317479995476046732608265055566787439361051789765983024740344067
0.0014757201839757314586261786357461695783907376498229981759814101950057089443807780488361245793725362916 0.00015361700156583177976780657852130053126768506078580826738649589906423563329033175960681549341557537051 0.081672784189245523831039573351651221955002879396418037148725958527312378458990121956976451425939590676
0.63279904219485699272322219841565084472646279203231248570248017271308749714848280870188422841815669502 0.76070269296507356013144106309715068219072123561539246676643292526601093421158469297679015928570139157 0.2454928865977138392746315161786019144073715027358487596364361396560274262221618244211287649704399291
0.74646563211725386821641542649021665125072724465906173040063712439603057338554297699618812182286475946 -0.65591885301056128263691923099478485195319216310097422945462526466088939603303751321169136026720151539 0.12622297942215319216346047505898356690921965531836145057621133469241472194936805432549939007753863223
0.85991735616564039096301099217223612220870971369918627684200981109387389751520878157199707156356870191 -0.69606618185268908628104374281284226687214170462736307795580764525034813756056040106436165973048236276 0.2418503099183603576133482446111138443960260050499314307423412937156781538813767949132217515801409008
0.24762516659966459284093492263577469033283354436678534311266939289686051863738516826105547125145023221 -1.0889706920221849952330464698912229964952145300817920964891411474099977101829765148007492373103996618 0.17087261250039163808617640256477701750850147062113669942130110385678344690399401156533609553818594099
