-0.060509030924504882788751793414111813844925919637460322176905417878422755695889353430181933467881711717 0.46115759606460067126226708111206279672636771350653969223027177111067969943632098671077492552438447876 0.0081967637053656469129497902517938408917295544017254100306047301002924837242892299609825465144081740867
-1.5562333866699334626581526928918129720415611760158679243807163058267579650714345324036528278532327692 0.62368457281635342756153463340395590304346450340444041639149604319301901987143676046778742609231357566 0.051002247775383700960324449290757668830049415603545103615131402992879931347144134071054801099168118562
-1.3963113526637988227917400466039036414790951329504524274157481318604167651441727080366439366837363711 -0.93997945236779321520985197252343828547166560305776475064228229712029306724379003763947389896382892495 0.088927317769980617174072032505765089260895202526129289699662483686373659114958599809577054381104931207
-0.48485291332603297243802759754237521383423810779792097214124085010774498672882587078373907284781863166 0.8493306685701383273053589576274523772219104086966579617975925310188757081582792315694432337692916471 0.24067707849512726859553251461767527017929625138499962275304725372550493936757459740135305343118876726
0.081310009493714597907720707682106586048065022986994065905179223454142192249650872300924442815133213943 1.5550268168393011187765007249242939296520693532773761502949442569983242436004791741777472184257872059 0.045857005115934589483707351815061704619469164592723473397633946188107267426507136210691174318339318504
1.4839022476419359108990521240549491698324899545284367733562146452631245860295372093125223963224282955 0.3395016998491602512435919392354138779098126439766176927784829035608606277575908639539507701300314143 0.19201543124684791751598336024975885837233610624626867564199768915805386049359056326218271310002597164
1.1270858503682078971504435923248065452668126463093905465987441987509117226773228995453074813448173051 -1.638909203795082151452257062260450283905174437906310366463136620795641956420867918682484356584301115 0.03825138969239005468925276062834692620853213878917072058879868581464098076960766167473900022320196975
-1.131173463353628342370488954315222284863752845977809298505755368453333906516028247898567253624065911 0.20866234829642153980235391724424154564106142881486355366874377864258756117639613410520501857976765642 0.2512147490753206599217599202253038347465072196276806317115974626429451686154811481530725766756981399
0.16184734151336552033561904378174803424829037405854897261212440322891320622137643924437548215375420574 0.29236184118476814909601703992918378824544032903590649583377446544234834183096890811856058504988801125 0.16791801509286312592362622596808652019321055738102723333239146113378632592488083974012678525582023908
0.92076741777835248220482891325037315952528579937651047124549283902376591287508290111184943482590338754 1.1065075610932035460190134640126791747707883264997422176905121043521347134712660727815089363992835295 0.073736905602590920605445506410407541676811345595505282317318813676487802763614304294530721935246653493
-0.35004078977878426284983215604064504883830740217428468241768475548859229663944511303867889670509225438 -0.4469167459753244781060373820244766825728944899965501971341313141387769643860340988014468117599814907 0.015889237282607754529694255678489118848346665309409042219108260111265689762827893970208859065289006782
0.024412909367475671153154965782591363173658123428292139747952984432640316343271263028681726302855666528 0.15649392192078446049879930069493103519214056250110067334697431142880462094063848399497160555048182675 0.23942194277639914514832727253896073634022877621922066138021178183464610809415303225862711277521256565
-0.77486976510668341592048824027432256374779220463949975465482068140193183900664293400616988669074282226 0.2847177911182068302006128991800725021780505496737354250439254816584002500142610687740348599109654269 0.043492848773355310948230275512877751458923163951382176642520409671656079386808860010479507380221906438
-1.5320885723104023837181857617041903418649319201259668634261194186777262594658456702241446870477047161 0.025000690078757415190194647460180425264025899808105046179829057868177408578074153814297467792680991377 0.025612549468708701648127743981191123311182201023564297654538694774689735509652117240779483865692789868
0.35393449708479665826668112866613930863535293312282135804494860816419661444831996735002946615641878655 0.47092495317600609958611196645170443783507056683240436946684054509741756570175692699786288396725193576 0.16084279307433221413513441322588771781009350294254220712470606342122758729812043411357065261734770683
1.5834102974194809885439952448715082360154906246277646221402323855694899657927152457997330193663212581 -0.0069197108348208394281476172799441301789706527940535216814405768699676701218854973986298116161164565498 0.076688364702947965729454268156656851625564485342578411720832540925534726488250259612472629089933614819
0.093576193122548118259521049974621347945884132937016757022636369758697281958676606146464066398424882248 0.067816011942506685241833874457830381726729734079159920011579631134247383290286200307812403319893444733 0.036442651092811305389436657889396771285072405104800580410367804053426524453095174439839835957702100903
1.1990846440968251904955046512096456779923999033348916858661078836911890864918182197825096356750439389 -0.42273373812393765682238007835528835681532203245977525295995641705744344840578702454584915318539707763 0.10086602585632443818952606855638680631858407375816219312186689102194733232800893295038889111310721941
-0.27107297115974829005694531417573711896188393328434454466308183147063702759314655384235762490609950312 0.63794282822325063630294943551966387428658615875087624561752435129564550201294027983282160586175534542 0.093832985718573701903257620292834872578012327152219392124196025194761570401644531477634417279680666592
1.5873637882040824890990060745200657550022273595002748714363356615563620666423700008938154492638141608 -0.18384875739135778318967037212558870618957039016596786411601975274011465129313488090831249410631496517 0.17235580524504714375093465555403943727617049623950310460018317610625291836322969997913088878219978312
0.64292614369436456288499029255499811827702619049250634338720844439190146760481868326479818073688773217 0.27745312501000486912053427053159091214998389354097923294270219275476958935088716038644976626375473939 0.22578858536053642738985249897738253801680667078345383896749319704204981557947926252241505234129600207
-0.29536135868019799988080628408478225342908658657323350384671047895967503604976980364755515706192912231 -1.0842599898336146562994626144338258317441552251438483004036634012766152935742228349189423200986236226 0.16779338817953360162982181927048758302344887347669072372860526403837785978922860053717727581657639927
-1.0055872512232720656673594302311993808096016337027821574481290324356384599630335247618074571075855983 -0.19622878026386478078659546574819374378579940300071966644471384641612810893110105450004466991867609285 0.1964906157738187368336768890611799524072070051723678200407454615485860761058332527903021706154562166
0.016175745104340464470511771838239063706913588409378451277717839178001972177947911881308803835083664778 -0.40833632446127402725418879634955746332115817907877857701225326302674387377960146434032442743311622153 0.068807330292194760319955301463382860634351972077859345050362462818350124020109469661349932734205054383
0.94634761833787611427100615782408630593744075989912347102981622119353770429552083059372637853175744288 -0.18397620568205951966915338507204067375227736410781393644593846076619295837814548383637033146815728244 0.17849389602034221604842362038216131509285563456175795089249001138776004792338260007456950647567500668
0.62274062743291817868369821816577359311067407307103340264051509769938097560620633012691836128449125597 -1.6352475069751374736659637235920157416126513670215302651160212938273097592591543491483278321819327464 0.20766934624932505953924401305642837810788281622545340681860446844171549648252645723390091510939699318
-0.36334951839047892164454475484836048275954293855013918148535281133149010903419159964557831731319506275 -0.21213862639368111822776147330585810549479587443562391341651110585862215758838413058551229482284965828 0.081174008322697562149249292901582696052864665357050546318596923117515110634131196905997435081678839868
1.0828345841502072233758617762321380417511996062161304188506895088745663781433095994527625424577055325 -0.25155897778095955324010802047800626707467034373347855749429852899529074398158513584991100688847146333 0.17086504960108703594182835311560357768964284576771370672535369123075210150250256690367120433318744901
-0.75165184893109566217596771390427759024363274416087835394814840189444303201623536980323104256885935734 0.20604185332807768052744722533619698922366335603197624355407508175400788631507476247731243925418287308 0.22739651286009440392230371044826839846862533426138818395552676428907567876763932793021685984793151777
-0.84034058819674037034289462885808324657799763393366776581368159053384960699438312862029902990684658388 -0.50888187772865274059045020194681389132135016920548570693154189416077715891586763019849428959564890283 0.0062425714774223082934752897636807239335168613023713926957382119274888682481102663828958955434439412982
0.95958029074368538471132203639028221340814859297351876228777824514266881727873036195553972410549851028 0.43467886802677820525503294706937834653646402430441122015853759659190029547842133996359746811653944318 0.21302491374484362371944737596713598815294690693650837481083227883057458267550663071222193976624535817
0.80067930826650185755945746714186401648191182819038055686084764950143716505134410037519434089873056787 -0.51101114445602137864736908882163459953491704098095824788292492304517593110703213203585033077836884884 0.097371416524074811343780483286162366948547553539579387883441652645023111316462749540302495374721934483
-0.97618841792445900657784695325369890540983279027534694336721794901935956485828146448088204650122790574 0.462076075535500836449894819054303213116082535707684719525381882245126766063480294137249383652106931 0.20512596572948362051264243154367416504951577107028087161462065571754869485816440447869997344949335276
0.33903296229768901951756790682956159454577877991690671840467570191016627773125576517036843527686709342 0.17739752489293711963735922534897710687945196491946795691248645772388009501720873484666533042079574023 0.092550292917686044655185213773796808173518439142584254315847360680245425408710157101841255719940631901
0.91535543687523298645575816924410053952258788785517263440898214150711082823893089994118544868651835552 1.5451596916620400677325607633062310598684555774552986341943987457512291989963186259065011668069716404 0.15361428335247431722597929450011666362461866335178017936664210444504303235903424063595393283299228954
-0.090984249837172333650884360118804788785057487627977382749489215794305939165547641334502114716759239986 0.21293357020117043581948932040238853928828961090782686029939927010813589821594724502434971654503787927 0.13922885784444102923351469656855465918887465997582765184313289204888694128338376256440423578565578279
1.826785682725010828152795626584882339108800146532825490420483906325020121954680541828387236170431709 0.14352372940403931728645928373028175729514057607199288617320065313122793897207599940225359853341418983 0.23614632022614324318393270756824183367774795604985228072712177011242355155602477486509111157230473074
-0.37518684734212064322576758398679004301898415881924686887061172925885101644574867799636620134493515517 -0.43643086368901007739281535133139995718554712332984695866326752785386283931438338636935893050383614454 0.02662655114068980245038759288496495261669408293237810357824435749170949491595793236474616236595619982
0.41668302953413991984558121258216224526381786757865176858645971437525536582629468608027454455437155168 -0.73440031934612189730080023513195168922889713917197503305942506687455142344181924115018769099175055668 0.24341677494469718354470829211519132608308592033969828629995911323581567553003001470182630692995325956
1.5771219240259984055320990013531502411802725449728061793489166306296583238740981088637817804605835917 0.44278208225154006739328674344560674675375355720606654322754579906645516703457344072661481352506311476 0.09734301516735616306855454572575309610859472228007438344418406521086234848640444340525043185508155095
0.016803983445872094911901739887485449764094773870607910239973886934287969364422020510989723626308352384 0.0050176352637363273475242012103195346208898191895459450905036897494126210665751175333663637465778146632 0.055682075442142481892807165195104915808228468640212940837172806914716370163862869583037150327121125154
-0.24691390793404170536844587411738575401623984017937941245902520520493870148460120503379970464378895377 -0.22513476513428877785179480492836221983770126427061176402732164711667708235336018844468986682740144815 0.23499079735366278826484291985363165101437564779271551658836146256125943736112930848431224961998057504
0.029211475694469682769377259361085406944764885957040923915825025145824954339744796160542008089893541703 0.11836814957804703012239208272037599157136113098166880881540589368732660316832613165333975880018896567 0.10516688916672308706751366345568101341477245396606212187714281699622265645054498741347026676445532759
1.0032467456297924448475253564986122014448109038171471840896479426189486945886916628206016894945373227 0.93751389607258227457709669169406821923526323790883687185843857709755825515515784380259175423225215224 0.21674965962039535491848259619392225461536195483088413335871193196417107858995564290174359064252131193
-0.28915454010049950954240177401463397109995765033391866519329520790105135176446243674989923260781993357 -0.17407155046419613560334782090085151265199043125900455573833250049916118633322006531800191869344386316 0.079255205410421289002544024080996821782021282147302884885286740078252159641883374146174268410297049904
