-0.54893562841243091397210001832961664935807429125410442722900182767684011528150137057535163256673915572 0.018379357206168272284752311396306141178381871727662005264030386078457566993754528525837726906303989451 0.20625978065914210239434921801557189036370853459986834011820236040291520153845017332356508938376677605
1.1021731729090102468598615173430831226202971859141016915323722304947539081658938978256087376452057058 1.0735347000109469239357745350960853234454263866186761732184973253031532702737113209312056085651298981 0.16293263559911457910748871529745401341704006226532655646128682154846615893624141495834298867324230495
-0.21739748606324794450817913526360370121183370250455569734135882623073958070597982908024504289073177082 -0.054963969519190330588711535985655678467193229705126640085115368903945022582333207396905772923435106717 0.19307590767234768991504834703314505620995927749796922371979352655643103450350525717618526101547013562
0.31860454712259660707851366114283657497225323463455322069363571307722196205401286569670306459454169043 1.6224751814117948767910613515532172803095315824303591475576282976884452772162445680375350198776230706 0.10675759118084905849820593964360905948334349880583333178205505815012995132137337236867836752117736598
-0.28525838907230245324797461237857547735203725700098516248227640020429089631306514311533073548464963016 -0.95107383169415101369345207346616056305333599198183135806444954719585208887164513020495598396421374824 0.19992566740226205513233484836465490326585634149473019285829017597680847362854082561583427168608841527
-0.95136762742087777542798352304456558118451653506991066468272402588305473838980154233099563747931979058 -0.075367363295862514781922710873319890646550031084681064236732863745942359683122830268773585278669160469 0.11930010430807107600796433545323647248273938850878008763001338221852039194416651782875194823397219445
0.96637207336022527866972672186205739875002870223889925815478075626474259620151452173850475075154568666 0.52578691541482286447247602140692496776379940208933513398704981718018567943286783434305594902606077305 0.24343256140871561578567974691313134357197695472221159403179500306815118125106471218967265529597136749
0.34283750209032970171137430985538469076161886618201004453159581288296769461485222939336812055826420709 1.6687145780330753527090733716775051518727495388216119537484334938605368906551571290513587921960228291 0.11002382467087027174508729472683863600065871263762728911730864592800979043398041856936521316929379978
-1.6383953580721899696691824543334708500186027942152629042824237380949297430508106614210986214157565924 -0.67461173538134063072736256536968565599097152213103095864135366723720830597369983905561753745699751582 0.12725139483263852969127414770613611823544623991332727889020972926766706837813159724397119282851281375
-0.38490227936957547495511812398804773554474921171426339778410312063234958736616578511944544348463040825 0.87153660022700287871170655146149027708227771965455421810400414225691399012764372386405606712448982584 0.10539341432770805024338833590795679351732200564180797936503025615027426587626853662828326439884614227
-1.3870545491821883866811736903216869786975878425359723213620107445687564277386041545445332302769130594 -0.73789365592219444275496513309154485494806009239267523888519768607260852230093805139407054014875824564 0.068660633232118318467556646618827820024138788045647154509255763382007518943677707735923590218157744775
-0.96787273265416092025801177134716812885058224866118543831929632191819715435753662784368886191594985803 0.037807627926169237222490489951572925344098120482672295628849774053165068136229453752772201468020717896 0.12868940945344791986999966377013187970030739770463867042182086524834238291491023578851962764157098224
-0.02072996783532051481881213624127867806223870458890397048258346026074629904966313433288147496751547774 0.0061769330750292032186370390347830051935895639904186131949402922398078242217368712687963299778342642426 0.10652073330361314574933839131558204850195483843869455008943480371351722267645818805863168964067145036
-1.2942108564542148834465258004869564752464679381298274959388369762057107089726016739716451633106990632 -0.97932966952695617984849161228227588863107823144972622195251954984560352974687366039752983580568292307 0.23748917582773403685435089860172731835334498189620158656378740981382760119085897141098820085327075146
0.031184687178718169875055325338575891466049849898357379174460090387705601045390659118952130616739344664 -0.0088733075766230275058894194584163488172193764354523217056996062413102617933830594763377790064225901823 0.13791251149899814088669543116856521034486140864621415126918724340893366286955958418375741713635832854
0.42952680241351356393566160276470187814495273913281158828170845741666101813825542299979475135245673255 -0.99224149752583615299944518446845799573797229770659797957085891338368602787282210957503686499771092575 0.12253216103794568064460335558484685009354539088049266332504446205372977762714737653174446712475025652
0.20058991867976501976803020680478316502738764175370635693609429863614427529415937842011951197891281123 -0.33660495034796653237648808531340641472304304471384213685916808036287757534463543469636861172507984411 0.14940923486999795131361403370163597936897606183841885654349279195085046430682780960622663158735921714
-0.0086325643765640732934935483706138591509662325177192177945070235425487204666582694764584049290900576028 0.066327471905178254293142648255939289286619629911676736626576011758583902102801944290992994697032563221 0.00054061739763781404641227697572959249562746371683766464609895532010728617503138219218888287850788832993
0.033813424475580814677667480740848146205778515557548963828711940239747823832563434428836965104327969832 -0.01357642449614875921099052864111015380370619544001962566540964622131472683348727221629439637675945464 0.05217269717377778688566419845508007982896723393762628323858136969698527503011139192457334494912999123
0.56180221262871154858468420092616031912396896139285985268095183928615298093362559919564653431501922999 -0.86493705422236604005261455402606982403613852993448194411593155477391049738418843467321463782463845487 0.11476182555433473899577961654128574697586138162407359669344337664336826239589990747133837151850828958
0.089176664627356502792378803045445026311351166247089658628311403570745492727970007975268296130115856263 -0.13648193143522134078868976280897970329448106769630295696558818628923015568455761699651823424389569347 0.2618631749192124561203677339186536529219850703515663587207577832415945514584042482888704722844939712
0.16726970615757792843113017062829812926561934106919843679078786171270721282608148705613578584273075161 0.76328454053454122080666000525371209878343811301565425364213097172431703481473571712528186846083344284 0.18574676495526450597591303850696851206053736150533090276030644660800337870071408877545941804008799911
0.026732705617641878333558398613505495947509044170049222682503701827833382596638753432295554714075200387 -0.017163522067334643347846553928846905788743137404359205257902132594998995481128876332691264710049195455 0.036162453484825651603695392700446306500221945026487106252286548544865292235781376929607729595151869528
1.6583133960284595028688947987016688571192755898529724527743769883232042601137335906850676451280189928 -0.32269048696727669073754611974106254685334221307764049997649361023807189307186041291669552897448273952 0.20799518996667355677246643507811294474208677546357113837863130458759902744950282418408193098441940818
-1.2805571719020861584851814984288427722457096231492116973610377827747603320210252350674928588976231735 0.29891752989541384993538672859266563501248106185194045714283304458583040669622883180437025431913293156 0.26907471480220059514589846687658692177939681672335824587396690071644931274035888580727134768122018806
0.18251092711301476113435918452161059756700833853958198414567282374066107819354877185780012241540532653 1.7793832813812921657946200208768435439438585662502881639161653932636815940481349263777818803041580708 0.12352323336345609171899176759136901434786952563987834182072764029891638255172924098256985324059671277
1.6257035931081098490451292665112275272083900433692609136948217482722143545126018846605163671613984833 0.3170524952575114680225566530023318005639274882117025310922221167846011793265708938096651281151178939 0.029402998278785212847725634594236903307697548219103742658027350189021409324590566657069156121802152827
-1.29416167694366805279804324699506948927702655755004021391723815932782661605501444009288431095414849 1.3631739230307550381819982467163382063682915965656523311389233900457646409031463911927385103851897702 0.022376821676830854946921448895390811220437936382345621952681279108995319183570536906308682879512672075
1.7386284792615359213804408596285593521749096960998786113986651365673419461049843725269634030587249321 -0.51529577045787430206122106707185322198805554404182237187654445242300788561489491189626566191702570508 0.27478548918341804415454811230239358070540332757206212289830999942798525094557550692990237482546426556
1.0751271830003544022254700731911947525340959878071923937184143966048165868067804469081544230526861484 -0.14431895197321195278158866492187182687370237629276812802605804198339041504292927792198605357912543946 0.24462111042204760415235399752642078543639649321442197103964014648787553481986453495268649921738858463
0.051413880179308828589197970333987029416810064161145317900145397316292990903336941377660199295263984562 0.22355006623845606707410983638114944848607802660863622219070159063473361474846788788588640531669806451 0.25176178120094029616488622548701005240283643508053140718668277273796839594681466373945179754442246664
0.18713643169201916750501372699722397071287497300783158727482559593600925276055154896417548698116450105 0.71830378885600642341897814924023091369892638438575728950409672220402182825754018779059151357026639333 0.081324339411857950092243535663469210092679750833632862523021784282441679563785665953800607435522605872
-1.353637433682218630240799397989596334288236193079624132171484119820324961975181136958261206364422954 -0.059802882670513763022318105548810662077752057970877836341436546480931988664297953333543430737726229881 0.057018297869275442757036179904397766282994221307020158979885922742778550944191376850054271142527703966
0.098605966150527802484919481821025104738899789325490934540388335352904901044501699574141325295830591247 -0.0043373323150254997374084971520199772415166958301529759866647948091661414943247351627553830063637106902 0.018875015041540645453023865036825968865881365020718627971746668449018618319742729639594442739899981317
-0.57020521244217771741222507274321601661434700427152406720638183730140230527673505161521141250214681143 -0.94356866748214453988582677683299031734917254593373120818440736800265751923552056501659625735732708024 0.25541981927236752723942275343152617128231957300272493312639640330383261700003785830300177569262661804
-0.47031294455910664094791596530782850330595445214401027744055505735069792407894457943321395936439680125 0.72417177738368617517626807697519309381184006416122096651697535529742837041639055872170633053045672931 0.16624147040507846914601761668467664216269153652651873586811592057424136872990381382945188025514957561
0.41007632970438105431701437036432508743006016157612362614188841771861934248662947725993414685606597505 -0.37903248208247700423484768660535437508407178372178779630180581450357528691376071212805539338375862591 0.25638569027254745399770487804109157951941032824044099289445492443703711646082747020165080607805774479
1.7395472673037506854095649226030761243907646865456351247977370708383539665868711536771729863302879496 -0.0027053534512819644071657765421980343874219129312113781783817017640773702508185235132652512686423967397 0.0020430601874261204948053561880763385257387995590952304233075168097397826990911125867438846079281808124
-0.016898732193854397750066682166808784277167521597937097929404512089456106780856797575208248011901332353 0.28539180413467090195157458383820082914853289120470620535671101509223657540807059032905238494408366578 0.26893063437528993871706775916462449612918531974386869855922129512223207703900435770418018142761493182
-0.011918505541182920475009562534438889214867899272818551345825499919443111383274976403516839221496652328 0.031615376289156640178314893024404983969513848932244012862066690376687190718366195881955518947969401692 0.16369805724050918344113775096601468387772714960961740002073633083084443661504278533950483382183163517
-0.6292939340116750882326722951470311441750572626891531269936355784690713581909126434076588536281899187 0.71732766315604426131121525195732903032914151942477665744447498710523404460643956964548535761982469832 0.10171730115574393164327369774529518041078338548548293818725770537076289144540080887601047971408399351
-0.017341581026957604688397862317565767627940242460161408190271680977537988300849316522290162829588463382 0.0053429162369094480657849964152457205313443490032375710707304514479749621102837536790603155256832564443 0.22715399552580948624847510142188497161882013653738730025045468846992415548610619634287739718359623092
0.1209165758899118602795529377939889919754249528325590480258146589454962011027685504045651171278988555 -0.13391807553556016593667025297869009498582708847572109751675491938953284412255182416337833184534536492 0.034256623989312997178879944966453774831405899551462247403880467392781205889638384639655225004656823295
0.53837947109278332806777686037868888718653286954580449093642867672135465969480792715196622685019206017 -0.14339329423249053233694350560344952365159378280558915250799603076346561895476467846663214810563830883 0.2121348616487194186368119281521470826619647747970878428147372576523039499683693365899025569410187104
-0.96268385799209002952801395767874909673410248804579296034799645971997129839627461811154493274545667278 -1.4500723106852398375163382873899091602025351665110164922855004568656258271937849017694488899859236134 0.074395512447515363295152332572782145263238813989453915826073620126043975146587092761796251023005067975
