-1.5994957673208177557707402992375764696206843728597128929996008878901003057470539383805630390421251775 -0.34004929841724128897556619621524987563094184514541199971094697589051478392469692933173271734347285309 0.088634931030027087669600380863968443937327111719284250830411054555299141750909265004592593229745146403
-0.65864466453700282471147249576931613360085940297045224327308609451766549154936852457669510277024742847 -0.76204045388840101221880406240342976560330486118386611325280259557819124751752483602122236256489232717 0.22005010979588800303482678840226873338067644007622285318150107378628487118318658293840841580093898415
0.35025043986724314838030812376832641295219370380278731923175622416836142755976383070668606320679123211 -1.3254555420030086897228372770669993552032665702747964205680021262126260998976719027818354357051958138 0.19118808373555560757384261510857541403158466109483368711273080569798465717324069717488994891412419056
1.5713838825987241094831176022488719737106905833502200772106407260526862107287849952702733055326937539 -0.83895052916801664056346958745652206796593142333786133254130579021659617082811863365112800195693698761 0.047754297157408300718068220321188150525972251709450972863365581025822811565617326494596449646869728297
-0.337527660788071224597289225056509160665613417392908245954115153388288565340866595915831339637944532 0.18810001290972954033627666299696048007529642356483813876655243820394388936365237779094413997707816413 0.21695527575924886820357022188730181083516208061581253827603911332514010333672737319492042718876385495
-1.4476701414465949805737976767247874372967591959345173907092871828753019570763498503497584717654980509 -0.44389750735914060200799187992539872178734742555076611730664261272963192292737378070071854833368224316 0.01293835306548153789502068766905658685321630582996442580867336402649785571500459211622082846216901866
-0.49256914502510821732930321339315382584663339140653699486224539552746524900325032057774511521988625292 -0.41569270965309527059005051882386184265638120504896560888171049955409966850890025874256016037844179734 0.12489267584368410589321214132861770586400258534934443650029593273246554501356872840272497729049046469
0.5406162787821106215379943967054380661755848928495836841630485139864656126831221506482127592627414931 -0.76967809543804590907712147992760231749817569396080100651150837382718668730375292261072424042692121196 0.13317802043461295489264149132711078936487711219720538907536869371930264146326780473341262397426409386
0.24145929813545919808763745828213856219501782444721878842431895374305988003840772014473583876430431836 -0.034602944464490023546909743971052428926545310184240240530497104982941079558494521415381298706932781199 0.18538683291756783633652311783042657292577317247641734873215805644790530002801394733610883580434865919
-0.65385138738225777668867084679253516437600766207994875242313394109100941022152598338505204300958239577 -0.37358140284634684886898037455079323936107866794937474045978110210285248847240304981885840505348707729 0.020383317896712309548583607179497785834940680757253321639113355666529532111902416380558398097431402178
-1.7684942641016996209071204859624446898318758377270699695429006187224751605567579699541480623136704118 -0.38865000453710820168371412639532662226307709235085043198532602330405042009262208309984972650911034271 0.11963922320647975379634790327721794366831510762548937821223915426403069760782414842208046403626518996
1.6162379404336359917063189072320744460061346524756828178165031761039173061542216177360082131516025062 -0.21547972226708335551002661126997651527231028126171362208289014604403349963069902922751954527676772735 0.061005544384026066265230079930540051145380968832252775564336451344800142422470440237801092745995768699
-0.23744022308589096033921420767560961584716268525853356091688862473987271645904009505177876665389879176 -1.7426924574096442504020663406896884932786174738120144016219286827491002587093499431582451978976309116 0.098428085722462640184323530611210528530149529820722684802766163541568481581803762002753901842791818953
0.16740334715813707261061418467510746853916917586304937879266562910700045646004993905748000947678554276 -0.0054670604387535963043211317073104430566397795344944690438137279692439769684055180289701079296560078698 8.1109166671246535902071501532381136040745513621471167340749014850022195263840635512113930682661080767e-05
-1.3780721935328090679753055205415310209531296143850803754971022068781983586298499423186007233990694456 0.0016127999354715114643657251623094381420442316421307485563059120366817653476386641125806201522090461581 0.045696538780134773081126598549364127008894480842013843462970081050270288999421205453989279641499664194
1.5455871721069074502668128060640306137926442783949601088776412889072660566965803483414518609688066446 -0.013973295036122276477637244556936935057612997503475844443398876395964726598821958603811859273667725831 0.23336051455479689725994201769972438142216767202154076521930296562474415869550040802360619105341980557
-0.013543552027558930735122822900665843945456120213582905137532628885305287240206495862131175491635934775 0.39859397723175447614247303002015731973448452543805056597253758451448964721782081904136357743194643542 0.17532594610207706327455061887356921350248591612908471937072320596362763656009339840338373019169495754
-0.53476615856573880871976965611953089877299447700413996903675820601163250192853321247770654211474436651 -0.025319580617430624923678041897785812013699508099785545199234360799332256047945283345283858638426944303 0.24628840910709087526600114800657986017080860745182325344262183142498563187249163260916864650344880306
-0.024594391571073723780301519862951851616844760014594130714160808319767333844700408931915982047321432897 -1.2253199897311729542870228165956093699834167088984547830297919439038024107393143200654989064683214254 0.10298812785205521302602857970695182875549837957440038521832406441896939030059092902747752861302157611
0.42094412166375199157045393402133202153264576769163845854406837726865776773331434347059323392137585836 0.11026732519873661087194020457642757774203775271348861276015090893043006566458061321409421525607005065 0.12239192413883995306019515346265587362379473085231886230411100412777069229396641793397300054206229254
1.9428917433807910542147873655952287104053466556907674361425094836103994994145276392058326992320774292 0.45274539026548731725279853502282315244732136683242923992940865386697542088880962332112487101954039788 0.22001963263798039080925518862354829959027395991014151240855525963220024338300257981598748182823277821
0.79504378308352700038083917126869922991990126516963722214841065279363215760579037960508955547251339844 1.5975933267800728717268663798382896639793838491075445986046826907377880164779572794831786358391322492 0.17439934973602258609862850739369114495746662634371531208920396096706484763349987798953598778864223719
-0.0083508443461501415035026433289915082522543702726835371884035826565837915948453897002913496758159846592 0.88776990806685576366450396640834859447942391305451712945135753836564228002700934622716310096239299988 0.013807769454023588925797872485303497657968006924733092975536908675864110847493519587045770760296739708
-1.2313498337182143864405724113123481825158754351350281230201094506771779542835732375461056030676395176 0.70318958600175052708062712526319996590048521062739427719461198223889670197672487614626974893232838044 0.17359636741901357858398947923978710926409240044403247106604778697573744569890988663703738439294427689
0.38426317187387382799416676804222710110142523987828543795307194169358379341477698794315044816782420232 -0.11076979871564977123001074272682851569771985667744603013578630876325124179004069811494444485086814497 0.24137127584842388435891025420463730317322854022035255161808722550980891148109091195446019827975425298
0.2508829221130393712225783848099494035537397301988757860751368532289798449449915763830692460242367817 0.21960827825398069062242431866170819493802712808728222742779763025405794889600147740403596407646714676 0.15100599261728346379395390876371857975401090326059251178294528009182233551085816211305951507830629678
1.1783234508918017317686922064848934953103666146074709558394960850948143671183334861107601384228690762 -0.52142225257402790227494405161053116693778837026780992669487566152661569391234472798229027462065578307 0.016829253245536299381370291950034898173902629248305439244785955064410840744041482197776017451556635233
1.5205103610697626516450533211419698960497887548448469249990742889703249254289973353619876575336087508 -0.41849310760018260543400774040903402339746792891113260159054723145397079784737383374611296476807431286 0.21822715566596570606778427179480921961601740415893620133256083772288539008772930169929206445637576593
-0.08012885692039904924902373529397477999203513681771145361946405079705789028219491364263437914569283344 -0.087191495151509554022721177629168634750222428186097274262726350959628047615506734807545041409536203232 0.27173907728819902671628708471743365884349308670424036589296860869090780179703201107954882280582080205
-0.045711157964508010918516754233618604269124632545720612986546078067667836108592698962538347551213305677 0.004732114161383864094656908562730526896089024612075293591477884374506929169507987273682942576422778064 0.16522565669127017539118149465474746071429671387329969055245662517515118691809946884598631520662927289
0.011560641001469346596653897215082524122997594007109601748066836303158484223842688214738140731112030554 0.0074688843059830475128376230528851945883980897423597647426824559795380344658058770821114117634555757981 0.20290969030672435795194609730167333946866419811374386198282736625273534631563289297164740744953552713
0.65485436316547771119272891227443184596604653160262903984935508389206866785632973162656338022224087645 -0.71048609676435783695724538719080902110497980891337212071239846400658937153155704995568871241737487311 0.011158822926169718142990182081671271632323842230464366919738323151607249154826437783733034375754219458
-0.063623136399623583830486212249613867466815221143983427809473985603985668903093076731308574117680968976 0.67009732354754194120284251623539069835264799889789436671990247935116271494025140651593181271349993795 0.13532165835509586998569331722778741238154266440788017863300944430057044738208420695355064361484194522
-1.1452896433642636737346650101323127707201202166834431945172506576191961599953535146597483834100604971 0.77233998098685300318577593756599665971557743666882496025274841800586002888937605598200956360004795171 0.20027173168606120726860579600775008182866790590353738869510793547048331879845208208717258612305285512
1.4712220812278850898152696793703147956867408869456253775940215225204563874999649375142799972748922346 0.36978626815492187181378803349085103804230307922647329161846895104326031133881708117273331501685071411 0.27747108268050628499910953556011042786537516498893111115939249479888699880295383100224463774344978193
-0.44147759590969946670561285984747124137999209639690480030685380685594279384477840936433341203462179792 1.9396469851471874979320266368541355331423137987143626520069800361944367720328336375724603197227291801 0.17887395790664636840557139503225571969825373225431770835686658826291950035281600748673234793189543283
0.085460765833712871447804828698170699141696009705421655686187155099016901178416570183934001982644660654 -0.31131994925386464773310066768113826024452462857176442728822829249143696220179941883975623398045360553 0.036685972410073023408032411355879385513203148311920888330895444248460697876922593639480560343230748011
-0.098024242581339921130024691369748991295818048078080688605230189902937463596738677238990524548515472036 1.8286288098898740686327585636619040814064719790900255290155295305083794273285183392108126308936929051 0.070681485171283687440496291783850300838234246526916752311921746521821483814603588744908974652282160758
-0.42770173978624367705462125246357733946205950894870171806377214905771584106731886852220008767148507612 -0.0043851093986527445330292347276316517879328458344836140308787489650879502697620495908736137352009048574 0.050517025182536021861298290993928043193687770982515628726292945151870116409739728779664255914013808838
-0.60983135183202400256261919369693433528650753779407744480695356573033076502451071280816087446162183697 0.95579093482528503826374756237336030166123493783905236021534134991573962815743823602130350824482708911 0.13774204083713240735589873431709355826298306920316110102142437043082872300362100132529620585716051216
0.84452394346759107799081905369267691114897045160935860676774157702796607920916722241899187939269757183 1.0864309192674632061911674950959127087564268032619910491284003305853824395600884419644470069761388401 0.2397655615439139298998277528424529163013293203055110158674834445932257156102381816200240898045411612
1.3863422706073524484698860892216725162720215186172776192259921527414951628785008211189641603619079804 0.90283470600201504387753671584662658529867345445647690804841349107833489475187746301519966402170938963 0.042846856643488350635886630215956201522244083906083835613448538980073365479063849407841149710937042436
-0.75120556746820471082022368966952496936598450263567287556099896616846483109915573552812178219024153639 1.0965241717027552910649425483047464175613860010715133808956611478687610811208930271676468753146035251 0.18479371679412051542780532768339833344217102541682753084006276536053998645538937640609044211270686683
-0.042021446046288933705350650908407004336510067336731543315234007823752473523685480976188531077638883591 0.48068157960313598008237205860740399844392037278634166853181259199731925229926291640393354272732563596 0.032783838558810816361981274378918630997361350764096765223178040930987594073324308889427054841202268036
-0.96511510602717971331921017253265056155367439953575978710108574355834285310803556062163291589906489819 -0.02881310441209878643890118104221324438324063232237060206621673251160309144501609169169308379589419516 0.12459557472663225648316033715027481170578154175124412442567162493198919239519061471389616230586231678
