-1.1883415103004484514528792250392195274162465222449334084145180762451974280288165814513352820605549029 -0.22462892668758418059516531580972756306931670440025287768997839110219725406081391612640101731778733816 0.20305714743492021069971301382314014572384116079562860045000811454616127934431636897687735539511345228
0.98304015739786972781249137654594307202670382328130925158215734466213760513015321886391995046670746263 0.18318623740247469589002710289242510978018512445974086968532141026118447454912223074144919027901566487 0.029129491934900249678810267401462044251137666566952873964391828671636273606698968814201778872962348162
0.60136932798310638056179590489609226380554658292201817668830563020733907767903977145703582967865564016 -1.2763930400941312713396394500212465165768624047738568239236619187744321239468181585827656364840685241 0.10387766435066145445259820132876549812557973593600994360178966188943155684953526033064140319351706023
0.60671242119285638548865773819189180750300578723126128210336664061719930997615499382838430326962625253 1.6435043612276732162841206875251377264674107863878155655597963090675187968744597147269021314516381879 0.087644150500739415125766299204244298000877121612225963391631400443627633527638420347403173069592869895
-0.05728087046101040969006665549778992201544274283629107778678281917801981650386267653645074782599222845 0.15165691469006592621077344890919199294351935215607751086670612736047491903073873413645353923939326477 0.023964303877794544849184799548844042700231586848905679290812697315295522238809420745582725134615215974
-0.52059981011216496133212194556922398584261224608412589889464752990591426693143443546117427001385129959 -0.43990809324725088071538182020434643380734410159734426949651057785800200488643092563858554566610033619 0.27040742701329669680977409922557845681837864947065932390794677465200495961704442922477198646078574625
0.3122715582117605007721550345769180873276243039081717660883910159795134701323380083650483812647892374 -0.51903629431636778949495822526009827843394215163041375248428173832902528192094333755382865724684866062 0.070564980546103609227980535374831121526997811814805603595042975021523413657011203956203714756481202059
0.43678861028979192082346997593826295208806551679194613032590310014470666903726386125540345389965634188 0.18659948553405810588921105372723431921849198777699556443892957776562106976513333067380939164837933976 0.020534985950491736350332185665537304716006632024037767572431850902104321425045386150473898689246586234
0.29927438940375980523630461152378731137943971988750858600811294770129454478303321137100989919992475961 -0.19948636009588614554129140603732526301667194269882164386542685021607975154362961083216481305618235784 0.19618018495587328386029229777134074188220190730959213825576251291790765912977132056591169661066110291
0.044007757408819245790185293793650417981706195606573835852783495513738126335202879810869102385473063801 -0.010592644513411662936137479355747585358314262810308728135450262649955043418144665409607915578067592812 0.2439378588918489308240506790262717445024234836934523641937331133087043092676227108455375521427114032
-1.335241568903033738826383246603556257521842618899177113458588450519848087283094528223302545351486597 0.15767120866836399911045434009353254110574476861305993829665318599557868325885983109323658777021953884 0.11201222295081671279836385418743650176819186243994338103647065495228995640243759097899400154035789508
1.1056952518933015093499224233757978805582873892695893691658085770381928114740712987968331726973532632 -0.20394815515758117812178019476903096097013536994565155479514304652887276467274538166422708961392886709 0.079492573359222569676902399881418042122920331378420257773153977734880392142793286675046189508940301685
-0.75451585880512026734978013998036547833048592927659210374931276270097428145299726120415094961980399158 0.35417845572291240495245156352984077484225013133424641276712626187894524802466768979198286566753313385 0.25535864503414722363941740343552192341275591096501260156258409736633186712365454259808434002016036084
0.1654614255110422379939841407037978328487704742818670527563601220056640948770191748022296413077627785 -0.32975231665290954415337130632533113782348791971297615424403631394397495093603755206133818938163291538 0.22526369871570333454899994380530580550554664490802044308265557716431318788391257550336045907428959669
-1.8661641187853827380880471941954179800133684536843053443208358524245376611377367507543448256149148927 -0.45820556859523961806277975735039623410013309197593132196387534043848784708384307004817321821742225858 0.20340188981452117292214630346924777979390471418491340311543999266138424895878277815219172067996602208
1.8846343583399448512463187937648347226429234823997754696567977606746691816163773377874957717113146353 0.58281004426365319215667293467834724636063799339009778813882298396213736095739549992654585604688876466 0.26257231806507772579131769720480325477671077115073849309745358188481807443630557434862520521662204652
-0.51764418216150818162953917783257653656608967691107199966256213774634258940918970750893567546827563299 -0.49402112063023799891963613255975378030462573931738449112705964988030482509887402523617306058474160681 0.091306172817212842379138094490783794421684465077331673043865437724060545759715371729697112001414568269
-0.41712321567998733637602660120813685085745441697717537898742110105687474622909709885072334853570187147 0.23579919912501617586030285521358122992405481463760666710187722449643932763659481946903675097027937124 0.037128964281597717556824748443788065737508773435820126104327572524452440236623556896530195889691704313
0.5457325327333857156472053856203082396562620207759505018007824113640448065730258507358477965802826759 0.74024195183706492411494132787680350837111486545292689434840851706330296869430582267867421622189540042 0.24540265110113572236558960050186134467352641120258298265944521786485900722281951299074429082369799342
0.53891347717942111150625867959768896632313925627254492108153454385898623945181071713545696522146002229 1.5926110270607708708199364120411130304018179515879769192027338326614862824662417491819333118366539157 0.12181182719319706784150810064153253427929474468751138028922787341479246992419979681615441637857547911
-0.11559677584979750849977507404286974762639081731775923436433137714352172305822257074964913234056831641 -0.053861343363547960561397743799572870090802795425603436389789560162589250887065544577000045294190182834 0.10403155959588122650471160168645300840497598902065296141243064248064212056158879734905762964486082403
1.8078062267525597600855493878954006975222096201735188397446929788950402171984254714861860576108180945 0.0104962020658571488165672297715691660731453006075393444477915365161548578796608243926897148212792753 0.1848710548715003223936622947736136064538904625885911420980308851894178041365567345240161150035637023
-0.24802718272574296535154245848282156374805764195596921616347214643581405650627983305849546511625034764 -0.35326352542002818649093006422143594414637392525214093977263614609035620466451779947427313072590798585 0.19347070200519647312133024565907229837979683189155564759773309582438025907579676255637221810043515328
-0.48339446239942330217092670614986689883112095958506873850161346913966690461707080067312045177763215307 1.825728269738176364231541936195848364276037343036760355926002151180093465994499242967598532367579861 0.11203224022386534952662497599034207697315900236604550643125448870151525451275758590726569679647948704
0.24755638233478960430954265532719704199085653293827677050980005354612387553889238347654851676187735601 -1.8823113464293782231138806276800817026407968326417425468030711343610313684030820225752863473127375111 0.16621791134843557795591148940347200938038827357881006967620388242292177188443513249220960198188339391
0.18436348052898225755624355187656625414371353096469054630806050793766640919859119916763747781212521528 0.84928280894090841355622400575850204969270964422947407883800855587772955971857129234298556451576294123 0.04199802844758898733894038247379326141639178550304243928209291336684704884102815489146064271398243275
-0.13656108701546728686487012088742439005447405979433215235741538526315369690712261622974071335777533486 0.17569193753435873963500898121748119704184723798366574174119647230701979028920908735753618611675699083 0.24050265454286731902928996755501357157559764317103187353034504696103897026325278847133025285115503594
0.70066052873835455129282529684790180012178077124641013004057277441559334561328106003426958479870841313 0.32963266178387331028267208837694393348967644771928853098861225177587156144338871490439575299874834967 0.20421984159301801912768871048466598239656578483039707087949105104664661977469688533006378148179474335
-0.40125069421129195424451859347396497869113672809783790414626575825583695418000281861949433581800982556 0.27120064649431536953377084688987761379114802001662861773754436888256890128545153261573407546382855654 0.2774796960127812465579823926457633430977910495401981031575728927762170024657197320855033148151049081
1.1224630611518322042846741511149926321449839282845964553596528292475325249456586041005635236929348041 -1.1358258909837239694591940316700566192853332212493604970805529798265496865301353444941951956686827025 0.10205237277580717776858219385519127156427209771170372815914124455022288970140245407101790450865444984
0.054786022086166408695150365331983496103768646252289793024441642804354384673347272573913692575758093982 -0.63706397589837031170195805013475861185753150089716984856361315940150049148482851279082135251665440037 0.11176091120840351916678205230226742181033629205331454796132557430000497666764491966034218874386815506
-0.57444468370851502067313307477634068398097840267762920546376878834616129599896750398712218550839552441 0.06880389424165479008664800541885791870129667937713203168740879535379762052470031386915581074579918489 0.10695647086706520566501283594856851358782797710798286074505119187099467531641807990310764904609168813
-0.8221921469376194415352406327129236588621105657848752181062734806900380264057818726087337486917142887 -0.44900753833149784914400418280417179591869553555963578664853360538726419585748690080678189041394835011 0.061265776225991073924896324457529362182283405414826292898528447802104176890356983754889419533064715609
0.1772344954389663290613400306651323183490377456878003718483969397880761472727100556615401523633576823 0.39506015607912889406117893055561508762290036394476957601989950990320176197950024742864609589985679965 0.19443954587958040170541067723948720450994899211424222496503112207099119837564815472974098673657036341
0.34808349767855577394845258350682789435867402903078432415531092221089588057251540190610024619068830916 -0.29578305260760562438906910716960909174981529420556764879857280576676428508112039106954149387193888263 0.26482534908093676438211596059370931617903613986132731636142709798721419251447709636902118390769834598
0.55364033482465561339734114625651550987907222604228819024222430572479031825363783537386955776192855439 0.6921113127754919566618266742469328253802345815476394398564225239959098598736363833135720556829999465 0.055248311935576644321343783191568396573744780521832287534357001156952343797705506752827366431128913081
0.26495552670974856102293665352053538850079045985603257286255421823344633825757825757608327292550136919 -0.65163366699527214412193561848237893794194301826375388524117084099248116248918810342085951910591771992 0.23759710762184203046557005365407597969116698986958821064062352710526110810394131383429994779173958464
0.6741341286638928261335964082698974827704195927825621601528801341601510962310066962307649493505323693 1.8419239205517515725830783890882384322629188338701350065761095999237307686329537793637476092357650388 0.070402596455070484750973178962171560411548369514099623149464657133263601836509305253313632263261210097
1.398146892959528426303678908714901339075406969921561716789662327424330321997534412232841751824789706 1.118276570892931158422604618219881469897750224785369125636454384460186412834059507406516888162832066 0.09456674274780965876929282927731352488671180888690268556673962502969706793206762918472122656988380366
-0.012310708883872450497273297068557802411324611033753029073971519931496384364748648112805776868737119413 0.63456721356513343617034356885552019205614481736839661936186404220339494645955970175383867776824377826 0.13471481272520277328690485356434463315323043693406478304253290656218708320318559418492233628687969851
0.14244670244796433971284283856722112474855976542209381269580443677264806942172932750576077477725715178 -0.31677039778413598206483387485584608267117924312867085768886381718908609565303456859151615386149979231 0.14050660417367287563456498355805418332497150128063638559428364052012413897459552431867166904757292257
0.63458917048558149549874504582441254802929438310064399130530686233674769758935144768154001966977586728 1.5939533642612966971591904665896315013558837690473729898750095690570484120567959699287298055184972127 0.23071101521566187802172816611723162472422241394997634558656970982076274174225561941729660897318927366
-1.2687476028659807790181908042772055115031086812049002174487914932279494678479877077426707009196041692 1.5404287483664762641922269977561902222948608437092980244882331036071743504162691549865603880965873139 0.021582974117810515726088295077528249084193090872658356298336283419800151724282385268032694781791574381
0.19381489170487032150316562079169035349060106865681560313497241678246307174932223966377177699568477826 -0.38013330499863402025539661607380884488083866009680726883966116303323913988255427853917552268673159056 0.067067444431503855159593915991699149621386729274012941962673929732628281409638938708009518258216232203
0.038172166970991147570402866863809754182313276153260700565445485251107169648740634098284202542787076198 -0.098427821572501552885857244021325128208609379365159618472012497138378810781971305025150014761177235841 0.085047587034638726105859488459315899366833963409603113818216334782020360333653622208528254599931999912
