0.067149547364015710188322770781380342949583515681420018985561017210617377193552161041910715309567211208 0.090662833858906452651731863450020918635784247510818467584330344243469958832784746884618195785498938928 0.078595083211641075411179132387665740312852653980084903706802596554693402565111060415907820795031344004
0.20327905723969847181618592975385931454380856989854648231023949361172767283626719369863402218630284177 -0.29649462181523379896407283468337455385150373896845177680721019987529153236309583115841107456168846105 0.20267247963772308253437070326891788017416873372484406042547265310578080581489344122538884271409657118
1.2219046559710910130517947450179793759437596248513845995957938285600079895897289779866401407318829348 1.0559413673008997599811146572247248559042453741414167205994175678244644128141341055808052597605987992 0.052125440736878136297705090243048416932425437247073707540042734846057385252241050777076825994701756128
-0.031266380598851672726818273487987088944301729086770584616948673027559200917154929061011062280802840918 0.38366331474526709148313035227031386715389968501778296602985914002044087063622135710737012375689270542 0.26946560670580158598144086193347641134944512759031853577671566707282575012536481209208003451333088073
0.082104172081389395822360375507449819328532891183644675280479623652144649841025368631709732829980013871 -0.80197878788102424540265369097634622525616838162629026641784419977090760192706881471770377067278111488 0.039243834143098504339624672791950659292036052347036940933038350387510980787791650043935353087009733663
0.023014037141221900444539857784487554433487177280280531295415743012236737256308524373188217839222658893 -0.64135046036186796523462906869525938381457849689558021810041098817645885072715132260319072486629140218 0.11197321040500476945444715780321899647968898958685449605681783627639354001833614385044326866742241434
-0.051415788261511088844239484744766347950677580898538243488715168612539016112828267964387779757740053394 -0.17792551277063618842270421408322151901802902263515380361689629321239029681160260041001081603361388826 0.20822492266749238023909097274799655722160902366532722897403496604213476372514958524324835951397132571
0.27828886487633670374045277242212964284012315095949117354684455896307816396666746247457994467406426501 0.55554653198020533621201276218491170798887528396245082364028910706357065410961900356179298279422221693 0.11894650954588490452325327239641025160708900068210743669406467220376102075693586461216614674998472369
-0.30461053415473590814632380290793760826787448745335240867995472618921614554257208902269191866773996581 0.23015270197097917587198975293371157344435133674374420335364240206019070709650080034828872596848630186 0.22110001360492268720283802615780771785381023369995116178601203615176701450298963304098719771547411769
-0.36982394641991834754896581631189073023726768896026883832534218258824956109069453920794634046406987645 1.5786403380023443668975492091904294743657179094403840076636771039570756540051552701530875973426714866 0.10047765973104128786866696546587345719944101869711085113563139894404905129061576094962642635565874692
0.39238244721450917080198254221068532843993035008359293950979334591875453016314686600086878872561154665 0.024088262386152430361794305157588955917383668945160364506571239045899655867720631508381568140280736398 0.041693206925655770591796378573755109508218123034751318359408480856077310634536467108580800844074306265
0.27102274516247392731480286726260767287090614233907431807291997846270545828446169716132245706427515225 0.69982391847259418803048362776317704949007689859241152924925856136640710751394366689667380203861396644 0.11239975769985329411414286171163278929775473544452765058597976224018932580946616238057782289453995969
0.073123226554462368941317585869200599270981914433595414822992876937899151565747114419267165617561887584 0.093689508893902353681528363786769910412560673938250068985209978353214704270011109942470398672479445662 0.058374181094019448189057870073069195877886106275324237847703928075981389206866053842429228834587992657
0.51945884932655267373788803095966207752356836832253210551111672069381104347165687148702510884609487404 1.3639177081194050731214949296483144390713430052301567829508802804959783969177845506297934955606601069 0.016681067193867627474039707673739250900308727178416423514881426757645918096743737657850667368903137417
-0.90333756308249835871057671616665382859828853157702063096499827458949275602359746303944952305859693199 -1.1598748570427974490546549086410870612419628800983094028163228086737523211446588860173773515716648364 0.23376539008915989117956034912811766387687268955069774944309157343467401763980486102766034546581553477
-1.4532133784733520837915318433155062235781081302800406150741965921754461128174666389287846460385860181 -0.37767344554413796712433856275748524780628833561469365913521190245960867596854750541158812833838802926 0.15008375713634457256646056568008767606035599515201245622578377640025638362885384450461454647443732448
0.3151539790712717631461883958130028418700818791497810020460719892411195407704972354044204984855861112 -0.083575014874017398227821686710704549302924521256435975484069342589872062347364689884115770783284993526 0.19954426568406146617098571852821488585156488266467669251425843123694956475613243891796301632785520142
1.4400073162809722861174218950954931630740749292734273758412359916166689271492148954281353538499092633 0.52142979829494275182688000673581577533306223286504896921993085402988701085040292613413521384018380691 0.14059321555091444715369784212637112348922039057158928740541052802229512171356202694894536716477320865
0.85367042869744685159613294811253085268153890642852403718744974691459037280697371786652990264751837633 -0.32433629405695329524613652226743316942535957045797300698704770160278325847857770058659635544502060671 0.17532974613144241468752451132965329641160701655103704837827726366973241231156236578950508562568382311
0.16031787394356539791532790623751841006097209922286417068566270300382279279133105095731185098407699448 0.66597963749526222953393967948519958024775820801215864712375096279082434482169653058886083642509267924 0.12030160993679200859591027176525935514582695596848982734870074470651463061774729591978095046421223469
-0.33860170831333689269720977800027153960551642736035404999770744008243662075445751316119171238746841247 -0.61976611157089547751221100496964425468270207700502962378561030235197392308969897081934739245994161467 0.279038909401540424955241378021379945107205914637775641551960568541539851670204552767436328013534636
0.080076139098201806164502542514852754499172874200389991808748034522178461221845378463866289821076704248 1.0160787988085425918290263944236230181669339897825030247550495168267186439428081771359563801666906599 0.082461020917934023814494766870084299770029655898400636802414041195323954726888574559264166324028754003
-0.29890862672398318214803799301675317994278528366846983694416792403066058389749702257549399056603805438 -1.1701005737275322988331499803596887007890993754649348143103313051269725053053799493156571108379139396 0.24947495292203769696800551104910933266321592490456025439702610872499765011929883843419386220850626061
-0.84355252642045421735616198436041220870664732319111132152956622873987305243890232428346089783298772297 -0.9919113469016535693046640212439711942439156374913468261393733136083526126790825477924154571179853814 0.062658421322645803581316640855242795725516671094483390933413300771667788512282725517103597653696862498
0.83465970859419099380921997161563226996794101341794376345309534453362836334406092221966504527071391236 -1.1208513122949697066050239364372453921390978677163218036519376808209320822045499388439961093025624514 0.057377912399101118941522690756974996665830507721309157970031428753145882774977598626049620288605128066
-1.4647343329341936452208133524098332235195474886527884913634407710600494639511539341693289989406962052 -0.59870431151788820004931824701692507131178322664844428178530653651295246853453208901464248272102793664 0.25861899539856047884492893393556120771591208481420890956295654125549077284593579441787910549735675176
0.32314313425508380984208849370288439550073577080151071908621847415069232260879204118106716531281615728 -0.68887712803789127623591952183808645273658126401693228285938162791798316727327287714477430045959717666 0.060110704659498706734035404789351386777959031575648401224078046433203469057995125471808800084866422594
1.0531778373769011051958766580800440668586776389824444288398086736253203232480376489817830183527172484 1.2712600223168630594403441179908936813309871461461382929827419990741945116695381692466387948265311474 0.16550134453684548733229802052691201173749646622426818397225767182280890334191619494056403252076943437
0.77915657908395024232842013212816126235594981198177829226642142414169929823136440934254255663704290883 -0.17567128576109996596126945691766051681774503927016226614458000850981893684704422466694699264773416658 0.26622434700597310280944257065077575392097342933022590476009157538686456320720482745166166462522145762
1.2165400751706765671747091972907736862284459677689355279234967179950197455887417984968513704087296814 0.99595431697198620518587661393362891469088954267258041720085515067079134731269620910998998088144987991 0.25130850750179547124807998548397548345827258300478789880895039190953535101681687653954990789634958091
-0.14733707626548203107953076793782181774294819496130266114434310973187697427017752089158387795163852735 -0.031537956823210957507108827615196105696560861659580760314795010860953003586100059032839551468225501993 0.05733203611132937205888281643053720918837302590592272484778935009890704311302500272908041611544828052
0.59281294092584675387088937267107346976901718831229455662040854377537653254904496310717725311618521292 1.5975949623601670572970834239234772611863912365983641139638954144710133065456932819098810450858844908 0.19598067774124224480894413240862405419079526657876453071285047734795419173581909626795745987851876409
-1.8177105115974251431750576096389168801856200305711494903561469669221696941966781412388125055457292942 0.80295425222342661140433664238116017553207321033079959795871036910830265578672119481656871354153941069 0.24397502458306617720476955736268181102643503565728363381960470097050163977717021092150726952012575798
-0.093805115161737430697121662819068340288648215188104508128038688453275574022741766869147379795142504982 0.23271144857807469040169130093217131804472350615678917648284219314041723750846419501305808865232931388 0.16608581321624567845360976616340273239500162062424746787978505915787202420486431622266818431255214735
-1.2325165699073741133558255749322965560886374485762132460736303209132689261430980307685123343898252376 -0.67990436289136291663694979397836053203816815039055180674857888777617110180359976076370312281490180671 0.054597812810749097029795308341376935549372979909974955318658309153370218902288053218759440697464214901
0.39965009718244783271264013584894579016803231627686945294382188508874460440515551341699348773354612681 0.067826090784123029894521783307419664541306429043026063301303760016270269353765507802308409188733878767 0.0054776327292505094785907570865413748279575734643473243089975653254389814955554500386980440152420642934
0.58227040046483947184927414005219774029336524419067236713973442385626686022244223560813060766481978306 -1.7563641886795755767814930055578022087639447884899035236250350405091036041339542505274998122276857402 0.2399516778214931369479389027095090885521309881596386506477382980177975936107431604664922219297126281
0.4546688678837050356472214979013696469072076670106444029255251783037124585243794357077078859378367462 -0.70211083500029642956360037586583051581087842485690380841315185863500988742414601477014802299246862778 0.11949474788180310073345063586085110411910248152053236993930944690180463851447090359402560815681211849
0.65012594060532162455780773760225320335393219506524650065291494071595821547219134571459969973125021839 0.96433095474324035878676516249332454186568481483065048076462598613376919283694853718923619281298488665 0.22752994437593553845523562767995984721289870660373898138132852898718642069063519797912619818309344791
1.6718858846346669617883298675671942558064938999282160997730118361272381133034536494748171681423636646 -0.82602300607450514205164709935672369576011274898482651743029259048498303565954535896090978673292000234 0.11083060761548891125219601351957405206389924754595782855799471659563092747293698815313698932069972728
0.99174114862949287342320490109392359064549670255487484354652163193819213417210769509896995256047442765 -1.5228204068009687929264814524380037260354021990311754177001828564899431953188996602388645330219565907 0.27700233587270536096781158212944241482537081085094516275334786087546038958772351705668613253137606168
-0.21994176640655420720500160672571941814931550048623108544962245416235192940396951095980181014952296246 -0.83914185068352556509234340703398853672449678876178761503019102387134094899763828250924368664148860429 0.27291990412528712857686393364347416987565670602600177947088358887191425387201860515979577148827907427
0.14427362294566605128690846023257446749478114673935627157276556531056027184980166841919149769762003392 0.20882553168964858578667325493684590985866141682342883415607042221341972242218012059406147949520076092 0.22625287937689378191243711700055678831291586199786866207985191420756564553919144099716228744647050389
0.032963813265356394111342782643062082703674982386918684783271159551648628555788576304039457766842593208 -0.090752879961926229593636714970948811559057846373379837541675613230029751232854342299380461697646320818 0.097877720361189687108377854871388421794424722010875535747501674954387510102073998329729267510093786891
-0.5202550161755600566588930494624713614742053913777341943500003535000363761370099268078184052223710046 0.79428347084844387549339665140454318424020059302045806689850065721922999855221830498017507829351728561 0.075749705427741902660142524019487580877327486091355756034292155705352310818025882105997452512254367892
