0.37687014488870818164115401480950643665754125848866804413788785146346675299214541989722421098327652416 -0.57611115112452599334377381482912003636159759635030079912454799050729749009395873280829596820115019285 0.19656540108982343889154444703006305356719285683833355239173591362940474862162993981479973578045269877
1.7082613187991364846704768997777055577948284573764517658681687490799984177775065612276422408655621719 -0.81019420559967533703803529352915758320522132446043077992419389915300767393790255873751221323002933511 0.24326182213950055113649982981334145139675521962692722159014941597535898429115724898156395654322253731
-0.50219642797712548738051962955139541669278733447353038536975468405419576032250557203139684250683170718 -0.83018028940053534163896642702372647790281660004655101040464840744654087046830477279842945108131876456 0.20563489349842709448046268888729180500587886750898283378903502665977476428105781109996464733206510601
1.4149187548311749066778350472827996003074726061444801976426557907165983543082029839071441436655188785 0.68971590616558701462422845576506572579828211943276649121188502398013668150927832670512049284837856658 0.024262652309680697041035012485897996894309400074706921085710653979490396527102373570436142919836130027
0.21160095054995979564987384981726250154131633534911978077300851476075001395143033524751181964283305985 -0.040591436233915446912169052316086676360188835637354414142539082510045377088540461614150989132426761318 0.14865783032836210335487599009080939268393801873241716310481844540786730210053035046234007590241059138
0.66611495141178317639198115869617634827401329557433292875914187184640150465958042905872663393557035803 -0.75250555350233237359921958592167232959054489529501562620520388795449205940142967739989555126320869931 0.20066551853271051917503064215897279195687952325025064862910127828910501903039924506237277100513933044
-0.7432722965938072806484286552691981897640217054850130177203773131482165363916071112883561740725447556 -0.68834847700724010021988706426779588227874795732204439590131078859828674500995943459523243603333922063 0.0013436871601095476132194055731611490505307499895034143373232877278088474363277766290350432530088204623
-0.30175919949229636875376315095649675482576624336905544702304004583665213322118519761398642379589825736 1.1094922523135664941472501443118626776139947965044403852826796820138011080227299706929435685454098368 0.25605795852320338997390876230892171419369510623949929590392721066265504139122940937951372929638952184
-0.81445630523724679826480934628324341108799277392768746540044883310957634895675634357744886523573929641 1.5098811257478854997743172960601173470026569164066875031976885085093215898777178118249629816893393094 0.27663646606541467800975877565142549187545993211656077121460619491650013593122586416909287247584317246
1.3683504828818508353783949019111233753212474489046881578932357808824983596517673654380454777490697664 -0.30758918781637516143157021975690891125953890582172627401250539107630325722044084678135601249248940035 0.041220978752779011778761061917103432446719102469965587653000979705240513208210064835424152220954483061
0.4416369512284181701869767209819491761129548336678866627596469907963805977672004612884919707812139082 -0.88399122876750190640032139212721528776903259462385507421600138147161350126309377765643182259212666079 0.17836618904591755932632254650623855065545239461843534994872381690552090354251138559385637129482924762
1.4732758024831586016082207438767374081700538439195873072888204078775725675773479642821391010641961163 0.77476581697744757425406947396228127469351444990744685117687631015505392587336291831330693700963756554 0.067261846228042771917579997156207099288247672562188255019705954942744596123931839199670255835763042809
0.050713541437118458920490797216637119339172451811783013717903688802580576408330346248010944647415244434 -0.014974998627877596245528211365096305675916637434278644560047455992624505181457881920106524613088532975 0.0084970947099728210945663777387404069616713662382332844931766810861165656120640508580341444151780798021
0.15319256242984431003401818641072834535210200712249658013109226928524727685716962933674009277203098976 0.2252347328942751991656408364707496462155330113767665856544534670651317787607403213081412897436030828 0.067969888351476831051263374046517414996833579730445926988959076549045115650893003886940465446798808644
1.0791821272038467268192096859916836983878943905846073166490062721562007819974174176877034063177486052 0.85873033218649338572187062565788112671675871571326886098936473735929149460707054919368151794552307932 0.20601239281021083533415715568300441126852875930223308878439448910164421910420985030728971599652384789
0.12423543676091659081976372751488828337462824394714194671140274308735546019882968312119161086050764089 0.93505254723520200996527334282630020554036942814800594799615569259752349270319911630687526663457982154 0.20280835904701900870006058028807551296227943661265105858001618459452165707731524472310147097504394319
-0.072197293968523461092026480131292986396157687514425957021397158587212825653066160648538959709088376182 1.4129701814025975470056920536454818259509110443970207304994097477902783399211523837705371556689238424 0.19645741978596567630745875515322881914067813869124999650712184064053146125733548027197328132843092076
0.10281117072661363250284818759174283255213114067816988701179570770169716484836087645043830772652041191 0.60153255922171585683415424518293387970258687934105578855007672441498551552202155130200222443805036512 0.091815338206008361619589955318079733528171931082251766162804952554439162864409261158222160200399212135
-0.21372562758723976052904733544133281356236831241967429662892176493667869672302371685086820752996985311 -0.090233651895642646591255544914903271214463640992274574588223798145687226916483013716795894487911575255 0.19090296708507845114515670012737798919031464043408796083901150340835648999926346151299051875956609149
-0.43829171058718316992681607476323389136085055545547505873952510320488280425591246692096732216414568237 -0.6695680058298296137738791087443656400453211841916041557264507130984606526708870982127681266483190676 0.022842020635772586066701054956377514747386482122000090927963205024673440153031594611782548473781470223
-0.023265550943211903706117291567305172152679517181385524362333834358295488776799541969018407912153486787 0.11102941469949048305875906798000250811712091588391790698110112512562199495459904184501763182470601569 0.011247403810734886414495392363670515711620629075163796313323464186329398660169659716264062143380060639
-0.2163724362144891718946097918713425252466317638651999467899697681711291763806460274290910810138516356 0.039969303657277913604075596407020763604550537474788664195123370876464772114003908137178609593536500529 0.14111906825993079556076497041344243426748503135797539794882985236803510235618893436953419432083792663
-0.46927921359635834086634259209241844697168114510219599792800489624577940723579909672568608742386123834 1.6771109196711839352965284138777190949342673319938722036533708725474582451577033621949219201874248671 0.21499560722300141681307611674960087109909204827624932323657672940335932608837611118732487855577897618
-0.029044426687982360904116264936616209268036512467382948343547138611838240949676227545815001586086441791 0.015921552883535222743272656726186958811259623375073713423012044161604717852446625433597200929440631935 0.052624968136839116896582143994699657685244508084418589949745332019768645746019440816230562885942702474
-0.31320115392651794601421809843826135509945522696214404232288686570967953765659735498793296260020961175 0.49852174562954969461179466077810233110202929224977648255486342794427265734561610290754892456271676463 0.2057900756796046649489093418736504859727154721069889372758061126656336988825896482298739104018159866
-0.29537046510744213602683458862786050932007197629046681139166975343209212757067917805351198581302763466 -0.59114859579808015892963870429037576598601590878477776178503767753358299130282558909083658202997406216 0.059450443131422071137749105625177545320924389993896265423551736782431763857369006050524364289178658325
-0.2699298546705687420646409377111614573719619425876411943352453601762807114958160232266288232887945609 -0.85791731188689530083519229560765362944249604432090178414176080935492383466428008778702398004451558787 0.151944951322073738015459548459702738368754768233193913637035875525011047221295728540997505318950753
1.2455181452570968007768456710226810468086207836141072669959781982433703035788060173383269317024751871 1.0392936194030830572181339035654179603607551763252102845102434159719885838719861254368585251702360136 0.054832417487726087375593726464712416959431887898537363694926927946305496682791230034369385726078173342
0.00016128292838125779133029462349364829150022115073529130710769980078414022410280455982126762783532842677 -0.19609988376581496152957145742121357089315521382519517713284611423083912238919624096621496522356440129 0.093588149104306115543013659887686885590562589929119781019043579326189163413651718448263217646386781209
-0.097038658327937673871546856903270430130791391544870264578618488900851102853678645821093022760510334802 1.8466727668373637170476469335576749335152898545716373059128548477348403998092335158532442080076002268 0.026803594789923367504717749505678554212894823902349467299559204538054242113984998817266315649624738849
0.17177534418014747883156909639973015478945175968885377391548964054381092320969552342422826667323115411 0.096972789230999214020709211847779609728042694904266624345967655714721125572400403432623111915454814014 0.17897663323090388698568450695956707593331852454429584199893769153861059526586311452562270988316602197
-0.91964399837873567819780941048594444810173129535243047994357186722975174997556135668711463229656905917 0.50431887966981352761254752970647951021718606601855564557862576242650417189770868232616921817223635175 0.18616501476025525999176481899756998863064327903277109502435937165352269737763578786916576624888092284
-0.20243807762843641008840948616021035620895584975817038219045906096542509150776786139334383416515729984 -0.62344094835771945746758513439545069168751122169187131045785150859023883678329516870497968254406415265 0.26281673476945462296434451975855950072139942331086675706743641336825389904433130442679448534523132817
0.29816414604934428643767588522223092044375401744357843731208136814025441127319505934039187386640157261 1.8616431195376884004844501163360633314054875447777639096630914179460724534099772521441186680542949277 0.10245041724290985883685355023079817959006196639289354514764375930682755753380152907905067934597464983
1.1347552063974868116229543400765007676770573450896428191194227791305448878433845206719561217556306197 -0.66005595673181812008896878583842391491240986828314569429137895320574027083330112213885106028682284156 0.27538779870860719997429129268764069128905055082372062456930011891751729235534133142981744954977730365
0.39592453171739398743825711666173105547871931009018271077734907077796825291045000685125944006586261035 -0.14608995006343636534679033260500789659646123275181436580541345509241730725597900898557006772829893085 0.20130838034647635175275778571639159735380958886877002667607412341682375367053128374311612593853649667
-0.30149810714833262447137850340758081133597112744685545709640720059827458340938016582142849280878169122 -0.17932704438150222488954300293410811651303480348280347783825974884373898283919057439953100766853739027 0.025456108939812300371129679414317773841238647745106846020039340929792274538734151592244693083355455646
-0.60135614626906443224971775415337020523681509024691169412533608532464609740654854134957812737332755109 -1.6246930808390051397277230407762964074555639430201589712432095203829971344047185334184621488751788202 0.10722793559641725681764477197967308999101132139876134389204974325461873042069926917534898137361719011
0.037303223490015178803167315854328001967619489978966797172404595882884985429225484270339515662437498933 -1.0845752009318121954661388677197047577071355148144431858369678850597450700478413326040383266949812718 0.092264489840318881460703938258734447681561419661264404569591288243001557529071139595863737969516771759
-0.50214613516858638313002020912250916767222507291566307198254949609606699572168333547786505643301716781 -0.16433882324250080237877461223378038387792536881190941084670514969341197505183939286784314566620762247 0.20596478008731759412272695899787446021496982337644799243367465858115874317376023273294017414764260667
-0.016876124393635416659282534351739075463642275160735671316427662601177076418543350145722426193344780908 -0.42155630433743713729409745356249345329040595130965301310157388921802326595836022287616067395450518238 0.25730436871745207776211284759239515492310244011534908308847459039059666592454389713932458161376080553
-1.3567388854586966905016756460494572143160266287272365147204769036542787141058842694223558232516562254 -0.27993090620660554066380956523835955315896925968362756018912492135921058757964665997955082751300760933 0.25579538836955623164351528890243222698977728560477622085171076122185316610876851791294479459069801624
0.017504357753570727267093182767790224515769411533865014297899868499733486941768960317588809191832463118 0.19302579319674015027723899506687975212487683269348421661431215385755007104302218730838262339546278807 0.15705120603883103969560580070012702341630857709273705736440480322300888281397904199615146282570756815
0.068248340830698529935946722593094978981925988351962136371932216586001253853230854080019288635867341099 -1.2992556425332931395409997371119265473925415780265047488743400645365854146779807727041046736146709522 0.11715030047601257414338755114028668404069040858321043839101571288581396294965976443526636463050047727
-0.84929921749804427703577845859886800236764647669161300850108017436516429721139925725145653434131722508 -1.2859925961447049166470276180094622052420879649958749583839352248189191565103769784226988366180660683 0.099830518985389396769982042798940180308668404466846806755950977195748906089015267573788524639777246997
