-0.76609131739738664781796343340388058218920482784873225674039876378603618543916291012126595416920076557 0.69342760772321225620765058897913806063952232022818240973350776245475023038375134922448180367924154105 0.21244993762097111489854604984446960275320397656435439278286685976820521415583542220434730979426710173
0.00084453129046893081424188910972890132677858872742506595862442579830514290450632979504784208503513137324 0.061307818028468650111888480099729665422741933525026946841312037882292780516352352783880343368801799271 0.040832014428553157735845030667889944750624830398007496104131214180808376436688026915326191816151165744
-0.25298234591714279635250492833824396625503586394616267175307306003953455892393214386037777490083278875 -0.69008351143088168026620546230346087927912456739341627631032722366687909408605951943775841286357527047 0.097671697385101352727240480108815517346194050042647589679889371939486273491281320700389529443085140694
0.99879924250973124196941419049554229871848374410777666721344003724287957072929389659411124724733993925 0.9154654071969190181552505370585178444833097493831381141284220913922482297304361911337213509741946718 0.13944591444411962438105776809850273473217752544345226439756881876073205894314128500488301289704157206
-0.02440924151379420830202090497967471978812635407773917554199707986656506391470866598642232928275384859 -1.6800747949757456668118838813148605639132396890848883309883759302673351282528786811060187035189161226 0.089584745357440644457488326930027190119272503199089674677997440218452328760648811881642080585020489017
0.76710038625046767983060004476927252693312080875423154483335181188601647394175525573228626248101544208 0.97490399284420553364268346526019532705335507637969538143234994393180159059490708737655220591320591532 0.027762880381455168184103877622170059740546844962462282086032898805254055672025762694489578335168982353
0.086134840254658123316113616389878702696591787950947603362168922714835529093141494471375621706786997614 -0.048924321060815589192306447882563444988907014674997749304651109663327059505849791950963681752568275181 0.058327851915117898341039358337329561706667952218818348197228469945534843929462210996812510474557444995
0.044549717543276271743961822561178702925624394512389570348934113178982643703393817871928852198745298921 -0.51057018188091485345343508583490803221544076526077852109664698657605195790400697065305934957201904174 0.019409987558402185895663584563888368975286445574975239027071277766373403091492098973882272470837985734
1.9120041347721808861136934343639320182534671828469954474856461317238088029544010343841721426205203395 0.55162760948537773876110864028164919826473048194174291302246010307462559821902709412911894090641872002 0.055916107618694459806216549795221650377498921837860154373509751756045460841834489512852780080183229296
0.0025554009878277523824893365938527698734615078731383436160231418532596710251377298154739689298855321521 0.058733008055294493503649512709609054175612606311058442147811948540565504376642376792883571466355420605 0.021692825517287032493687539031797513006222088500238163789574201111137367816616890335567021589923472938
0.0097837389549679684300505858610033776793229449893108793585435934050334153468595051214073173111072483687 -0.31589832965906851976104066966931335657819802753501206849083482829204830302325871466602756179311141023 0.05344834902999006750886329733627682891469993017924549994127809196688692600910811382469833396413532484
-0.86244390919590133820825484213558593015043619894576153112822503344844398231772209345537306642523595582 1.2625003337013664172470658204153446589719460483164751225283975845420812160658552265777135613192796259 0.21392613718953233187398622180854229625330905961113995539648884295577894825739727749829008554533495092
-0.22413981565529571578018425398888720613908696755546206863968831820272319654146096751071965681952873997 0.11424398875113914088384222206053290845723092026000354757047775197481060307570894251313902098780645828 0.095239446686151135539908324790141912641978327086102931167226374196524340851700442083711425623284353065
0.81964738962835709094875678553603815661068401084263401785628721078571929867638972667020982509539339377 -1.1008375615037815366538239336028438117561761186691128507968669344586239905176469113465871004130889992 0.20867365944535671510796732614485775234628461162336934047942699664110893116376459685153309684657186839
-1.1036319406325419249897637706402927564332779192190485831467530683660786595318703189836838477667001159 -0.30959468286147455193265431193879888725789958173880579730199675220094698356273933230225105264024326639 0.12328529935187138296300077600220032058627911257559128166798993508964940950313735034226749455079874466
-1.4810460123038071451549716601584654892404463527414638377473790185914817693516435437910673031991860106 -0.94225449393144184254945338839455232187670247654547596097162174229759546146992248311208428271718614796 0.21481678917250815513724325649822104720951757211499274864340469739877057911648142022156568353235309531
-0.16159776810920560045370587259229983523983986412083709408026859902400651800546109043359715023538057269 0.22793534492127241873365728702424106507579314448047185871433297906170393487520431046312262478211702294 0.057825185639407151073772027555526859141601831707956219198086144720736434441291945274186179248551012472
0.34238801877279113487916800843277900760116319812132090271277716374945622596344444670042540118797450715 0.28011554088770330463252925311351116481603535247728911556870438993738835607471863848297639044722524178 0.06998658827836191109868198263018410214393590796631706344356071569048311511655299006702659144618125653
0.58067914432818813169834453595741654976369604444637898546017244940086323081720476737880040520685812444 1.8249285783050022238089191760820495822794949608827400908460468238026154153872426859712904418952703317 0.16972865545245584849914758072168025384709579085737720256552108319492010278440665332081363928129564365
0.60098955474165164762601143873533010872485208962479962027380079097615740698933392281479340277886029209 0.66726652120119253647533035665943590991126137665778238636427858597998658216023683808399498959425469245 0.248102835228599573422770632987377690993475662365616233039044426980036300741329195937642538987045764
-0.1954006274726553751223304979331862592464053117605535357029994489684274144956787240041883335493917809 -0.45787720616367018900330229386541999951787471919247006018766578811153827439644004872972031000899759367 0.13841340091733965755078334195263401351335625572462904090071747010598303998433094165095657881225762297
-0.38939022278856715414456557065400266954599831884743001319465968664859921182582868677298387471698150392 -0.070501159688517566769619914540243793319870617123626947731597111671462005700452675536106761392300359484 0.14021922081125975616178168037612038044726271473295190438742863162278317445791350941758333552353219823
-0.38891829838163145556995603595273396759871791794003680435855949898684003111215402244142274292766789336 0.11575075810516540351961223038084969915552419302358739878329102959340889387231645283365166010152225331 0.16329808753852418358838982127065023231373262740315475031725345273412704840334337817702334902269081793
-1.2955739800074525156091575900398515354306807013987756366774305245181164801825491301168540141198355355 -0.53704333399298697420598384321441016438322549283393291820325053278656975502689252743494690927142545155 0.075034141088472466272865938046392986538715244547092871601562507483631123053404833399572694592323329606
-0.40968886176180135079555669110447569284416641286303909932130060581533634821443465534826120296649337514 0.37260088651247248029144798100817210399612672990831336090815170542356393434593516195142848968057627924 0.13849200838505362390606476534505109654702447110977007619230753824669723178495719734353209497961842616
-1.7677636924307477176777072393252551769883578363508846156205958565684217181275039972727493939403982436 -0.54610146343182274831150594843253681519280676468067615319852952177872559106299652625080076511427670218 0.26049219350134425535944414324994561535927251779721287505819067452627629127205126215467439098796447791
-0.96968597338529172562343618794502309360639824369398779076639463655344860822827216118393050771967743634 -0.94792602701338122035643453297100505690816805481780824231509182955857068690544013398459295600954491868 0.15383956103651478650211507339123971304857237908445807389556999945274839444161627692088490128250439122
-1.5877679357763849837761546023144762960320092591911587082014887495990798185623476077735389331403338515 -0.92694134707826546679645938433153562233188449033632411206044172051241526438990502624945775361042262295 0.073776901930704266095008247669637479838242824820024823396368985238515015716340910654026828418482572723
-0.20036684068624552041497953031892211280944753612194093407673554245340296612239830156555504864508911763 -0.37614396194211332410956414462452051989945067911465498899752058168910162162333519859594247134592044855 0.058690830911832473850929704838113903845035587691967589493994801960065841950294047511273221744217331883
0.85280052358752506025039450984496944384537066141935107484625100077346846377192672029796522622312441775 -0.098590086471719434456495066099925989511244581818342256910739555481644566092337156423662556672360567905 0.0051092634145658945551313613582583075798011928382712773629660775907672747564882650689031981487644928882
-0.16241826858474397318543136495095127254482343188244228708177638515967315939382524995157889567932488636 1.5413406606240142329047297932880605782431640500379991845743516885191641985422799744342651192443845329 0.14493185179423966441011624231203082239036657375018404803257689580895999043266313662940210023017663764
0.36309681853425629705357770183998881907986771183258024969969688376300877847755994484463215451755319661 -0.20903843255160535011267406255850813866249149435706151999354026617490335312535329597306644605987944133 0.080904870493770685277716068181376532939004672685706068910847252867116991751498835767625172132320785984
0.39627090285252572619440378113247230557822016056538455897253996352971593204437802502094044207681658002 0.57654383150557602690889716092272795571595808134147003046726386062675570132893406658519395660026281434 0.14158005181892559257427724759760543028212815864069316313959457454335713680943783349007266253339445804
-0.091083184476135302457339041564514484474796294842216699317342507946710200349437400043631228679058418667 -0.14338579517131383595548843701767037579360937688285474729552922249957133178451531410565030902370653466 0.18959296729048578608815472276662217915005177231838825352131570059802836626489024031424054701987925039
0.20476177170913471593716327804331836458864495097878404083555050762656416097267212961319051906823346113 -0.047686454743098527551373925696846974760797240221281360880813691789672090588442537784083902768395588851 0.033936937725137891148049116802280537349479443696507613491203820697748686901949407112036748715255614744
-0.21468940792103383606811253841339844865235572072999582037814157699290078442520476594264696855154451082 0.48033786439857338372102215014655139596270871875043863432439204219941324447394388343127552151530078395 0.13250619322229011485306146840062626078550892920364673120012163691218921623696920274764430984937766018
0.18449618434201598495900542672375443943216992256447483766323922394644119191063652533693926481672946202 -0.014776911672762583657969327628094154108185578995557003347460631912168325987915182252649790029519710691 0.23923689932675120436157933883589442598563247615546272802289917161037254424543440796349085960344526978
0.76503398424951539499934773168930994636925303071582475402065376488091339946652141666553156242309686274 0.66085768719260571774435135321005049592179298334859878868036751351479384051698498716445046665420104079 0.044366106619905287182534871053884947790616029444419440965476798830886772091440050765831804892629327002
-0.57639530411880472023828197178727358466014507931312313258288785819314513706302116266335081366603573903 1.8840492028943161104680312102401333495201469406167332089318351844675105183275424126676153306035445011 0.15868255173050918860073024113069456385204318675580218545729604784618263760965961355936482357337659173
-0.13286117680441795991905929828901239955541791639761161204591552715681898273761249536304721736299332812 0.0063066183263111268110332432573491842367980439734651859567100083448138257069571566853378820752595129158 0.2468310416950260217724750188672454964865303360857442585112614727468834626463654216189456300181413266
0.74520318402789518793244710581074438558755949201207042811937305214624627347995854643851796888084886939 0.55985863997895132316296789456668944021202449916833201590093080128507648791426585195772003542243094601 0.13770897617895079683187421527061390472170929020212838733531911121061934403045920420318949161409733775
0.72313643613346430458798407673617756185155592103158859790015580960031125567411896555425396734370058428 -0.41365685869959301651317316481820120760319753068798027169791204356287046342521274064326196750838721151 0.18945754902121371537706828551123768089218140626147644063239836600903283054473668238783434433057979678
0.28525597694688543067724915187886657266156103305597278660020225785186438788313184854965006186703996679 0.1273363030986562400096270634980618219456559766795517931889197361394274119488307734829961413923396658 0.047057967366021254716087393509522187358807142634846753682030838362616021159418742908657804867151031691
-1.4825429357174110313219609418811574972228274756108914614428087370424478501976904801653125893832182857 1.153531119906569716686030362855854355655731799634599647841444849417768512515048309616891602309544225 0.014721875526594822845903050632448017588890976994601398427619087048231262109416674687180060077202364956
-0.52851685525187928900274521717046485361817793034697992799805807322848839647427629333970460546963121595 0.29928285378652138263089908529320499023055893727705829514888363828264471533651453745414277094328861598 0.11276362455929077533787988702444540591073310361203635663617769577198460995436906336039736867632309345
