0.065140077173855444220927222006670304089031133995688456342017499562936523634475771157738031953091067565 -1.7929197782666706701169479382427897485460205420480372833736043602325115299827839051357097098035506696 0.087982544826281317805271812654016385326603614829904698828396388933361339923204463141382997458437988495
-0.010378565979382122459618303299983185391610081512513133451350148083527272392453206904349202362111865988 0.33340984562253702519217925099749409107543279025563280989813220501626375521152433502422893697222926272 0.14667399281001898975846034707071365732454041352040919288806772324968666991085883403256943358956037596
-0.2907794062263188732500340047077496295029035771873680771862119355832421816065729316588803162163479592 0.10251972621514654727902601669118224673334605789833351597337879334780413312125558440371498662839490589 0.15859003671952992796300429504590392839128337253320856254492880667567693515126089245717844891420671124
0.028248948528675795165860699751240312417112810267418437075905762864016624794369851102078962516383310908 -0.095294432977156662256524513454890402828011816446678849719656559035104890492556810066955081768422711167 0.15395969431802578033315943966105458236724452599682106173992767634704604464596327101694813924634915709
-0.29155385723772869909323861489218029531619504704231562676647730136388989491325533378858279057887382388 0.18163746647949720335549907545425041375171451715278129036727748988718192327609189426452503514362282486 0.0066007987360975528110146016897895669706649318134948769611637841528030262741352885992951200051202740398
0.014868261405076472071389048218414647283370648983638881340378922316210965999921887079726161385788998725 -0.29621282071723570088158233524040794960950128149543347860065687079968773495032035804007880748366786601 0.050007456588669660535546198726699214029684789484181713496758030375173392560697941866364551714702300199
0.59194284075027937087869732625238878394202865959180676009077895066475043596665786680472681542550193429 -0.8296356580737116564826072434522544905030917428364819518101331997260322200551700116348275698633979803 0.11303633435647126629579439067654264135227252887478360669596768775132378515470811459277911944878493055
-0.063636668392680917119334181446452061399393625710939140990094883326728974420171691615814266104252646712 0.19616244832011893161789579849546827457631735014323271026771553132353188458332589421158141471377936844 0.18782043621902700208051352684885279212823320931108175585223794192627101992413487900508574441964790199
1.1173505079809336962588266337473340176825172124861441546718298784579021215841776470422849012544599594 1.1993376260577153576608786805139175119805123951122538141916269710354055399328913400487856586836596148 0.25908325487456593238503396531073944930774092802661083100962413257530377737727972196729725165017426758
0.21457065520571958558762014937854480717670357106215579750271905999343972975097483655609277456018309532 -0.031188712143801721226216191832020870553456413815909308332525982704568710453041656797801310730651798017 0.23000516721429928979524568588526168660776561593719147116678057343086335167074484448646121509358153045
0.5213636457907829664957401959978484240701745339509382362270703841392617578167927509096461672216529374 0.11102787404140938278596592666965125214349288245028755715215998159771202638109451690509453524025693301 0.042885797931755773866777545076197751958480316094539978877652642068913187286600484676086665865653872279
-1.3421289379855689106609812238897858202700262322635417439835053478166725423094886030462043738301145291 -0.4355553601932111487106149596286242726520990799093257642236217387081446573802385371663530479348085199 0.031143337744508913466748524065312997956554370904975037311676995111317357072782450559709599549951188436
-1.2151631825183407892131191475721984654490087853683194520384005523783600357690902027428328411468207078 -0.97877480181314160355010231669011752097305975258218513597630376382101628150279819202773698809123823672 0.26940194395367417827964541547170376482128673871472701883122969487723117488292939565997098743031287511
0.1412008679732243798627512984086451651897343895340094805771547779682431132235634162184479166661795035 -0.78516356241328846532703636460116106026397927269454094331911166666315970377378475809269614462621211214 0.05310359391335480224326126449869105856827728207160701547773123272224608835095951164030150226353035283
-0.23839679691450558901484509052898823705283583548889226775926132316949175658529029262957577070307310083 0.01863055642911620155242634467652855650216561170445917086914519714443847044367139688008567472554235108 0.22922812740281060724666777580626716828875578874154324709076469794123965858944260823655665779365717135
0.25868745693902444656014723484714695781059057377043140686251558457745307228707266440812886122769407886 -0.61523053821237047848695484592630129002414893162011368442691833331078440539029981524844651237996326392 0.19516562822749127946307072860852654850405180674565840167863707681850652347195367003793526798117213885
-0.62333846763448375640496263931680165075257980237929139897935625041704554048475080772519503420359535926 1.685347658436856618601414162801994750536838981858105900219833983113735857376135450960981280312551241 0.020041688579662737574044024896544932909139978687892392847158729956344733879588756808854021438608686183
0.3641898691792725750957473684453933385675380309616063876245457150774545809680259571127764279706502097 -1.7451807557156491108666111276061193650959796312846387500539858665133266380075680987486853208210753691 0.070824898500189020867361627699146220108187674810338638578712733710287409241592964646937520202390696166
-0.16644292346882190024783705630851389374906093799605218028455692337644643718273415309164588789234441023 -0.019621705266716746848639751389937042607728856567437259219452993672919352541550320381525696682648955206 0.050669119674437552373176766796791732675603522517394990327154396457588033299589080434145343909269881666
0.23608812786361723480021603896972317080279143632579485379416396285859294745965288089176510962273044445 0.66791858697262006420015917212155766608285058280409291187736018814506399944277586700238283210923848816 0.14162128935341325802231482630791798374221373972307251136336093780656378605002629628764623075497062125
-0.2862447001658009052425043678164286624406460823919034823456363969006299239657870112417776868267130263 -0.14367796587492657537316917086720053959062115660716347029119720407213489064299348860989035863457886819 0.18491025015951616680690472730608354815620966646352299673318873358116247007161327490341043331995749517
0.22910759146474515865915784767192764384528932286178763242285410819386608888393173905158936283821511139 -0.13214175644551541646658156935394799810960780945844742930376507994070962433913442452475059645777121259 0.048690737617865176720468340034283038816918237969869064537979650761562875759412377162990428778655412862
-0.03998198195736636848240305696194038023931147353572288514714209417421218131037207783043856672008942791 0.16420799812681515096988626964578156463374022178730430398324519610659918956714399517079348006202976524 0.18689329440591911411652808831153472125230423839947915854239752432848676565452025746258513421023291819
-0.24762011514411848522410672666543459521164630981763404882459151535769642013561798894904835512055217371 -1.1503061974123872755981679669779911111829545230280709202843008240897496200749336397936973392929116751 0.25801676289830806586083105836210649111749584749211684184051823795591434993856732437635405317957723517
0.83967342349335487018435352532931769508439472830543963753129608376111902335291789269036774727765450998 1.6271518721073668553724092682480386785969356576004166043177531600337577658554524512843615773889685317 0.15595897684601513810581936013394946544293442272916735380776267698834268017473660892554616573874729665
-1.8588857578364522725584063861603563524729055016675844414151553675520730522116354408345517361612479187 -0.54052078581595476226078621554530384249139308236024444989360417341487986916397916406943193280850556724 0.22867853084381113506358102436615568673663137327224465033713951535854993859402246325432674901768566914
0.77949239654581362442747198536277107293910579434730536868518811612399126432045105681920393859714889494 -0.62258962298250550688212832178684432773635673250793072331861546463731786920876847088590721086375963062 0.078003471057216774576379759734328071637507391270657837794440070500951874818870772150054703606011850618
0.12973198835840494738877432223956925325882692695759763304476487097598559996394554856415706868652697235 1.2043595014985330237536445147963597970592642778836852201029777854174526022878804346223000524990763243 0.22005167113837875514753750324845967649179617843588246389322311760534135010873602358480468196666836235
-0.25034255279297018693374414019331876577635343001607016294250326730105093215670478179130961259287899759 -1.8911178117527397128436704857405178426371235249228402714043604575177359486044372617783588796697908432 0.13414810160267135126347232419231281366332980326520793538524521041403785536287906397966491669503121632
-0.44741739678060306602893095379509640407603076588668858423554598914846125179887080281715900560342285694 -1.0526093322037079764750032115951926086774718679314888025548005016253565104801808810605140701658378267 0.2052766762638828885036754764253793960815359937094244559830350881746363678098613672272045986471256133
-0.86179131288365833267151243126825484025028690439947737498182732356581447546528662761494860523765833725 -1.0919358437187887200751363528827325929652812687224653104020472902330988185150487816629774556216790076 0.17231302088782596337189208181067459526479089343824650732802236216971354658854043181513010491229987151
1.1595463350161915812236765281124059834274771053352304009611597512662155073695686130721857990468038232 -0.6091997055300944912834741221437794002972153288247555032186723585037067487492112234475267217145848716 0.048284240688057015131893596628900953226054082246568752433023782181523217728382509700898086120781674884
1.2659574034622818507017404949207952201343692247356204238541266026380016219390649320526537061058234092 0.73503452303869770884945763548741918328636659342243345804574963429253025726810349985486254136199954353 0.26071052713250232227557814092363411618256003072741564031468624072972302691595244805614589277371556672
0.30745441197938743419764684731654676400055613412082655793389326596328726518236857770227796189701414383 0.35083155130943138046530737854444449660254716263903422050467465005920813211142004961649958151959932376 0.16509146922731759680009473627746865971980452198471580271793315363636756945543206077424176899665057013
0.10514673098675168779523355983453160536084262054574866728668231752471671472220284171503065082125169267 0.35456218220170852657860704262179006792007010493892640790284900364847918760054459472664178523979844308 0.046035592293231043542276164213751935579174107847222024209185099358446216631231886169797319624047570899
-0.03702495632763338840790267207523586960199661812937870014855275282891713968932968806189300503741785373 0.61255287451179264466874642952965403789008341985242635320106166220724831855927375998706094885467559583 0.11579008423357164217597646432339458749620203531074861959991662095966053161662946177136134742667932448
0.43559141490631432849687604334336870437678554132427933444132102945491850451470934209232190434802654701 -1.5867323839799648093110185444033636807528963488420988346244614312788106117769332631465212220531061046 0.20414912775240474696763493821235068342170149214124468349877015134342545175495919410711935682782016878
0.057189123635740932986244357685407255837757538095488037494231353802888313955338162492271954087053918403 0.021629783559634490929071988029823137786817176426806446534822652833919001004206087724135247846381440874 0.025570670995485598373040314125779607037467995095715099155401197341129093181069099677590351124021671106
-0.11500731246470553870385369048909317970102670987394113550548657178573390564677564809813148921374686634 -0.42396844057508294230856794585533135045215226241170446292327468116381911508429703520296157628058024352 0.25121591232574698021471361961998195884850707588695421041929704688386259705251085825725177649965730775
0.093263227368803948069635842061099853279763801251472839260983547509415002087555267808494253048842077226 -0.095529749730377950078735862292589717347549833483467828004553177040378240688941731555510019008305445297 0.27653263963775877994800835435818709702929886609214704762659620102111408680662009203156833489789035985
-0.46989510401592210097036647730427160872968593735686922232936736474893148277754192328160924224457684102 0.2470547567912854428616258839845801583776525879320841287364074485590059400582257664109284380399352395 0.26512087758101071370304510412202017862697908089526582212066696642649180063489791716639990179318847886
0.3392590553155713999469148995248365175324463463015202680098056184270152232361671335499585408054146179 0.66001462368047197273024846335535044017473057694456495152317679044073843128857910875091592331342498789 0.17689254372287363511006471553952654710467577468050046418164918567437817987714582419409894010004624446
0.42615895785145904020518459624131558259555073609341919250949182072372785081500548613007404397104421521 0.27168963596497779361778009342419258529215033079980867814024458403807688644639514380241752030260207699 0.043898225344636301773539609239621731411672547363106369182740341855066299500724084480701664912494905477
0.42571828522959037129803668801062666310197549542692168980989279703003423108749546652867195524751090493 -1.4063287701929704444986844634838413951890598619499771362024056770521725584978696047597737132284074465 0.26974848558741133126575066211353438539506988172981237313517670591115174104572908611713817796624027165
-0.87764827289606022768096953828381324667551569069874850837125191844418992382364209634085694753075785051 -0.26669124012949735507856435189720189692523355036326897110453248554989095521753069007981255122564876374 0.15380211088531589880487129330625980318330268312144883534327180747526533486735228715524353345236069562
