1.0622760462229511035995496435682771252508286474582471025761674029722364606300066382460774248724888874 -0.27161159480417613626069905068970653731921145085498035845739701200897460154869074226165416784603831924 0.24695804996375649375866123317097972909903151627227294754378990969964692285805155630210857061434474776
1.6418817880894990098495991007958480234339851658253025691281258898626782433740942157625732437145503263 -0.016515073518338259310456559728291343354933890770453288160847471734282766447471061195466909785241484366 0.15448554577818074323256196056212064582537028276561000279851993709985600045622525628315433128145909943
0.14252377296558012696910061226563480131072362678869930850160682375049999835721532216364986709360088304 1.2731031622207056879006505491018362109035452861200839269832029069501409022640672191150318711462767421 0.18714268863510936879889711270395047586229961640509486723058275487297448268362234233131659575074164157
-1.3294783491202741024574765508852294747233523168191956357350997333343000285995997367107102005175633403 -1.4399989158710442256420836364503742583207879502501262838381901676840593126871326342030475560296198706 0.20787267653988379209382149068119928178577512685317744672364168101278424883968040050241797256039346106
-0.93980272280265036624916171253062990407000573589388076206501819286497115512571210162367895146636402583 0.5647913184949791242098088906694991523050592960027860355868433245643923783002881815593799184009826963 0.25032553379029532678100784833907706299295200502490965793010842947993696829342394363728976964393649483
1.1704240818170275963974372023659902396886263957087339861236183982236653268115506897911096066423533069 -1.1261639883206508900693091473006306610877102509981290509574225756247731761392674560945546200883468808 0.087531770639983064054558802508063166742544058596993072152479807603917748498272246867773111415263406595
0.27189734410956230439349449053421449361983890370898696048345851926547478892526592276346319828753093546 1.6335061956648166894642404725985136470693992658484549383189831828462807588482208472264995839043733358 0.098335801999770845020462362331458783492540663593667452906327317545336837445352493378011911908233654718
0.13998680833090299377514256775697916125462449671453380807874511360710355786261124071347665579820148833 0.21868401657334445792308113428870635701301609118691212930239154864231317287254941678095749707820084881 0.26813503483239648038097396409720578003756175529947932368991972369523628979936357796799722216656980683
0.56436051875817235795278462533453945203286450834329214722567970030303881228709869345355842395607107388 -0.58024487624616093883405505349645974983324258048707879639186323936856785455875872933912013138595731515 0.032848267503534565802775208224455470576835820331052775672378290527437479652498987112425195894443488236
-0.73294288304129091090766078845941551902920304899510086885615308205345471334670203968416883641082139147 -0.16146720958838489214960248057300549762693561212773248575382028912819620937948199533294070209592601891 0.26012893738804004658361149883469847315399767238237634928149641975441554674455156024531295466739388308
-0.40632302334943387934859959859180549747272810510142732052180047646222062203805445559131858429436217099 0.13788377311281067369451972227343561439393968567018440555755717766608577092204042506314978698020952462 0.049661306341396885334335330153648884087885543276978487387532363292848682581320444432645471049489494848
-0.61654937406449500073442589136605724844375343174137468281474317469156783265039644757871471500127628695 0.16318123053445754753759005025714223402154477740970216411424802454598736633859707231223803435871523246 0.034239518346004809104129101206619662388756364998084438979949218308697194576804977232661146460239827882
-1.4161097378906205072890012073546230783251512258688251506732176536962110292213915639344670174621647949 -0.93626046596661410769267745132274553369658712825628156592447820731950693346448065088103021025743822039 0.0032413375515806796920043406148941033490594280451967924916629463248282963034669346793858092108994352746
0.93691456332189836698101328771207332687683490876972443500077383825180936211712362319476407038802632509 0.1615253452653939211163163138975892738040760046534230366156561692027287193255402054953195165614631751 0.2465297769593857446525871496971484943494661302635225168297607409399917853267401572918792073214219505
1.2003830404273478682217818687778729180025019745508568014157109994120631720134897269404969946108621583 0.1751571937028129885320065099709700455742761960658592880229319295879023136315878097207187728030173525 0.24021709477406705570074814058360741063770637561357582519744489761847448580871421912189769730763124577
1.7604054869447956499479311710677771869988710151852262549635062758310786279328592996745252588098796805 0.81397029822571790651844396881825975476137034225877689123710885083272337108666146381957750425271165942 0.18892045313902161862792658489866102256128346593264026336873054852900182416896422294995757790421956668
-0.27286304204658657262746176482525667141044629234281529479528173298975086598483253944570536716383795623 0.31791070636095715818188274461115646877311979389779144186986344759089852051029320463090220267383614878 0.1754009920025855137588700833597480596720974737377921350052936710576514637046348360138063093921806992
0.25766797157275248308566614326738833534387055279226372377832845670230152703080088950427712100971468285 0.67829066587075494743351282277735136249263541180914121567871792575439547831307562879230521625609698229 0.24229875913917166689189733579152320421221502894830787521361355367688771229033982353971370017510697584
0.50225300942234690641254189660546627807804134772968631498532295980807970091215844352504880870333120986 -0.42620658889090986332070628600393794545903882095355333943505609106432480712940200290159636456292225232 0.17926356845434051488415651897159986362121290056510137166631570446463733032660884482825799088510295741
-0.17772812731620458040212328379286759957818061315629815054079718153161902545703677497011598184768403888 -1.6386580322873888597969154175695159403900306843273124050004697719499126234066736035395468853388985648 0.16842822538849030867435439236544099728925476684471306060132553182644498308170536882746066176820858311
-1.2657278247507245803466771423455830192821599045081784067109834286718779956118954201583055496436543154 0.51175232096420714953749984015745059443732609818298000289369294694418592292627357141785495540839001229 0.27873710054480413980802167990798215946589915711351498347813763336895153033784386905726880155333808142
-0.80293266498546564785483988858557011909899009454924175971611130408487798151674869543836394550551688521 0.005793306328588015509106749067532153136693946286122048631201500596519379866100215455012169144700981709 0.20508161140630597745401911689217445943577656194528457087058438174862326594987340120620488652996565546
-0.035368377875154230648066640132907283484244095095277228169565556157225388139494528944753671896078329057 -0.42347953743197610178158458152450614851952198874800326840514817682827656842657876652967507342333657276 0.05553532714729586101635633537518481550802081132381698097406482150466558908570295760365931769741194093
0.8125089689905064905741107841961919703851466703762786980305808619631165342145603610232940220889384135 -1.2481244297705004792843812717600730666247319161193305746355869109819108197746363284081086873316765468 0.053692804027200821844525691532960861177325648276713689678391250095566913016782822636629326481732412209
0.18248877807170140215668941038720405338673734259308596302027853329781253491454559268362168115170107908 0.26135476459058560507208263642187132773855851557405426310543321118530868008708305201764345073359072109 0.037983252854031342001772441395835415074540627478175884132152812861524114149836450183720549882054707163
-0.5495665976998794192005476393002780708514645630169948657287466662344966978441770973292053989396494118 0.45466860681988777883606331423281901178865011800712197292045307713277173182667427323974005360869475823 0.020135039587083585649629451046520274037717708358207238284259945974130867815053557820645655619901937224
-0.37587833793168042156152080727583128818454419629567395953919615553978351585672398521011797040455482905 -1.421244241787517880069324618778259636321244427005512444942963461761978116203712596869062637712122233 0.010341017387184298265097644640081920087155917158102949456489986476705685117068250450060449571294490758
0.16270174679647363848290839002516877571390537090918093693721159426291708131543068538500392519927834062 1.0533810552611996722170197415089881137154180298326735984939510035444791482212852218963870203651476486 0.10091557827784075923959469482635713931166925011300113933366101394197327798054975255377277992628870642
-0.41593947232966013195798220282945733477900933078155240102595044453466095229358133542113412426823231097 -0.68326962369714275239784748594434863828238274681630025651124644956767340186844080520234050705268529485 0.083099645951474501499428125511003689050456225926477725201713077450909239889177458432808826911900930395
0.00034290980647265289885859640751080533093479482173981370266752273600753895905615138639834876606027215229 0.00015908222134894716049465164965324094034080039839103821076913127398158128352416394843990358037418353209 0.24528191706453450265429277784350880880556546824598399148236918762122287153121706264214850242585521391
-0.29423311955889926058792466145895450604259740778572563196886183736387433752913027795586474167285164361 0.64760839109378281664233174507003966985880464553594707885725618945141570867168672293797822764794294674 0.2423929086261201890364092480831410821247950411289790745102620342816034169132606599134428900316135804
-0.37951971769939944076080871851546826167906086536152384191920198900968085426033289480992200611907127876 -0.21732587704011181583101352596379769926239271340730323036877347087982340129455496612215861030041317006 0.15611381362217562685945116747703811007852174859501841102361586281765920588282112872858167484766025004
-0.36887319272892106301294604381316397500870911326102759448853462786741501112064151343765103082022481284 0.18238530382830211108485114055394972552645088679186391495488751077970888486712194919736805117736281952 0.069749326183569519560178277373364969089527936670209606603630828663268507011702603627023753619644285241
0.26494942137548288205946594158433758023280923368644280053223726640317768499368167413949332781726899524 -0.14405176837911914373831488620147274684169908537319905068048598487184091807581923217331121979329345664 0.22675266047737047796166557159276624242581672151819649443818180059342636915902680822454421864985463346
-0.79665775113301081060867464377309559308709242046957600252881709623942945920486818541849691390038901535 -1.4586401426567705458864515534981851481581686434023647755244404535036409360237966536199027143151537565 0.26432580688421985576598355565880269281532337239590429971486271790015049034734797016351567242231763775
-0.79709783857517342439582579836927182229664392447796548974670935298918677780674429258155079391289194853 -0.44852576709437018478375073120618933112739316884270219323049188724345088048669606389522728229484606801 0.16000018476686009816846314269504375079361120879077454375902665482611745387721841308974357517876276974
-0.44594187010232886362078724180146321038696590689154764233085393209906166391834261851593882701124822092 -0.33554303607779104908826701399379006632082215664688971151055274523704211205310149252880273073826076602 0.18808640367460644867866150875867074780182872823480059439786425061615575438156219180185037074876621746
-0.90581189678701832056475060230745068805894634924902649903363384344798388576178012494367028863833548949 0.45141405917280740869744781846761369092374933369598582517193193083353413285946842965993746913222500389 0.089163139465925100775399798192684863560070962977512189655342150166518406172185656231178446950754799369
-0.033518691326851535422166591786959265586764676129312225207089321193541713647605531744721716838605152113 0.57900640273627487617144045777051075856022918366113603498528417431880793480797817482390364494756543031 0.099833762611767895393877855975257017498171108279794115962781176354368314204205428037978295567210471529
-0.48913238541699172970085801782628405983049845600207357120431347083414318525907866310183501981332108334 -1.2367468305144950186291017199739044753267283412020300393891168090660769619159390892063081190055762428 0.2385285525241201705658805136952320862516366858874794560868660198305086303090245852457780978709990958
0.63781736026838083872700614440969774327633083078082063348253834177827978312480343180176006154550891071 1.0238093502781813447990013915811294350081715654755968622578693615483956616110040861064560391050026893 0.024051863287126414148589404206105210971675751818615413064919064916641036695391398337717714738917485272
0.84803080799997700177077864013713970651978921190205103180552978926040535113645849918519140992425672882 0.055444025553308151205780295152591180065831246302828712564240160035127629944097348345462263781348178504 0.24104858789487147282371347868668142340450923448091730246047266205008982724961079647671869365991956273
-0.84270883865626463898184712065265099857230137199664804277780749669993092541990161675417465285971196079 -0.4570239271756697525847429012255674411120289202569202851080504595754879604556706818578213151870838942 0.0062691209519119578226085719387492593175648214540178337607646769626581818143649450803704300125492255705
0.072372358583291229866817200036134107247273744398049503004366283013934698606191941550127363385820518891 -0.58134020533333304315437935970963993202355888718103318545601046953295195934057651018827926786032790933 0.26920925534554929111857706333034352722432835297031628069562972389990167412357422236981808527662120778
0.82666004227186313844818226133808821955749925936235651415474001877834705072010898641326693920329511751 -1.7098465970741070618130828754802334615524240692547913411488268480133955257817320883418159542414604044 0.13465776483766317560199652948880175185555027798370611788625741764154424952584350262990311279817716598
