-0.1156910587016918379066034088807152618096733518969641903641617747843123043765520019364481745804427429 -0.011918064673131345693580086319367975431762760919701037979905238414428129055144464349676472616774447287 7.9374765169481505276107223228983240939719038779111492987757314653443416252521585471357696836212644818
0.77758429113606815782859068427322364996472687783059141790239256374386788330103660068710090450103792705 0.36620614297774546445818278677354441189937806605482434650843414255639917427968782152803236358952192265 4.1453606131933307762542671502652332269504147393850165664032524724860767483801108861339564241703196068
0.91671957637185229174640269236213952641059993859962224176288145258755719699243203650315923160015585177 0.032023315362512881473302492398326748618331162702474452029220818366509545066653429351406213789845399908 12.44100642309387188537357644076315208480093634988971072834935760744341077145517118958013408801485142
-0.72909464563859454655213851244017590462348884169696562424928388118358940898639931141079881005547219699 1.5906632072880485654870377132830400894436283070176901876662554548312658784735690203787153848210204315 6.9224160980537036226710229221333330158160954297616913678778322645183446200722937081676926724709984973
1.1332231761204361342011993168519408011317792669865958721326493443341389578704281464390599175621996512 -0.80448565004586597428170210247220409085243042439818784762625142471762746169043071380157393574900574754 5.0874232779094201972774541701373509647409414972593058143228646008386621078482431166508999488903231037
-0.41642353364840025145360824905625757383089555456420122433801427757756443878451511402877603598139158054 0.63773246063830475187042119632476144434177066898186436395415757837114125104343363036877583466064098313 2.2216472682234838786528822474871904228870082631293684289958320094646133855470319235501018276521800756
0.26741104276451779327410809307386888687612122239173503160273277022133074852089993005016447345399685687 -0.12871667869389035504395604183167532585670432711523400774649048309366542995277765719243101850822200897 1.7117459061967584063259362945764518652497663740235295828569903967960638078299485937741117648595406629
0.0126608895686749224691089872850772238295110719244208199112624714025964745338119331498882995718236732 0.45485849998807303490820443399490759603024977169940900533972005827295299135522141708094549401456856374 4.4703549758369184679889686576505580088416703183870155679413869520236773051193796372757908265929885119
-1.7409243243642927765756998476858235031906087213762987042342055480259722068553247088279025674765712807 -0.37431309094091130668700582305825216425295199235998359711367909239857613377298907677141521910702756606 3.3920483179128637602488229494734980036050408310277316325984606971175135576910553008599663518910076294
0.12910331982304201107101748254065459968936601463938516341679324364290879903529357623403678094991575453 -1.1418894043791812875377831363755004076121517643171508258281960655022255650292328732937435862963275128 2.4573388746349948321616998945889682468407355196664518693648667431818476915643099010281999367580026838
0.11654330171324330435438829888184597576553301506311606953927733007572261913275607095843763473200944349 -1.2323595736008797263216885891007672797693538794283180207975655258056451042473939644785650238219772833 9.788851904443278787899209307435767098613618371605810955699310048358806414672329355014598770325841546
1.62687515972750723784080889682690936587426557659570350218717190519555932092829891589963127977447972 0.027751092236694884633041285125569828139700766594466471842670133053749747113809713742628084907089621319 1.8706760607869733792572043084976037098550982842292339630791616458530600599881749067946119125750816996
-0.7840279683507576612661398627505492300257518870499512991938919792958937007347100445851367948523149216 0.70814601160674533181382137119859537153517012292622073002348424935595199101157378664750939914989764143 1.0170755276642965453144862522154718811102109485735999263147711689849618247913055756051917761845681458
0.60872683686477450829427179896217929880752220684453864589046019142078687247584472778193561167553567908 1.2137643507002156795685746536580159268191946014819251537555897151532594890909299775517379319813426456 11.782625358207277800349324539238785886246814977442496776904811149153758709903582169020019573540756442
1.8942480989759109344159504938374226653804104632241599047707880280160019219264580388790447969598796334 0.47235033119121311666032931855286356819370402083971812163268025190553326740188774488966884490786641857 1.5931425908142328417713705956312016068038307745783841764339052429231773678052423382325731338945575136
-0.29390633552617871286437250837984986835799629782551583892095751266159119625936031872581172038047118898 -0.4018969895772314367682105744480310550015512436130450334379709652410425001242229465161720632803442494 6.1440880641296281663017986797237373478474162436918685268274497530710358962233939753720099394419833705
-0.62967116761555251916827109699682821831013842918407361779870939403805983096090348449763300263948017047 -1.281032347404997825450922564997971578535309325143294383056971129170665071393166206747643053666963418 8.4923152378017984666757267125657762423020827690703620799062121053771839036753380685347367220201652992
1.2373602128529023332994170997326816102466647651453643078998274185031559807262084864924690702738413841 0.80369734498160665133746275866297333907037697653939168189869467855508740179523385316622456670176353355 7.5003704284636206789376875909038140414661923331254170821476792659513682751226729445213132662334503271
-0.15304865008042324307754857438942952498599029935369997501838590108949810466943483545615389329016221419 -1.1163710945009368747488142748431306778041568326595584344739556778603109157868991516656121889893044738 9.0430267698724592763539487869546676926465833613408088492841483755038794918660476643502980762786294668
1.6748418375079605674145054734873412891472708559173954220564924416648141464568507123783200209096539105 -0.58420442054607913711710740062371029606562251439858952681183122822194023536349659862573846657637821366 2.4972772283631621190150569891356875589069123533820946558223385651120324257659378579184476353179813135
-0.27318670415240963579680600098822518770949453474107207084145057402011357758332677973159805348066240223 -0.44449357555268222314999291346778818568037762720180867974809385079711617696058671017017905665797608752 4.1334162171295292555961672880169622961232794696623558334357654953689064732924876930318549868066455454
0.58374935733163581867089185691604150173423632555678280953771340205588005153503548243783273351072471236 1.5489375138082165350137940900359819905878899902323109926334460634675754553032465287302402848311714669 9.9342549540593642334454902705121095987608111324457153231323789685843963696980578389224614375098454241
0.50844744742945855373823353260857266476576700906338352310612617185928363507172267755151463657160295612 0.85578865652641796935915388287806321669423009669520395824269631546782904014832463171668370210310652665 6.0254910441614267455242651175229986689021598083714293591885436343480466055946806273497374928344292486
0.082544638652268219619046885953410935945801097773931248758036757990894281030708087141717311163723191814 0.13038657582455681930069082342078204656433923946387209294299970261078035343371362403316039431237422144 9.4155324588840133630984091226023134482352622641767656036628004455348616702505628011382117248776905983
-1.1382185550311048661037714080936302524244578480569840782650204258400672961282985982832742336661869622 1.3984918293878648890628434313015879711366416861853381551368724331903877706069373598191080554656230037 4.8838468814162367105405269817756046585621610678144032638339517239811529155479586750113199210998944209
-1.0277199697569973968770332423861396268640214114322066148592490300275503937292062114061873556878444025 -0.85582181952697494215790393895737462171348884757319910903291147750197746183984001761006354086859383009 12.440012641300237326054808659741387081601570296397098712345723708980838687308142512174365616394946804
-0.54625744652779448652964065567981981046620858529509711360733694131936834443782277942946270702765180415 -1.4292071474645607616131660495195891842940962981263335121405836547101934356682786466397258053232065207 7.0578139909702774614309205347282111997189567388354522579885880416919077511589335896151627759946571663
-0.77492944787388411131172852035793431338886581201199709466039146076133516214586921518896469720620600786 0.76462505120112809468774845114531760889334129189435834845828943484405037625528278732377562820478668626 0.6739749378130198150299110434165700142366350396317484854799243779652487566445771797353028423314304053
1.813935522068117554300576351731756433912956442995858043753081204358906449637245927194628737313779448 -0.5482428560360488422109002576935654406027368051766971034910077018793552269381640147493959247409419249 1.8895695496343701484915549180259026397512658438050695647396569546916535808010785689875133169163293567
0.57593818107784461142957102848056335301244914429947757867030353757214393027236592307885061458130213844 -1.6951166281555403580714707025646889878161961747996099312761637971946227253720066873160922798776063233 2.2302289675680470071109578746088385218472628716557737481570583883329221362530061014254734941524255165
-0.81595118730534379007556274794572890765405886380994551347094374443763131857593149972941259095705195627 1.4585247077027189804182952973651577576739651357129865618370243057130425159160719901128778262650799704 10.098885366974653012175225009761388997736456893668627162316098833401114914602392925045253902333410474
-0.9873578473739426053762193484410827532797781393881346709808936505287371972592351836159096681754532 -0.37994095559270221659152700186884898709871999779492915893741664739965811966127433881038705318815048334 10.749003332528529768067532912680902144842214793755548440436260850348123864026858108248936852281751005
-1.0334589424720026233413821921644311240169479410299908994528825979183568128733451091005878557040238347 0.83537914193033961333451888183048705525748809210785966526119411891554386815917538119634875497561104196 10.252825962355545567005152483051234005249450238758888998258638564125623776528355037902874354969383442
-0.031155570472432427921466170832275876872674502002822284254459272521592244635075106279745440240786818842 0.01752582305683315344431842713799250994217009089614596331951732970125312450127778857369646153414777158 3.559000763792501169340318402877540673853310767899233542456314394321043501527618949956574650098114602
0.30472193164901815240562740235371124741085601973231497587602128772194721652213618055995719532494547838 -0.20410882286083738316276363647444778098267597908524900061559967708270518849257168916707981293629882328 10.992833104610275034907377181319261677690068184906326999794608217231595695690143670064042986788855365
1.6500685275557529235032481212058163314680232077259550155807551265947411548910367748907964734332836777 -0.2237224589004976692569039129413285701943415934641508571292951204843723274554931432580436888555652134 8.4874662369273444186127929221205932539978738779459054867241169412906918277733950291145709192875040752
-0.43436168005785474933313954202079037215230714180503166941266444734321484249531797419709938101325036063 -0.21157162548925872337139701405442101747045003959794517938916948005474533539175655721281727981222278023 0.41998014373721638605558778472683203697062934352170483204541045465655942485147095318396143642326015928
0.0045079363705049654683323628402802896076562388869400982647315201975214485506712940739914332719200909337 0.27982022336264047816828325440658740973909049677264525545375560960158237089412964485916991734608644245 12.057946912607338224645720034496005053161754548296514096373814254471127145071747989695416518521688736
0.44016452929928533240527296132901561248616546369249223266343460913280710909051698068551592418272417992 0.23241372601486826116264747820708578975069387343457128380897762933325133071137305542378338410845217781 12.148555857037890525895931658846414653836559553039893591205819625088624165614261482642322489800864149
1.0388774014075336085127958884837569630508424994202041265989029281361480336942784410480979394165526169 -1.3563162520083634951881886104456082300549588300711610173115406225356079368185046656073295965388589851 6.8167316359900212961162909053455115119352685100071890972147046530678510974650992991108461764554448603
-0.020117042488991815418203936260180137549008089042668961220912146301494044705862058771531175317144792698 -0.0092628096484686861783785909718127727169964910206578614324922267266243489136375543500805827909726114805 11.110871759213778748702093325938100975930967625644881051225332463060311115396570766881957322631106141
0.07386900453652185146502562134784284641509442434820315442131100063031583808018246975556542533781276825 -0.68964369076610513242072463787675152202318255080331038491048780120560664100430363449433424384498738179 10.465119052670938406785726544894904993089172603606542136572957414536532823823269074215198427138516788
-0.67218218902980321177487093255223488448624557938482068883096204069867891823474394047371557831613592913 0.21399317862813122129892417775978416290736863887248874980483147439700790012387963553106700862300408453 11.372358524003346849262464616459512691526379139245950262381559076556529929357126451648313502853197546
0.027810931599727847370598409692640907142181425916301135749024764471118320839949653811521339134501928561 -0.33255924444570795847831959504316450676330757789211018289226099417448956813537865773151044102737471545 4.5831398952980907567640693971891711182339153770502544357824560054968395983226272483543831029950922402
0.13113109964268577422443258522327335854271225845962880817942218460932178259572703066039569853610866463 0.24496014038909008987791488957236260207316131672292777569689100500555946801638216917171432508571254083 10.427340484336428212339490387039589441321782087223558973085764019414230420316376011399069373953352906
-1.4526282338619831819437758791082796213885805003689070192645109955453430499540466601412749518895792957 0.063263084297917156088222661756068129150677481877538308596812370751708777235375461694039980417071572494 7.3581629155158048573143159578726922523311648668288734667467811775619047387536787420084737698785675968
1.5265900777433329352418850639047602365083501599960765214898105032496452948629747068343718552067898746 -0.18135869175130105559776074930543845217960919166782522686937673920051420294161722833274302976323330541 6.9586100187050459149408248714412239939253106159076086610579171296034023985380184771563931881008230965
-0.09518066416454503344356669530526116732204018206078533125714010887197806984004058212690470343052545042 0.71921108399326604217254898542813324892090366958761270455582066219871763804907829551390282621924540346 4.8503811251716301121830790837519267263222441728313468091778768978622341305316296889310354668196640386
-0.04620405560477183077200238901172638162170054809237354662366951713185915021416659500870178883108831819 -0.042551389020083560407035357965443112118232543696028802960094664166372508323881764531481438287280986498 0.035833427760623418690066493952058271598902166991546711475271479196745123167673986571832784125964430007
-0.033501957384394535723855119390094690544361660725862154511684430362303407096487691315006183002332250581 -0.35379005485006581110920502108849141863590090822560744988422164044775034887066032600394569642369510222 5.6957667982444079689241647873302243723676925197479172109125795977107812391789076904269389799406313787
-1.2384352070167893019664443791016590227700391137047181861647831522637838046245439003518382126897472876 0.085138790724663068627983343998762666376823114955827828082604695843323104333813381568532365703112296745 2.771502029256421209860888717654283251402198826369197972557505339977669090227017555355536654766476314
-0.71592932737195360603904038367875351439338156120655713462456818614597294512567128492624982953457900072 -0.98245815437078389771128948506419294462632823361192564726875620802892913393914130462819916464532938809 8.0938255660962196853233457277501043745534233855656902549798301993244362373091539930936164787528384065
-0.43952691227945123418681980091064652339301931743856028924693201628644020069696888351946569296034727541 -0.11248556464179344069046700182821708516286497592724282884554499790884642171202064242396965921980729062 11.540571986700205471330208431747657109233148006405276491958239352850929517106287506322757571763341736
1.5397443295381239034546790794137603949035089943742855416423026131951352520824288446039833141321930798 -0.47625849804492049996323713539844598947217982369677369731338479608309091652706695749648290815465890947 5.9817968087346396054304799655179676931116805593752241840276690416043650178990805508496160686890763066
0.07029826194516675874135086155705354605706374447282243014698485961447434556423582429358733717950716892 0.36498890625386097585749931977086424296742804081256471149080259497043384504968067738633014066213364516 6.9946346873086732119882064427534616005672487716090103674542176045686202006687893286833741026872782491
0.81671100406716373703690024010490604157025815450861258335693730280025732324623545065278098216023456328 1.2845755730929518724412019956377048011268192157157526897999718190900730897104817021475780526427118415 0.37104261928066869716851752976654502031679803993056916861494178997797558288655779138631052402720562782
-0.13280368626287139413842148802683924211276035999508962061365797429299613105994161639754905908015150235 -0.06912741000002031265856139769774240846032809778239208846851119048013084801217297812595137959889656982 12.423408176280632227634846355087987102362710626074825545672025612437901627025703667221329438796565349
-0.58163808622316224472775988120987191332612924552797601486251538828276062909248798823259669552024858005 0.26398709489848041793040817160917625409657900059288857213818505728312859438915588043987470738161166903 0.16497436854504432106630071420798255440782704626067983294192587608877292626349655654196337955696435015
0.43042720735722281345221526280690578288578018806102704021719765403614013744950288613590699896825490008 -0.73791990854942643799376035075293505101896782466782866879451988338380505834135254349883489327000262724 8.8938032072976537062459360961943761235821576004031986332882084390174737143455190656241576534618477178
-0.031617805731103503159939526869886870268033657299224402415506489341032130473282208352650391655574314322 0.018073866435237635503348855864021028851301928585997667631502792399342585479239775740035096692161795224 9.7382785270058526023503319905353599196505152688506845744323817962012276100058293865339267261360504009
-0.07811561740099456247956102249569525901542485665250331937724632433236446974523851216269214960129285147 -0.024261249092950063888916823689039607370587990868744997604535871216417314155900318286818216271243869401 4.5038266705992625357222181586811766547419100807431120297459059162379910123085721457620109995057648159
-0.55573361333121158529533147291238971088503177017590472375608176491690617147265312044390619449225180501 0.71000912936126068268732571560039459566735125627248594155407820364172482512998699888348114264369711654 10.514142370116991947876613285856418275950371606216010470252275506984504848050420376746574415033891525
1.7506248005052413677917263119912921717183511738247723544260659073113564592292036307874536803957696975 0.92673344298854029814971644902045405533205023684487008427915711788927593783812095469153903350559648811 5.631486588110852279257494840213842216269753031336606106383684728648475111029685057100022747485420311
-1.2913352588785246189434311784570523529079888394618893292803883539185360548927611338332468820614468585 -0.89842785932635175858154392567708300540240207952179359709633473183938226180066506356095995168954213871 0.90867756181309255045064890691613894469823196764551415192560671420669020383052329557442560723286624045
0.44177619637226395428685010754410615876315624635666651844203630919345487508927940234271189516347703215 1.372167074346112034479076122249365975389215626046182446428035331370118926420735616273494717587628292 1.8238475084614954573430208708468012769359152463987421001974318696272827201194904580377560352141794169
0.12772183797499832555119447167940078954257844098054987090419762109197927586305561776034005496729564269 -0.063279096079421547931906505748027714017824333272932924823876780886288225898343460796249942971157041785 8.3387409691513752612030649064446918300447647001422612214573795642714626862743038123546348643437830001
0.99755877503594050472524587356457304266239292465192934346139285981570496952777310576068090013870812421 -0.37434359712688277078957248710310514861672358556560840197202397815983542323107875365218963308365333015 0.36962101086745167183904942290131857619077472712051320271158974472347883585787018678240102742711286774
-0.16519599571939340124723599742720001931023054121098673236305870663761902936852886906585513879437647037 -0.025972133104477257165292796245005207630298319652472596492950940771903471247221476707365390113265334945 10.549584369649403863503000974371682837589357081780175549798097696402277656388261698715468442545694452
-0.3824985306228802804906592260552392642563026710067478653744234345353775958251311783638883436069704665 0.45020933255567382489367359698782430250132233453503402463058796757264502377101663059218347415128354 4.7146570459474104057658763931852091483811170473542113643963980872673628993534677895813626121913463492
-0.35693134746545500534970755466404128998437276444925545853111735720778993890590441647395239522195318902 1.7206418348227159675967908914608563528788873626262312064762086689233329135738664320010880161378495198 12.356389943040424208437768965022260045374429083377135927176785459024867380278781184613933505784444946
0.26844424538476156654588204901154509664190724189137033372675271727860433731523692806846112897738682779 0.096254114665928946405730114960949853224930969503806390124826388410852864798147065004370115538356995198 7.9938524895169190448118290893776985300291323048497039386335333983218668151868993656746588605690416435
-0.015885022505666317301560984761116480206640132479281910664199534402870008653786823611252009645038806973 1.1398227566029501486784224196991457930772403251960531882500133627775515613139731396111160435781653688 10.698092231370438380990594488435460689061909789510655405387757385591120029595090224022487967939045799
1.2943301896136429224411321185569557376304000129015640494462449932747604925058423206052357230448904565 0.18549859827602499141870102551648664798162811658619918397479236049363058905715103905105272340381068333 3.8427991308961618861733763883213740861196634787842125426148182613803981482869549141927207439067467985
-1.0922323790774490510716605232967602395235948703293802196298835208872036338783447088737546219966676298 0.15431009945027365282774580762705061463226793571481989280905590472209799569843345532861952343694631009 7.8457722335799551426063958947846008977240048310789593168786296808626161028886272226061193134461907019
-0.16939975019509091562426997557363297340939649088031349715814713924703692207260111765575935323887385869 -1.1077661463905526767988645031620827535868093587661004753763463658232623747919448638332053341929052418 5.3213044291560841693239237188471100913004194049397903038521994352787577225741742196009895226042333954
-0.4225129410577557090493692553113079525573128773340542702144531292120045142525344313955724448674858739 0.78755887223213314081600820807289181864416815525562716069880057406203516216193359282712778189464292699 10.260016885775607917962789646434559067367049532807511042002125700552899418056576725899920807085913773
0.58423202011796657772217452178180296322065910571547529865917706384325667194818181952067564583981970005 -0.63435818024772793856959826672349753520989015338253346753126317297365576282178351864298689761840036711 0.85792690390414432276440094833512624343464188457282987289825821464533600846225258989785169460754170443
-1.0502094364508763678208553612403929619258153114911803593833506497750340391753523648407439640989174925 -0.45087670772833414909990409539662610924009016926070991691477160549117076102464877191615481023465350876 2.5132624046920675742912439360814645013504862700718836568402364212784792427571843089510595570421287766
0.30499705856288978496914070861658389645021545235384530186057168035272403985755662689726986966019279449 0.24519052116428669636061828513453661334784696785894118085957202508130592880932365326441339229873756223 3.9618314630551643070127635859076165058448273856274706675537776945654609337535820139745195067299379779
-0.7759504187244020860762151105157150122229859825844606781056583667120521852335843852934948682125623845 -0.64282822767368659303118888121920907464680698125816890243258107747335322804988288116238287720771273397 6.0908777750053518412612934264117284406703829193757741285995509918827378373705381153532649501254589854
-0.60963531293995453059002777191584165420653113322556010559999521022945167730740739486210039394852787831 -0.1688935583096506344926307260460104163044200059845110584738523816229287521387684368286384689098947121 12.033486363862948522687330993703329888098312497614737720149841640148167562675724780563966750488726447
0.64267741178289365755572392781674517516196397071986354968043900367744600255156258582812233870173894155 -0.21833720533557177563218703471291018155339218915281980343540769213686373990866780989631575975204870394 5.0085935487078676583757092002281662957902360257254627914234141383614165661256881456047833658409354699
0.32182964125319375348095759731710090292582227799396541072248262923823061892190800986604195729128630237 0.4239108804007441529306643425101010945549499008878900150457244034921927007248567565672450545607375598 11.567311370985915190964226108113864352908815797667136130079966788034241031967562958125371071287143442
0.13964409675662366130235909494133640144171710075276609893324269060130383573388119485693594364691554439 0.095983867909846653451982799372311955732619612217725492655843668959867201968651168512417585866906898042 9.4148759463568310370060640461109469174960903478105812337983156519138902036197658846731065191689002352
0.4496349228074142989412591781126728566943316300961703788870983411356257196904879293496051056206118753 -1.5709676235208578955007691829103218808478178009794182788166063430225760746857376848876327843073062973 9.5490969392899864113453486665295188080341758933554217922674528407689791498737521617652369347467917795
-0.72346466340163123585545465739466184496728008559691701590360544183760363718619982253248691388486628957 0.21458146266742954812009197613652594653810478302117554554973194278589124666859185682511421168832999319 0.82176518646264297683055208776344819528801215807878701992161539452351422944509062405322945672005770427
1.6157243796865106349263311705044068396489054117022327086661282781460549539687663565712135829453328905 -0.5741632585781131969967794045477747787429160573367759277282373248542719887102363964858772627271622238 7.3531251127039582480569554780800069807357121832249917439357018624088220981837601339981362342849368154
-1.1410181807757248596259699719375281207287758752678683674456437973553127612567049684416296662824129244 -0.76295900555854610920361015148816977812051649486337850752971413769562653323043794538762731718076791164 0.79892934379096789977827712908282111140210513137165152036652418970696767228865973017269842555925119525
0.62854172012178079152807383986846338910002248272163715842955108715155611263918405047220169094881974587 -0.81726431349298621549363409738619173241881985622887135015025613895445120395581491037868645584072820079 11.948457427423110839308209199298225956062679966393153727958996244035006418619347008929235809960204263
0.25709171330598941932266652312457358779536600305131776636012042759027297971190767859779264223016343136 0.2470635145781820555581144568128112076630698807854540921375340356148725536734437831983732028159657211 0.55609098047413954329245632113429421843839335615015454619664227100373173511586484777565658861084898664
1.9504145292254476202883828399140745558288253990324549177287651158615699998640553489849660292449271857 0.25921763251225386431960243387453726213116955982545020022180488391970549149485096756471934778808247052 10.716157825814432252460113120025795354518737689325204887037667951028455599731094854848147377401963851
-0.075446408645855566276415926895442569893432445649968648616608493029323527343429126293651599782715780736 -0.043332095672432693008592491284675014202219026361895418951860978112598083850979609697642579175864354969 4.8672087639915028116995056446511801745111687911135481564061479174147863442711139257527815402800928964
0.22003683031234602583890055324490326743080551406427130264422372656791668536687897565537128966437370897 -0.22800352270902441669854830471665574917845241860869214008796611860942946566876622781021050828140331756 2.7988858234642667842187830096538252613926291746103814741575780900085581332678638812229258640490721995
-1.2412777621173144710054432269214399640529428085907582646744982197817706030454579581835206458033442844 0.53897767977871877233109370902797589309580249736078640035623843832251375292501318183802875586753832839 4.798829110954895554647516770015332652511350595630934248409360898948036457331980509168070599110468633
-1.3471816412333060632353803257984959538914625306390521163839309647261081051681915412048756447497188363 -0.40521642695899951449384525459432535316242486403108071850341710476186599606536286133805512976532847027 12.172177885228531316735188664255636158967982206521186661118553783647049113393163611079015033539795348
1.1556524753207052347771690339083959269939759361916301765285208242597840055453621161085471196728844941 0.043019157017468977806267476468032892414898490496958183616010038476358359155852533348839599796752370118 7.0117236230598547313139911526509028439910151009358280494156784133484488071103587151321525465138743392
0.027166756771930738023146682589940333368535933240948553332829048051787105781645977142629547912146304069 -1.426850215680352941448310140119719373768903480607516669758963336509441080317647227043372964647658523 5.3866046568685368370528183572842581993562840584511584634276815133988870990071199895069517432763914609
-1.5689074440414193278154652688031101563193412576043870346232375327365130697554600305550006227450950669 -0.044792883103449435424842238242376017141660153355902826493595186626796415916712660839574581833552493689 1.1968925489880133395173607207374469921205307733213807921675595949955067577787388448373953199534638291
0.0013523189044913257150549930320613315935099074430331630296136935338354001616056947776726254244142684684 -0.001859194822568969098385539497761155297573687675490097487049396664989968514220529910580189420218623662 7.3514443886854870138757076561657201521437974245862510014174332906156517303668393589644386066466469408
-0.29232155846348341018706963302241865742074881539888114852729782800509884656387518644586510431292862737 -0.67237519167521899926027572957796866764154146970886468386289100772269353626235193496899453982493039177 11.735587975726223250521178855781990916132561904039860241346288466917704872278779419124490597049441583
-0.30008485236194682353532182242353215606339308624493945651161816131504784296222388808154933357076549757 0.26980359640426180367823324030797783847001627208127901980976276980574948911918243762202756392149850409 7.1182884750575632637648948866869664285336670838525664383990111896934566196714002026325652975814719039
-0.0059225438449496103450243398600472274922182493171474086853851859096355905659806016564164224621673064637 -0.00014438680215827234795836643185919120510780820677525400223092649728608659734205216573391952193157820211 12.498722897400540508021483614618158117996308272661108662833294642523191176467413305425923681341315135
-0.158731600189801034845190995100714703199380145814500445761203163237633801486041015771362584913255093 -1.9597994835016930834847511855083631654714745920999380195965580117454212762871281666550196827806498754 5.9308979841436429176682880268839782799340590320132734947495814282924737895259116309335179661799964993
-0.19265533853970730494826554551053671919085720943404223832074803736294850241926263022701888808047314312 -0.94885821037038533813458619622781261909257159402353253857516271559627165725002302556804330945892539237 4.800109967708199467999895395904997679694510376334037089342309879905991409399152100838224424763688135
0.12053539341711349784366512640524091362706278914997004368092415991913639413586285499278033244357254696 0.31112312148165145915663155528907830885062634534043418794794025827947081368095797561008620144710662876 4.0667757063464676178725426307942920076749728964068198884504124426957857382147754322777737332133732556
-1.4160670646596246148853709753857472528425297879426305982092410056610129265437086970857284944712503617 -0.17350397790381094354602648542128948228009276291259871777931991745829168003444483516161043781385639264 6.2331384931827902676105213856112093829318911921150522527442292902398758940161809867821343016604906226
0.05564143722574541931730054055176900181871332745409046299973526336932428031833435065149621531555731037 0.062429009228671092938165015266801055947980614744163860518498970879000258632791380657392386519627677247 6.5637920902052858192865416679202904574043898302736763962932937722975767868715412817444781758203514845
1.4323853885015374922152573805051942197807549573543831501270435046637128727222062444972660091888599047 0.40838227165386340327370276799338899448784529056723802624939862778176449452275677020055761253138768977 9.0462872177447756184151503602380746063627539962513969049451837769678765681766382940670768134310979093
0.47403672620845881201235476963965867777472538469572451054514335785844398053529258115636127278243811734 -1.1619871269715452983052901675154011774169640468719953429702395075977845697806579319519248206231121866 1.7710003318918897786102236085717217705932842606395521544389556166400757156468571124544656930351253497
-1.5972251957601439171170662426270004399004576896920315665165052171418350357934229782041290832045132668 -0.94687234464008461293756821930793909426570731922951639462257076052977914773333839513269070490115445428 8.4271171219686993578945955266834673538185031902737312461291024720608488822258264779594394247676981231
0.9264723317983069732328680649592143533176955151737317601012857572220958750396350108960390869643666293 0.046248177826667364240768148834001068038197784708056803759412485943214501999087933094403988960844219127 6.8133049408162353135830852732582732655135713000318521788166203033777081206015810840629229183118187952
0.028632183874731824935060759604866221402863365789704178276339530827169968032008240580116029853729423447 -0.46152308359057816359487835184022780332375115796574814953987794098323950844146362835573703993998929445 2.9467146485070548991946950621682028705720725945452099402478274305277925462012777474924137319681097753
-0.90714428161294589116978148344147463196283651556195704153792822884629133826248506426763793751943649818 -0.81038490164847660005474582915626835689606352819315559991410364566852507911449971234576323044105658054 0.73260147678102024817614068898378066857637895083799086524363647368463831543765535854345569413059913483
0.61074919161214932218019178930522305169170810916203311140161578239184846980299319903079878064689764688 -0.88846480073536160043421439899774568349755201557897753886395912067544669185063524533427134324566766966 10.506684921150360349624114620992170535068969865049848285609891811657392922757642167655423790862337064
-0.059710070617785747831602139895917624817698139520989857803918964281704269059235128806170603471822611612 -1.5327066743042898355020047011430716753421466674292297529038307130507842902792701196484043718071185731 0.29650680691118630233333376130464734498001591896139675923234080290145036196886555996129302105674626315
0.87684712294859032039384151485339173031776285686982904064367005125638699951494446094878058102792288562 0.73208540009025046125219691595442721444677174247972957477295374975990836860769207885905527603583329936 4.7511955176621946617676561583792864125370454081224689928180497383836611240512910100797930663588997211
-0.37027442597714339112196186457200486977128130584826821862139552379250142671008328827826702949247703578 -0.90202166851704076681345962487994486216417095191937620295565168620296211790248287754980357298556071235 0.069211629068303768286445916769593673300166494243868631506323169041180964784856617605655296755034865857
0.35148401654222812196024826473364662570943091435752381695839449137142949130570742781860641359072630081 -0.40589184639595765564961297227572174636736370263678289576319937487782113261982708066403226359764186673 1.7693106450195411768834889498618363998217279132266973762499987002810037053235110679625313980568676379
-0.090430210159284487299104577241510268844531844843654436501346293673541921124214657679692514988109118469 0.57426956145258732379619233646336799748103747439749385095731751173620389539749260503415482716266715499 4.9906649249644360953460176654707620329835777094226609751980006710214542703660934736457235034180913209
0.13118437999246380006355997545171727443132790401208063544316142947782516522763930782160104979948058012 0.017169820503270101096577824169748186338458631044851915273038818292384118940915731984430865272885126561 4.6983436511295178038777773558233449074915195456153971025827223488303163757140540866216535715275356011
-0.81806900935823952969935945995753159391923446670255291584677858780525740988419306781905415747827855972 0.8985208207333195716260234590242254037664707173690055156674256273232918047524662790558834760579418296 11.852459625888900399263607089561545980848619620423607097241586979781042113764308222572733938179371089
0.41340591699347411658832919710780468875079880278930945546859306171059689524315098303538290284156696403 0.36588364014023103125203313378340204012481677389015400986264627715335132992385413129259301756638075288 5.0649137939212912119290332739274661031583478648146450191630565614281382063000897587611112113217805932
0.59223911903705059314938945869887089390792583727090889731331995521891422867394540130684291850706753156 1.8444786691965507787253110956355416203534730964038926090473192571501880419401477833948795071920309464 6.2061009718743118742432845011458879670375280586985462612247784716178523589961178011802626196914744158
0.19668097385114462960110698708873968948121017502878620110211010879014950346260258383619391653529586449 0.097644488034224162787973454124552030839052423236774008690795408055252671853634632273946469466172410808 7.9851934532417115002223986073881880158047469767660639105557812745738639963006334980659739991121690168
0.45683447775560558334268661671264480794662838551602773060698878897080453239903247794067428083952044378 -1.5735534044935372834482827653940620678750438422344617719527825783772680199463517699803436351528059655 4.0110106238119088871077157300038346057253659519847857243583208632969514237959694018730424998258908078
0.92114818382985688761929613625566545216381399128803789024036223350722061888670993678298112420044367139 -0.03725071294580410222290757819272677415521147961977612519913605870833278727979765746817918494976338483 4.9299417784342445247897096198229801731017858762400583315439128554877793202630420388258228153088951923
0.61963019171525270679084368705524451856873395063666593263419663269215065149470082591175871336909708849 0.55458371288566276242099778158695964929115111709519340904989763018375748744742351075724574619226524041 9.1109752129494489927282125750716640645467823020393809136670405436259854168620245230802283304030133558
0.86942086450102229859478225498639264057146543283194946885798759147310483371874988170953331237177477419 -1.491618303564801838225071081248461952839450175058822583149635085115403949926644888361005563220407959 6.7127938165910989045461159436017006182715791762170108001265280377221129920901611751660889878442658826
0.1344976474414285936265271526595173012636641650822625805612727992537598364499550987869722768920465 -0.86908226723942809070802283757916876798188165198184984618719586084430658841387536328883543750935746014 4.6028139657197180882310121851767527758439751244743033623019081237702354695376025263202505448077484485
-0.073113411592694218013804533294820998395280626072278743325318209199111438301742831380935143303036164015 1.5610584372670199626066762674012337906464617596578600837956451006318953952804102131247368365988170154 0.93437400185062388480303484247975828340761916688903232017470993819177859717644891308757506408645340297
0.22533785270500802828538571878472721872144053774425266064234484149178614811065201986823081736170764767 0.21585027276690678128334245756623247670289378069201404825986880081503533267931010519732136111531556373 4.6983907577782983738298299518123858161564662808355655910954167667093693214524509080053867741261769026
0.62551860502993701291061476130261382617726958673765498481325505699391279057404786705755536440119954087 1.6755216868044468615664367833965578350900127083963877359014658811726078746661460352453747427983919163 1.7754026038528062958596970145421883134105001199012741535491005496559000178756164007960582211561016836
1.5889407552173508325270682127319541813475824994013054090090333589428173144696357909624610360294024852 0.32031792405489749385528533385262466131128376800555051336594974994450340796700909776313529137845761738 12.518758106114497687431326687054579821813484044375692918364383959410237299295026447921605311279630867
-0.021237712297282802060446528424527544835813610965929786681071311062172360891593646289315546342911010139 -0.011927098547452953008353762002981678957716858368431596452640158891226829155359250708534151588610357622 5.4570424907251990980699708055043729176032182595878484270190937523063050042213016424685642424267291047
0.77474061608227552423918406504351371337248999335838990108301315211508213245555916711264096946894551949 0.49033884067418593208630236961151194672818909737409041366791288967854602973746605773986018034033186908 2.3489342258300061007560830704016600611793181592495361048026783568214584075631857101119643393922932887
-0.57503091504070448716094695628949449441161512414823469881416081091753931927630648863802679101330429279 1.0833762067476068025379643437166525281898974156223101617562235868090495343131248351568032459343053128 5.9143543100161073361334403347531719228333855058709923544141020418661490558081679052553982029088982908
-1.2199769576057798511035745839452558511522957293435544394436680202155108064069811893126468395937958231 0.89793507474244980146307811519362143267399463399976728048619805124659057770534752869873945919156753384 7.6663158599549817310469800814443111106374651675646485640896493666451690833820831904201126077023136967
0.42441366058115484674778023103136706653312058547881817797464516212516783643778213665019037267788200218 -0.37083713037707576403130909802903370935585161596895498236419225648768961556649165411886282921478753045 6.1236376604278308296527089465066031966360113825880471508693586239794129099709307736018593894478615353
-0.1541288904301118405130589742741481754597923903831452092126221704709060178403034261957708312555786924 1.2529491668313968093314756091941902201334903140281288439659514096408162971117967994951109889035613351 5.4630933137073644924324512798240850431161179120884517482770552324049082659586907936435730864686750539
-0.73267011022371592938175314320938506175049544569393838068892035202544662673530984546925210856899030174 1.4369461840224549121854396177438256899521783323592169205168540327722889017324751580632144161303806225 5.8924700440388430682050049540148855277467816454830481480529572451841570904778704699904644413947932634
1.6723041648642166983505333332302727250755562527789175259775756474112131363308879467979074868043363106 -0.10435277547085347753877194899743413345101595401512076360831873541791520192259485289445913501951958371 3.5544482355962378037528044283846875438906142034992118756834755532229089248255659666668854922022982713
1.7127880890838716603211734839591055461102533684493364313966127723298317547811556122162683743812645736 -0.21457163665494569287800233086564794147557936208578421906752790969649114287447719743039118132969706923 4.688070784254406560568553359465528016977253776626138280034274616364603570792696502492346360539364826
0.98323092691083729397298475808268943836269304925429585351850434621400177876767167364582203444979559477 1.1576496052794597506568590280556868130530321600846686024739282941168890384205480910672572365462915307 0.35977598490661760765898066379437118438621117285807939645321320749517844401150943266330857723565722998
-1.526179341349397958597876669172678943461822791871703150319866226025651631489971719753886621994636959 -0.92643802868560225060648393808017037119705371933918166485358136614740790041644220871608579374447040047 4.5426607504775472767852211550164803841014903266106136790175445352208441027228306152389095386079625803
-0.39931855584127454459447998373885150758514452056165796091043851324462314773431974101453748686489436057 0.18503479976381252275554971760839258714352149746771422210994871345714003884327542852562901763145184782 3.9612000848508916174964314908682671970654837698144856040006318281950452419378995768464874139931979288
-0.6699142583079301382295874544293742671656710712743362073320424003949006151563644209466861400222082427 1.165266277051648301515199990543187641659215407376867934003360511576223700590966670270878781842414519 10.744509101114923586557142438742367983548370043423175058084812046937402878081001995873255404055283518
1.0813899076927122922991414895456019068321407032912179629533318594583474065473428261544500615289794557 0.6668920181520762535486729224100188146090187744006986636018395639959296167521309594776739981044823392 0.55911617908597034597181840162094651515909557984000516042639231495855056949208338265312256753376135812
0.65202317362714768785180345579501600643286351118251025181321393932315756398942634054441665481603325689 0.054547699816873516534213767340764601800858254846139068597782748480431638556185493285347604265184557335 1.3350947139204682599547473624205604391694295014305624826389010586432755655692151403483992063090140642
0.41322616237381256138097790033482299860274366433275359143046872865796415717373131760112905354126755808 0.020622720072623245613496320075445328252926065937065916065169539296234128797847103084712133905929703573 10.86282186607364146683830863801485192777143682822866292260836140140459153192121521740309097922630102
-0.0025556963182976072855036069544907170708016311338325015509456759372064244316857219364209006158153881265 1.7224762167221058771651505262915870594724949191602452626534996798541276208080449891956679661536401759 8.1417072876390289998943593753149418351004356543254035340367530087423279192108808981235594111230774074
0.028950639816343180048384364477687777975428400113165245204800966166686835154152108788227050331441218689 0.59798404866155264003812355048915739618599717456657568334935406306826012317709246409904633256240455728 5.58692820247758638692604054561988754311130563807431824019892067133342882933220876107368103927761349
-0.3629848760430388552861477644187809139693653114337582046985803054163851481025330678712004617394650008 0.59384130885517524202709432410221271868307538407955897481810981778194250797446509411474164106938452969 4.3670380495029308053532537612699073437961759841112995408736393515206109159731837869819521586436053859
-0.30799438476762250431368811885157402490418315358842161924761551335150530057639936970012517322186206909 -0.39085356308889741305990484494324324020578491726506635640912666500131669412730171187962665671038577288 12.408322325833740236421891564298443502642128150666390175387248090243986157240994797194399362071944119
0.83177781355675426849695593950111855162534231094138672883702181563508817904731275208868163179287395998 0.1390739792790361749247875844505381923068344150630074836040436386229345505206228911362296987091932689 4.7031584129697860750952432677302556329822178788094197326933305116612643431570004813655480598087459404
-0.042733073846189969364878290640360111235263583188096868512689500925026187580915895464043959851665584187 0.077201126691911206062120402555454097526976522675014082061931035961122293989299219132263085797085510507 1.2306596961476484924165567267375665018941988703632680222829935335913062287387882127309918398711605223
-0.82862153454178449817162989080334919619103575350608438641749373089928093468913940081494696955996094324 -0.7329596182859382808019601703590152583372803984366181020469782920073525336210421532836360886375945058 7.0124192699192490657885485157651116175771937671956246276013189959012412928618663266784425393508505704
0.96701001337160733970155275108559738224397414124750082103717807234546540710736648609630868437594966027 1.2856495422963613820712210397507212519578163616893142067509117978994321283322393977004316428900862112 12.167808820806926102528449003874000327905560366354101859959946566033706633658714199257471748907809789
-0.95490012116251022652282563372270728096332937163714603124589350664287577650890657948258616303877143659 1.0252622403572592401867166129952230795922060850596947673944219222560216996247564129032053499184163582 2.8024566404039455242981241345467241133166109260495331786035179562877468993691307266286252567401428475
-0.20332996944752417051614423407972408825497090731081801776527091568784724651463923411096801236595146954 -1.223424009284113196214329275854720385402218813828899939901963471443110572391146087859476208028220735 8.4454792328168682715301922554729708786153480131234101968459324319301263118487184091929165374410613322
0.16687724280034482779660514238815039545456458877260909934488616685894815397613118590063623255276142625 -0.2622732983915381230817015381818388370707114092354590032486980717481385878262429550980090719496749956 5.8843561722890730353021853488647279783747092000389296820957630366755363511685757883574512902122133735
0.2577645577387078908183666116778025244185193870310646587574449180833411292000281599422615271905619795 -0.54098932453535231796580538407685733776247743224901087403190924117482365900142376388512224786882058959 5.075877756428680619615205372199297335232193630875495570201468023347569203212749212489285397462866718
0.33749603806626236317102497835631497112301576071492687772532416976462357981135713364490484360480766112 0.070093904858013725219867857475149378859684888325680725008203444850872773771725445251660257537520163301 8.2340342133314547746504014909232276373525094253353626394974521564901047820342908084403916875397661552
-1.2866121771023643327351690263581507114064876868238138170565402439524522729200262058942441602075655854 -1.2756785310857913738626821196861354149697389954213095434583287792841714493680777776939472392858836554 11.277023360828018548362615712545878130046478083935731010394101987623774950963678531353374857155352678
-0.79225417153509558821888858919950607358871276741696082274032860358072390830660338064714870877683927145 -0.99184095206664302591502856097795139251164977085642678496791335933400212121172756931322373114570826034 3.3189109048943349565643373513364467024185984369016974163408901150498500756343843416606847226049223831
-0.83059026914186348997256328789781711085290616986947173866693728405234886420271653008508102028560188349 -1.5615947012364948220032358990390348575590823029579497014436188645687559878308765657826337586593636225 6.3880105961945357890126833791859376094221832318989393587188634982795285930994315484561167758665203275
-0.32463376469469257671503027416716306109341892309773108082178345783867457569072266763301793442469738262 -1.9049835239877411225300245893331483700527196001765366343810551245070562148755339134359353899920990278 3.475981589476612647545720013187833836525869347250242294774356338754337480579452957087933875094249068
0.1111208036237675929086098462655280828169239451563800187825363178686559055363968432777933797808186067 -0.61689423337357493906320950005390753418357734633292946571030895491786966290420581080581593980012447228 0.37378627440673160336613770783866070114811836248021894980377177533975823541448763032582875368804192618
1.002459378112405765404684044462887387531705210386930249324798340222742231904041402836819883127819391 0.59858590956534260846325933940752460880575361393290829170006901236786585904094667906709836816933845583 4.3221656147987789787792697307228740700232059162769096799111696816462135459695971061716724548635905566
0.32490284561088011521124055708790266003173986017557562504649883438818195505192522831854452143935901239 0.55615045184921072042154521940091052280124469456916113883581781914928196543722555789679531363460625734 7.2238438037091307122827368629935210297510819630710397816219703002079573550452488311663245589679795764
1.1929613500087556163971599898260250729821185665106414468178436582753819979602230213573689801871128034 0.18542259116370786608227901649173408283366010975829426039942852242070916086010914870277595546752696488 6.7656582289585424411156406724324983802262487412240653210256283245561778941400113961776561132804027761
0.48443964377525336022817103469413728597814864133741666076534557088107795144623635571682084703562136382 -1.0139741683693951569158908706187889526675406574811178997210426344302676489510366265662322456501381657 11.000664089928707722697662686752475704557842519636449248942377543855506569683662353228707708185409889
-0.14434355394660807846272734920680597264826023552451576786873377850891119190119489995793461847363558403 0.20299210237903674867306068046105110828889403560092337830799686591525979165158016291959820966429009236 1.2872703832251187580703725159128193642296880308599191452042794877814977623326841457116616798824733152
-0.26641775840404134539179332717607521065643362636153371520305496577381441396990558785094948096648344198 -0.52012700974724370085040442799499619441323888065741392646829185848918901334039585874531119806624580016 3.3177519111866603004355965574306655288098424814277662089126464226670555619274073712789524713496412024
-0.6399413207569251911362199967280655826634270143783637857869821324397978253169011594423143234163960572 0.5792791186334173904155508963140179421893086832254738911850312530955178774193863594165912981857964328 8.208919043521626332791502051301355436900114101970944384923579950654286826872198158664575153160319958
0.18992413092071413038479728300564459199796917954942897590870932387072375938882715315122020438309135878 0.19444744955522847749252918492749662468390840590521657996001635263708401469829964103666042046126615894 10.533944357083684480796641023553037951226110921271146479397948030580111742563097414354071075183288229
-0.076689314151162887771368755662213696760699664074502773290488167034677261599478368266860836181248785015 -0.23013014643858731146853935781485122527783256046756899132423019500932517444649342906925623656468291727 2.0015551793031967051906688798442684542391049746921063063060556548091766284370661726288587064309962322
0.25749177699603985284958826174267428895854018461837046327821363014378423336353401283199735774628487725 0.14903484902940397977418446573779913384396923171634678877002986141904220897903647531347164508008079015 9.5331952586412718943120568500068447727620466564618206120452806069259707879657987419393630898892361049
0.23239034043937545149523819848888127515168388695950729959365122105618551615141323201275718960176665633 0.09197429267220173935869513733917061898250081287950049730422839973915677582989810963414992503006406007 8.0073947106276813875938234315397390080285530848881693029459192244194304204044540225568612482077680298
-0.72262820684450743992118730557951152849100930198543097478794857542192010464970294721983760988788228869 0.64450528530055912698298477747130855363354272211632455063859269425171414378513593785746081817006640035 11.349602257929972110030913473616960221233269981712375210802313677735154333659272766440747024624875529
1.0500526305338163504781628833098689157764878299338861819978313085399221811724176826702160651534413727 -0.70096895991891640666118433362594217530204844664074114099058187813460294104954195270795419018752092668 11.654594692045301343919104987214055405673896671688672183668992777769772104090129828128641278794166714
0.39819063604265462985647199533166675741160552655576017097074159028098486891779561679611368335197046628 1.2256044108202135536952808320975622102932707261630867316740140481786274468221285295157577574138860145 1.3241221935670177402163225563995458026985278470706231897167665438507661377188968016611016221824901061
1.8465043579362727911876995552075170339612671451313230565888143917758591777189419019977888446192753187 0.48423138245720107591094259222969067889650866240288327254250972729527900200499054095089731678706262911 10.400752326666992546946832489771547248925458242612413699049986259580985856728620251233562592221790874
-0.79579505679793365979489092686485315214114084031421050256287676956090958533766073081028432313915227734 -1.628485917231247374930903744178565360549025998079938621654020067961647588899353574585029682302818137 5.7980888300854333656849491301200419991005847162499343508468782207102523084527293847864890252985142117
0.65211824866882772882123739454804054694426707870424882399203005652780307593403322288200208283861886113 0.39239883521840119631027247614117933268115363195368642126089108267221428218438740226189927405242350578 9.6381693785379608999153108948258139061499561131430195836791864283473201686641370489596441313897865275
1.5693598223003406564591252504701200077247281920401095237782233295379166509558347086671369519556774473 -0.44100232073725624097221082375748966817668219563255971318600100814471728380106031291906117605720672444 4.9121056374851928281939128905595031521179385372611621005201933200337053495846179204825202729429105635
0.65623528722473868944450552727247727768500759480986269487168473788782410569101108335191807257420003833 0.450665830975990245714012716856255833983177504812460134994308347484624066589078654181909453272333205 3.2694512171711599431001708259634085971940975212856185445689775893076572929280734939043677474801835115
-0.94399182787136169453667329151561843930572689342827368564167566328469202519774290462585350715831715794 -0.088501444378458218904864383974221074377827473282129834444988016761473655603776795720461609506225764232 3.6997176867359531740299658058421399449539642539590266579993529216895855870869659002554499529185416463
-1.2098109913097928627506663954105783431228028382955066017042224386338149567871993406434024053273356772 0.11166988688066022853002015188963575365734806337291670134313126768576420396764175883685550544075031498 7.9814955560064533104759516812720731844759575674036075781210307769215365699604519635796542033808412811
-1.4489659932486718782972585054663635742839395006213767576399991312144664083439443702969802519042865255 0.20454300247553452453408284439974732347841090807257904136973855182811796862012830700981648605950369655 8.7642726482432640652569416171908851869310045708138395791799935334066887401401318758558066398807459405
0.99929918993131001473834248946868961837193461602607103944803904776481832961525872427675719772239818618 -0.25353986395451333335643368536007695836356105735970742244013597760052914110716412705808391838227880984 4.5209296587466240325653967919138942544737449495083251757569783433198619104217380091467635997749455691
0.48510743449809747603524329750755862860991499517248982046442132753689609152931103131343455473409210526 0.27091255091946965729312425593432697378544654927148954226550165811413445761195215433966733553306930923 6.8819824502855523758342935034395328571709883031793478360782257589192352425701489845978375281093384614
-0.44834886333016917773124408606666459978312376089670533280920063948042084108675189630672836099132386255 -0.023134000013295491903497875742091338072505950465525033878626580485417080825247248620065587361833992302 9.5343211501086481433361924640809958404309374547243608728326157285012729756618793833017697759047213455
0.13960926256738383468838465512339619061440503833722409431620852848241952833144012328063583631452348195 0.73691594517267880864502000600488210870312951611832124227825503463730650177881897188101771372560422377 10.576519747017847424867946095917178671139740362804030488919312185053713614996352582028669273731531023
0.10915464850177156622971267899457398593627112597333468545173885408714500791573393704577203425443433837 -0.19331490992527556715809512911505305283566245098707379424373292387549897000390781360381875000929231146 2.343085818706121436438934705057277410031072225515803575202084716406883344993566203314153791718238302
-1.3199293794329926872119543721273070868535961981026744006858484888617162322470175854079724532750684026 -0.10866140267995555920022173427006810631662590248796709662732835051371043015739297984083204141321232691 6.6427380108118382820601306109806704972400556989592555166271947561485407019348051185300860425806838944
-0.97078850532797376543203470749045312881363261713550830579727658609081081228601819990900686047946326868 0.6422719872706842584910306287195191184817365244052303645287776871620223449743701984799503710274003941 6.292761013214140419960014747235390728223757006882427295157427124383646876515898591941818017940357003
-0.26072545609460878431730710600977210449326354255667745508143709252058510044617312940575419443765017219 0.76793895706863543898087450151818205884583529780949938311296324052873207074525915270755575396825382433 12.386428246566548782777389520538776431297363917718518815274952992109477934605500979408830916536994605
0.093809143102464979513659883200579376499187088551338857422209848966365468748444696223895040407685844305 -0.53289748592251867480767347403947372874849490898925589950670964588589059657926779587718505997783214054 9.4300971358415366008239361790946873663606930980484699845652633579890486948618711815761886734226301326
-0.37034470479746792604508395234375024810407507286444876511121059988166970000525351635935127516839581764 -0.62941031240030570341576513696883294550754180632026689863180949560787000392497888421132848797620985433 5.8230590710980427383846011040476225439988334015037176687036520357552246319985445548053455189372084619
-1.1725592978978150131842889705067653041241095231482759636404378057334137708747856666944740639581045372 -0.23340169411768353072573896727072694159961333858951524221196865298311181246153941688816362924966345457 11.867694828368268011266258839341641731429072860465660575387580950881298293881697433211711531103481008
0.068485384710851288083879751848205706182224947036397015478772814858951864435164832763878240246676701866 0.82107109051305060764921119948204184495960203826234194992725374467813549641439410953320538063922339717 10.231420607274337659569336474446928401069096404195015266623094112441561182339763136942817133269335979
0.030175448224252075319602344108598854823358965514334823541352040516397994070343499708868082948016081955 0.25345063077445634473924364192954184778230402755266469510028072111264438775902279935838688405832319626 1.38034490156580927105187578983645999575078148300786006444673093815076041371221598738252563292400027
-0.38233768537473667212933688642621269402283299871328046291688728729571088095548897142017155281504044854 0.18795296625331008851270845895385976134639977759422894074133390428182293819308904485619140490030888383 0.15405635010039161350468386914026975704763632028510607666567531383519429440581586421532568238768950921
-1.2940499705518594746454838100474423934023699938336586542809170662895738945612395479445446400848928827 -0.60597938380359591953132951725473925367180567237322720257632499438000682813305182481480078710337131945 11.35785574112960650752474134417336869314515602536445597643533921887664714357533694404490652132809811
0.75458039834088117963744207476707385095631818091083237555481449123346040019338060766702182826976418753 -0.040256587821466511696279689579564322710596944566733366497101990928161825414879659441624687966470741192 4.5676230381917866846879186844704504318726976627133277896886256475213054400260066231650191073335411693
-1.2030185248310919285789395086787749140715890429177681867201880986226172846568142315784947656064363777 1.5046290020725641129405861030720936730129497041818544786602390200478177058548964244680721630003397358 0.29285499727092224521484382602654653189474784483653420817200584357744041674727930563639699084102751668
-0.21369729631832035448070396423612165062626922984929136500249860890766441826827896989048897538515432806 -1.3460496965491688820415679620395597652268117901425693287043092720464543796562429517496503566976790898 5.2181274122974049901698520218845773454246216997978090513496463024215298657582941452533503878704078493
0.52589833108727647961977578471345158770183282066463758113783794927586433439763991448827380623285305673 1.1204157689446403324366584975369508450987374777525673913412534851358799880866787049958068305508233293 0.58730291246971521255065686433528260027117811151831239276246634558118829377026359262934175724986952064
0.087142819648424169448551761666664444668875766276341878060358657729989564796912360268393724647842137436 -0.18736746175911105528493117768488236514420336022682071721166711278068069109657202494811885460841222919 10.051316347721166225132871505432923066853207709748648495722727842687945840247294264441027577623924878
0.34022843128986103401596469561302322801558692569573188184754700371261869254251336872778961821017162004 1.579770630627877594605771779084052673153763713853583058545541985742567179864992491415028595774726423 4.8883189320401791780489325379639618022980141760908797653793796302244635006486969386524383421078376575
1.8207133607914730652008838213751496387243358778964947151239238463151262255590193876825474041327359308 -0.18015901186326085386018623589284082071116826806498362736861076346016309041727521637899583390434939815 4.1811236425100942617277429779574107627004111608159133413300473920247121997257315056023574539049068329
-0.030895265830499159096146560624488500331919810622046460216254320510552054743669570797984579026916063445 -0.65574767597082995986164325456801680564122128913816089510832258395437860612141555345142932156215905689 9.9239853349862554104540613332004102967745291449910350945185256271297949546351621310299824113733376724
0.92981103020528143222599928023203371344404363369859375926166879457058441890007801050645068819843609807 0.061963624857457949625639388708963144123317719115834039949088155250376110635287865688279667975250764184 11.712686493450041574527820904015655061106020875655000213169398624316430305959964030682957941961079314
-0.027183570792659865832751888106950135669477057718357766858207912001264907405439336887459162407747266428 -1.4557825375702741630606334232323957534481014193301559842222348110444169541991243410276416511587121316 0.21063787099066300439428775049126330741109580780677562147461842267740396393724358892916790852864217431
0.97519086186706365982858499100061551291396235238635805968087737727544096297934651633216712008206390723 0.057730160777673205968340333784873486438113122683702479894653622325603485137714904233890645241988282549 4.5580755950704027241400661349655767343655616272116508648299240326137481978823800502833647514057856617
-0.57491052616496743792698571303893504771251881177256339462667225210525480519392796414132705676991873406 -0.56858180863320116557330292879251333608981443651383909299943829719450958862053060958406391902447199331 1.7467481486260610420258936612688229820039814264808250236764749766963272730144859437819224243917610682
0.12764290669531689917703655385479756486032534537817248408040652880214636340904860966052919285681653855 -0.0027245768678184212658679664634177610994180364878049868795331363713773591610602101022100740800547718773 10.761740192333217865148646506168711990430414552693201447966622170961958678702648224054499647412402096
0.42516444926118181357509092116214411434909308975528369067606672879621804910607822626736761663277283436 0.56128799533254256664620424815314503240270730508577806132248895061867535567494553283920688874800895529 5.7626474028378262223737231736072516275120487333157682031920904334446015443559157896313021578337090284
-0.14744291623018724191105371021733618228805558715735760781599511843478936180046987660382352656960773864 0.10052591879838324563516496160499619985025894928227788143419801014719190448907197179667778562231368049 9.6868141127876146916228225945894836341294634375181651904356848177413711635674845896888559028414709026
0.57051108631341484523639391439813205836199410510104797624356080389512041496661612199395687813723627317 -0.74562497369891727838876134920029607585430357651961874952582958187813175033432153378624676261397779846 5.6225400521056795761664799119104223658396450877092891793251448327195848778700763855645615622299157969
0.25248166622044500447654697611288656658788875037654578109350146453053654677846830877523451612884145685 0.32475536637969014824667904287893772912695341128303278105328326240576728403143865079939411472317558222 3.2530094038374285797432657645764775378757180190601337903041995970712163166252728717452713173053791013
-0.10646901985466198628033128200676976048374408751962224219832674246168717329030014758455212937932492927 -0.99783703431913153920453234296898253094444487882613079545849475732487924765184891990259282427103633226 11.619886306816586677202343597816172935366446900057747936043537308833044323159405431751752175144864495
-0.13583305414349090429140480717598790155565020549578170093031963401557548324124117030027103821725155401 -0.25654471505134750914167988804259803005737827425474467505313601026280348908340692920213552878040321159 11.098599671025251595931493226359888755813332261640093388613277427795326124050552481098681473232520064
0.59411789973386708960361544349879645368768851707599797120337006027435580584898695811310591432547927034 -0.07470245261408190273370559815563872018744469524677135158722454705212745623962888976569810709483836873 2.5845524720714408667483226749953864762704092215565536830731616354978726933128527387118991096251380988
0.0095393656232076378492809743900958134689065040498799578349185599316296119911230162827126628850122127628 -0.077378559515501680166693228229764325053391626046909020265082070088199994125997294484323611064498013547 4.4874832305765682654417402153672538551281567451849246994624485651316685825290761233547053453243640314
1.2366081010365335413173770043456461047276508066873015302212098804098646221362420472531074704143105864 -1.157543014384080389073322579950082242403446416137947526568213174302291591093016311784772887252172696 4.3038654548971455131359353635089436004010406670657949238761219396817485020646743732315445441786670091
-1.3900392935574489082595635439067265398871252004648505546763254590956286699525185166051658797156635471 -0.36581761454929983645108884307154031765837352919414689018917696849708181455400645183094320868068445646 11.09085831044869879408453772844043867484790652529708329778721437547529728064736078676136504280377673
0.28493124545398328718996336661343276491215884054525125361509289619319629623423673138811293838776849889 -0.0010364671866429198571023686813746310582933489480291531754789962685810561793489758052825955779113167085 0.16731659281123140328784346018603481127715480554684729765780730990920832178184178218339802779523102075
0.51174130953934125065723001149610191105511054813889014456206802967836124646379215542852606207240350011 -1.2944841706589658605604932956768824681383399734324382761591590198832287934656921521616351539694680265 3.1653431704648133959032756911893089167152802974942386207944064244342413281112085787683383980092346424
0.41586169178833420679528757225865023041545953382085083642357463195657599428073293372604277906524288768 0.88378979623767325221003123813763596522945872423201471824182964559181927734499560016992722577889012927 0.90879877317750142782195752613090174926453710334135826121911975415914686630417838201730906246295846695
1.6646353291820945441836231428316560341476705515716567748116399240085714520739544381699627682158315961 0.75211920807171723705555452232288595473878874584811919589376199700217155238230969210728378137120650028 4.0085933053931824564677432572247007304267942214525192500906973834394387956900966307190019428161381958
0.19932700465614384757370702862608098939831142189679500127526831091142937365431859721152309032768390408 -0.43499600435329717354994369999424215139386395671470306154009167966806065194799700778766360824851448088 1.6015039755416957308444585822360879593073711942005174774897220172185142151686004745467887705334696914
1.2439196042882456929577601311258593426482874295553042673170685761210460403945238459507415874971966281 -0.28807633452512489048255638633483963354706381862096117673721617043058243982698926617219124762840896447 6.0429506731131436195649031094687648967529538513915206037218795687022247628583296943434328223665403128
1.217244541705629483351543785920381283659192536638963862572320692947835400765812154590399942450990736 1.2050686969341101032249135268219424062965740509045352513553607757967274370247854785730643319138835605 8.5301977708878142726997290100695037444762116520476429639777540333007031928489196622580087990166512267
-0.21160309547639990803394605473972123069831241582472549198900785676265842844605135687950630789020233527 0.42103842214968938585326777756110363404452260054671054784666211386157647389845872252378841206291203323 6.4554497038553890120441246730760182954755710407873921733668292579953733405056883705307355906550392881
0.94907648362483747509542297188455230345571087515197244408727042036588086057206577723838675631567313428 -0.4491183752130714919957774433421414666002903057844202682531265693443085322209831663941671419155783356 2.5430390010159250437916209643608432535525380484157870337587827978141076015465945456387035720798653359
1.8500213525640529056382102007943516638380008272602856239337946318465793618984701493667068516366737122 -0.46339583982167133671498982416606164643665639987660766060661285814035917923122410313421339541482139652 1.0179745950398990467518850999884502917836984726564315499515243001936955653472458978705776785427069497
-0.048751761407124980184799749788095595918721999440178022053880547709240749908090088509628991994919991281 -0.072768350096240818242215088718533818532362028857599126077887823685341673932960329830312116816557312831 9.4223406212906211019638406024532254594335707810984297427972907656269534720895507331679332736785630518
0.31728098141710548444629094292431030052481541883770401247478162105658738671221802143878058438558309523 -0.15447896836722786423025835156571927449031852362076711679571192763623366200401842633817030913115990227 10.300836532610545815488888817170279672686378424712821069822687241225448706329993058779165481645865511
-0.61244227139136971554150642078768304294904683867523743247363297882164206998491324330962379878726233795 0.18819808731511129096748730120187020042606467133294238221601879242677462946613584117170452811370443237 8.760281856434070040098255625630634430473961461249857674505553205609008351877673093260387532354482663
-0.21090311654410748470509834686652433796910819513301199807557942632957029946269849996829432239800876974 0.12519216127108772099319820079366284194498044746147143263410433654436628423494247035221684243037901327 6.5102306842097669533308365093747254038371587937508295934415760044941417385303253337059273246213444593
-0.80866951172452319149209885209494354319603448267413782822984027731209812763254527778733392298631678465 1.1448820253468787907678179763824114166182127455443003170917013232629565770606532536496646822606498676 6.0855345182672606944235411271158455281099789168296919731433181666421871640359098909577023552266337356
-0.83371540855087948222836906871478553665689402911639923720932718347445781532485373981448187489735705529 1.6641954805897007867116039599333849847151239966135048118072396964516192419771561384924206117198468045 4.6155547967036011266066358061809505787115166543171247812520521889219638247372887761530008008412676876
1.3637230794272701517135620818888650043240165370799264967490384781604787291441668695477237731741633544 -1.143917045427787814203162329902043738728318879659630574593699005734722679993549713303601389628078074 6.6045437312417829331468895198632186727409586852145912198046111258489649428331890419989848656690823951
-0.2143519106647951868003463052375669880862859242363765960409026246654970223388645018557013658228197029 1.6105155779736234344592576692256409300636750742766921486980043027625985940224940238972720522787256271 5.0536081102261858577153008119556601132465494686424946634014550929027321499604179428090901829130718461
-1.3929511079585027216151970866379186802889296637485370600295416724164560141145711219429147630089795054 -1.2668126917585592187901082071404650614734933561799189211371763997668799203827306861298047277990370897 4.2377115922184426510600849244929082986294308730305539139410253104357429319272801620892127156935609404
0.2999561921847356997916668599355385038628700666407040795687127148105039896529250917973567234348140266 -0.060077983274475998578924398737908767241451428504811022831802932834837666907498981522959526347694604581 6.0051370233031394994300542455667481036145096955021977636492558569826586544098584365525284787937365035
1.2222333102878424803263293924174561245512077755704294156707656901365314701045235438098122699231284343 -0.43774586013951803497677983952871382391858351263438098675343721698024875047401062141508191922070217224 4.5823115222011723523556965952243491950754462769034931250912758563292161909466743867796124666722287164
1.4749466005010302621286796245374913447900915422135031863105818845124383779572132095821708837538203146 0.088249217659731174546397798534470824603271755606440568554964784725814683089892354817687775654272761218 7.7146375948988398399263102881623359560137710568317344048361682764682187719833765260326920996589120594
-0.28443011348862092761707849875596082597842950867879397794809036913530480610993727303158214235751107973 -0.56401576854729535697130937291245615233259390563618315977545792505522432315606382251157304425807087441 12.363629866467746073609293704932205325741008641781010331103689506113344328554060634164829113049997904
-0.90587314084349729172665454115043453480594469310876550202696203571725156233933527641131568102093462297 -0.89515120478481663579927851480239019714398029441802896533328812268938231089288335606352760770203292986 9.2325477107346157088613631976366200848384510094156437632330461163145855891805154088044327376106279718
-0.034241057187630919028430901869537116821845343580030555600895257442744857910785144923311205716017216544 -0.23649465234347902103842869809018918927752337764680918028647691464485003027709573498631762264172288901 5.2891178186579819511557692939738664255785203557242839999256091071940977485756065308452133724742110008
0.62920110752510808401412512129071399071067895124294844494683839644528145683115661940699974761701796154 -0.99722341547780135591458396083476643316597982838828410762434641395912109477889852600548184380111568914 10.459418616283051121646683190848014288643393825485333420092547229636454619690491007994287808183913693
0.68214027725891891729957160125811486732824101833893027258086272854916931969241475271748732679953764901 0.6328973003790612654074241421702400825600541962584148551358507727289263020209875822139937036721099891 8.4767238827444166126864197695127102773781195937874905683046173809543855444151557671469707602895558247
-0.80154722848620450956262024510780304047856137666782962368217666943738637477084070413890588645972335792 0.69061540567168939386909771277784454932306664454603751779784796649466285229318030343291673305216025151 10.672967474761033411571890034393693373755585099111982191947587629120605416917341394807392310199382015
-0.008792180494304888006185308621484278254860729756899563725652968063795667925176261083102846315899200059 0.05472144970579316732972094128029169108120266744539032748133136221285336534710429129064327755712662304 1.6282063944548458103861105482409166932890210202019466155827597036863504807161341517263582440888652821
-1.4385253915093566071419035771993776412600689952706982190896703631782579208448164328861920360223525697 -0.083437332710660556979235459840837218628592731253129965249768562412757804927398754210707164841045754438 4.286634765969575685889277977958054534458545962512931050977397657005019956027693048364871216084619843
1.4214148273868049921284239813323273021067870644680083420167114579925230736625825398662195816003553894 -1.2796070864375127283048298231498033579621334780306327447102729123334212159005239759563792249512187507 10.963564253526628258033587731009183836126769672482064452998305441772551752737092347439124297451026201
-1.7474092859809236234642835297649706216823901500585501032044718832668230314168678102061392181393823468 -0.23478627016884690775627671955255337175383436362968828352944835083055779541066544624703010978966950438 3.8938234053992516010697243613157310292503945010369980374643441128088640626470293119463564081538810289
1.0411018432726837022999995360406236707233205451568860838904097906897649432503997009510179504827977081 0.63081868259903900200469340069598806335658156298602704646862993755485738481459908966717849610135914797 4.5213364867239174921046885674919772143546354994116693965856074236622136084578182220466606518901124234
-0.63669127732905563600099426788066664543854201216276857457105494355861892917450415056459013286545094811 -1.3175601254893271680508282224555155318781187989671143158761868237202073507609126826949408037694767654 11.714144878985623647731122958480702577673349401905469821510245363343864777279573298108724499080172542
-1.2221477453869964602661555035085666961971987248948039233497017082990150912530471789793224817748119599 0.50014635656178962924404864834231747537544195963638720012700813193857643571097984657022240440844052202 0.1187990987235079664388948208561190292265270715865480326063657551601849054799420124281492775944478449
-0.6843128925464928788777634739277081252643361548868920046718532918247058728589654018969862323501036957 0.40444531763992955948165982114691935893295532294187209095957828316897092074732640367501152364916349263 6.8875493228928685103541693079577771022884422894079696416769709077161433526726825246971518820712144915
0.56973530179940952455758386065946209549525998539319340050373450872450515443190489998560123552276755532 -0.27835143460143058386555932914575677007383201884681456656034523418192801788478939036466458680639534387 5.163616767218519618717500114936112198012624065941887278969993454616680611538410571598388338488161864
-0.24890893092647876859721014570209074856871478463045306053674406532922408363492176867237036196903413773 0.06497155673498996354590180939038732152426211387816888832194288080822024365788728030037771318616215559 6.7287848023704174956932808347048028400751800757231850733813204309163797989142308635275277663839887155
0.76145279842141952524262645952023444210059509308103150632532094923095908352776153750345333653270141644 -0.073030225034108930163117434710302759896011521629388431639773141906054665300543532051145443266129120564 5.2341569168764708107896508925387989361136419355050423501978979542301665267173240566796626753788110783
-0.74985809029926161513475697330025254062755272610572542627343819234441184652779828784664836787805854164 1.4946876565356376678614746634992658154303843493986470376393096337508457218057539618864671903488319173 8.6080388270121926505983588417347031893904725129928476593730195050283394505524462652435633118533008819
0.42309743419888922341619333264140332989419583067316189337975231393824149338134541574742786173300737655 -0.95362040780698165823040665951397603597199122010579293409523449814314591931192488054977177091561493945 11.588567246716053748223513956545099572227916704997813896368609699021381499041675059795256268764800221
1.6170738030265265805206389773679461460390136167671135293290591672628667697635683152646267417328727371 1.0462135982537983872538855571685522969713215299927785381880684379688553248967551399977907730123321867 11.821733061211791385949424639093175437826772934149449882476394196680355898235803339623972425112779675
-0.05408998218345178351483186208042431240227933842397274889559615213427761176888707916901576298099588072 -0.084518770283601936897624287850141870262545228415271379837623486517872896993704193074988647161769732118 1.8198077244299835732891620331658873066030987541184720678554680786481198041918793496575916418891355844
1.7457151642537103729074392625602107519170958281979995109504825939912570450504525700918173944866281926 0.52047217289903818753639157741498750823700437870503680620480429224495627031428090418032239420514007549 6.8151638892110170663214686649385433199863481979867414966108636246497632347428166711299227580425893184
-0.22439338027841244375852977626994913737865977628830806801488489022832190162265252258668562969874209361 1.0184014568214503259486556599388811834530943334143729504935806254698442853020408874652360188802834774 5.9311918780922985465544478182086316061177697148452222672691423743039947553776498940693399544531698796
1.0762833437253635337340002405015657277481395222877098872922419120158337094917601536116549398208173525 -0.95783091643035911548479981914212679647378019419693867988437025648078336917411884598543941907698369955 11.812033407571089912588452578158627223448880452358505198756765376832696955721927331684484648797466501
-1.2007007028568379783127211055867170338348076248904710439880099042098309431221329527131933096409862706 -0.19783549815223661780213141808722186839836070790788585750446575363536047365719526922475401314745307734 6.0616186269429712141587257779450325180606621400705426948636551613541827349127458550950051577123835565
-0.21216645538688596034106198163362420829840334706751038943826400709416291269500162486514981534531215462 -0.67572117321487669969579280678232578719582578504204349781442223796819501987987760053730416285963019882 2.3760108790485948824886738025339441248519379513472763866716042346387941060241866926182905024258154754
-0.085647209407648105198831714306848924258460830435167586863475313419664044734324292887700690376796292083 -0.83465911072106911323970859480233937527801725338644736829110317459212062583811071762722205258091106406 1.126777931694411935986555756281413426976702710160775824585399734039165628334275283333317229855783871
-0.16289436880563263878154435595040968968703298319008051567749955897727810766168089541131277206128125253 0.98624749692136581943943504000263704444221165762180473389633183549337612756012338021443296195544928486 6.426065584522098278645069701125223154171161226253042984552479125605305484539825662790999255278125049
0.39755632638228220753619262391752431206881980415380777423199028552201272353415866613951853113339388234 0.016858134842970080770967434148537398658750387139137981691037130695096352457787065011977962338267334997 10.000328912569500752427736195619178301870264729913433198213597236696497450332399661241434408540685642
-0.20256896301757227380485524081517686730877606810418527983667630634442639996998531350530768996196151185 0.13746043387278001253142068474010304335412852752420995663570722566071333597478269104706134107548151102 5.109150278867852238835754672288638421992608805637383888593047320476606424461266285442441199125683717
0.049155807978513206449771620281074277278442752375134257320494760124642577045108330631538802160785538325 -0.010262308028552361586786239961117036022735961070525584905549833209170291708929764915020435540809745987 1.9213717266670463595464146098919873820851502533104924487796130415686801370546809815344461480544424401
0.45745844272530858911103582942837688530080232137916460562582720206801942236462998030119027688159892652 0.46338085313451802967373929967405224095948930838450161183403107782991924975786071362303755750328629352 5.9860761464910905324527161923715458826951852139125280597503101366034776275021693636424459102414373401
-1.6737996203456029310924943040817269006184968540863544061095026798737330677443118995338622930068166302 0.21056418606498524477148770483698232310208749388000834186488681267670140436499718043418808978597612413 2.8373928343618806461901614312803496914763814800263291621592205733369389564903538534465298532152380423
-0.043775628106038020471547006815354355632429882456667754917326729174071426217448814730234322692730717343 -0.59476410855025660935754754338189226100976717351866222923994910126212367481611299389644735041060985572 12.024060793636091561450298730215283994533908180826379202909728188020531802313063041321544515256463931
0.59612041595296312293347939956753844514112575363400956856737032931859754898203004239415044810728524517 -0.12889002382620638518299005374277017675950585450976471953817758544667368117649444599429036107452196257 7.2729891187995689652191003713393074855532552890208904930445906197948751127759406774589002949496523728
0.26280583266123913840361813991241357817903839222245488344090078999630816333956430065365066927182514839 0.55699537395109002770167767604900086676794207896863244561969912368898443475232359924027826740637803632 10.740722648818311700890413046113734782810974826322082871987935237082694016761342705040415623789812646
-0.041681435883268702178669596474416478709472107196198638130260037516727356488452580364374182760992363829 0.31966331191229773231793776565544540696865709717527572793695245343034246833885869528579183851847074233 1.6549685021715055727621199268451239982642975547313545784921474614236364959671828747806907601677877511
0.31218533707665781803827221448780891459972362279223614077731452068001868106823333877201035142158562431 -0.49147275982257718270955437566958714146487594837289025647082968629709962538779084277766349490464880861 12.300064738724227185312136937130709494518300878432970712929377806361057078594285278092382387452293161
-1.3516841475219574832640488494236121595550788464214367961984638871407507608892869584059689770994983763 0.57676877214162881123225844965468816877164542560451905972270265517289554849996606569326716197412182386 9.7439303022646560122670511810261527782012227050707019745279718548151905083962341255593480443092008984
1.6378939492517359085194014702669282226083995201023987970516313719617064516530896176899757822067421835 -0.20114304348836647337790389011138364876124888431045127362747816812729023959494377582948571215863322604 7.5049953594493432517135068831029829475230287733914717011627709078742149035867219146761874760117131519
0.19382014550416268727944869880781666785738183871078708745266156727214969926160970166336561219058990886 0.60812463509795313122952395790163209076482829218829903674873014348279490211656189623054996051678421655 2.3752827275770223876781931084915822521226331394899990217282204009967241879484112218811026338981888338
0.17728703642237215849745658914511910881398242245482058050335681995288928804982063845047509890864047604 0.034150201499759178799659997549847138443908648184502255329340604256271408166792559020448697742297152271 5.1456562790183118689696583053915492179800626640934234567301538196479721023165067719910696146157527424
0.38718333469747973578409733540830016873669361064539417587036069423844124801143254299823920894984110043 0.80872800065265617975278091185277714628082804774776265730820434538988677327869239119097745190118384198 4.1898507236731135606607965126868641501320710400506996218209739332343740905321875206776655078618747101
-1.1015675986410875105002131432703381231365453781775609755153052993465948261764162510683061915683840326 0.19992080515184020214511486793623396642801211431357747337837022584670835800742400171657836453053224965 8.2721421518488764672203479005050613555468052475352759996114434487360851230765375820887345468800299056
0.50539959676476096339689672624805512120198140257080903924957454917650433467689667615096024344377444216 0.48332794904440532868108426167774663993184618625928231143216211490180158618713343810687763767963415211 4.4166565472087559831569521470843263125414411305352254647340275014028559647275157287390551999203677611
-0.88649203593473444183774674270418843108304982842128978063884087041871131920667944597545896737750025472 0.08578700372851944093631550972955627604582480626068520135083177180730855773643893347277697718736714881 2.1829419389222295121465008545877642650503480234468871009676555400463198032640391520760622167106655245
0.66648229435263147640935432832208640786106698353271672061317668099712509491918022609707076477643511208 -0.12042172467866559616775499779634277066320415914540234471649847712539896365288531404434793533201442619 6.2499075527266741379376952865357512130545435875757350135723581138095842826633189851170989739580560349
0.94830845358314570739849474828975495996286339468923918808097103330763594022974941094164070835272986317 -0.72322632993614103038199712448462988470588086014000646665409582127220584736992303777613445209685404052 4.138650804199686403900064939891734004675109326714553871722664016724906982064173989088225951043667307
1.0929777180913889424914846955040353751829941724861285973946707691797105174668102304810744666336217546 0.19779834057080400336567324083998477811896987458651310765638918633959992426907081283780973526552322918 1.1445532691893594848789375392177320392815688275463150875742041742969093843163518507540171576852454757
-1.3771299081663919105807511170032421767310267679047909002769496382919568571551656977006851319007288019 -0.2106438961220344852956660023836010639951948031296023591451802513963389881191750233413571515097192709 7.6395544167395837539046942429572785596304745121299734746511578962112392859107900455095042883113904228
0.10985024234829019645169974705837255540837089082257286611011116719980817737067438912766839865273427372 -0.70449017546019391717939562640324523035299382753103531041001044154961447938054130369939772868956883602 6.8733961887922778526806821688841201588586914326511450932583507686872934685323669447853420729040795186
