0.43785559021427568732801904327178102553156516118318664942963698976400922777064164344583750004281056407 0.49769330488240402697632651591173440295928384569187612288170923001871384045055616180959704494006067847 0.15941661170188994684661181768681662734691615169339349856618644267499911505390899108522317993700082024
-0.015632870134636989251673924413344142773452957259001070996505769710281693484415178422640812541158641913 -0.23109476423858343955608954922937879863152546440120716550493023124760840266160516151975743701463617394 0.036473316978143035836815082460271901633933002806471416484844986149252083878155637562268301846125865166
-1.0628118469222923734189446270044815865646604068137769954634001473212207388251219578874653585082565434 0.68209652898150493395828350244016271232405741912950669449373388878431222319919575775921212637547365093 0.068232252239755473892774659762002082835507986522897929698343360543907915923109345528316988511370541962
0.34862446603021165203252234090192872232104308048377857500419770910687984247850924625575700569326498607 0.54636279776904363069869215431375848370345465603707754416321494468029245103740528049603537515558949446 0.11952963239430567203321403727755412813025790519140168560054988734543657168222088281943310441657645468
1.598812354861613153625498551900953726268753451627657446650556331234150148700162292675090326476535263 0.9134887775915290417227946924356706022859046458806879761278025341362438627482496890802957050854144992 0.1055401957745723009710113038610194557406368455241101210161708518783214874954990018386734891802384719
1.8399228486381154446678278921904493094889170818026331142293116060601038956783867950449926081678088077 0.59164942658766220737590255744032141775298645689608111128900530539724678554019351715937957541222456099 0.12480633957323186567723085743780022508883720275414853377020787511092872082624817082481842934092464251
-0.058703392014068942290535908597940487932939172108010580020711481345969162251617183615223128576909489963 -0.84499167453264704559956659731731958539563253266545651673353958198019307860312694008866328449923736004 0.11632404010626461458046548511048893325836661173800899567120184571895967406299736710490605254865902834
0.84232727610235565400693295516025579501580980160326605728303769192735219093709100712227028517154592112 -0.043383840912351691138759424221743527888969454132958408453457407712450027606031934827133043120758224347 0.03125383990206920498021351293088960728452284829857621723051541473220323956058796947501728772675722017
0.13057497764617330124273664627599949538967416180791816527327965066056923964003221626855099374622380175 -1.2988256052117216129102921033281726494238115795300092485097676777509989282111702589534413694575789862 0.14573501932697069003382523253899833737898385614947202709076227809045056549236916449983736708661258871
0.15906123895290020380082298997567805854691820237558049890033036091931750794401604672494629212126713894 -0.19581652252678800121372246115922050616101157699854045947016373346166744614938429945694331153070312155 0.16714618991467039414873392857144147824708947198150629776586079902745315170707214864456943684010809636
-0.8720366223451802563768588375867624366776942636168816891806076052899444738788514350145294122758244279 0.94802551916329085469858439678593866891441070222774492873235811033640384361072889011172446128215562523 0.19390124634886824972332338535568203193802850209836291162418620244132655532646838843351045543558629549
0.61860264845138389413376184824888544682853340916284424385480850847466783625639365541734557869612382787 0.96193312250071866905237839662771196853558466364537870991306733584706068729432208817179607813075665676 0.2027989249748684820940328990172742147051059535884909517989191862252468691063326643969073009166421803
0.19522354767156083662003774924312377387931512530821380019137361524370275538738650834024662064213330797 0.30512017229459448369848666243533030046000205619412328866886896575305213356246019308400742456550146688 0.070794177787740943698201527734055207130768576446976761966072766362027001139966833658816502939855476096
0.48217358997949522946793668781673299776642666532913002652920789219868471459402454868160758586891563511 -0.46016565504390362112102895520784751772291229121027780269778569301179554838468515607855923509729750981 0.080345498156811020597650548484105325302011818078300267428083003970574983557503626483788837046632385526
-1.3116068561594454348553223376344181615198790231815367520761650468280551418310883129667932553668162475 -1.3786064126748585015958628321574415922587086083684344918004367566105740596975596308902254057608207991 0.12057777569237968547537732858483743736789983242905594849374896345599050728086904414678529779775403538
0.017317527033204515130061634094510136652081582497523455657303236801699002204892097438554078654709891899 -0.4713555597632188141724605946472763223438901166795649813693406132553916515230564719210829019408607556 0.14677820035131035651833409364775582378946456727431957821511596312906020811150345705179306860965554899
0.0014631645978796748876273930038310599217518423036934124936815126515776656505052830877551328568027761699 -0.053950826884469495682382175643697355247766786497810162877481528684110143567555407292337789351914372635 0.17466939566355306790558893240987116360709829843232346317658893313496036789795450320471901723808194102
-0.7277373651107737698435690206829496464806538757543397098849906006733392524045394476296181689065056337 0.41008295954996513625385482481064920021266617869688343960212286872126463175949692162469030832853037517 0.1868118897319520587680697656244210520103294187925907509996404768783538825636659767334197211950242355
0.07345122142335475694385845451834950412833934109278319313973299799781936053250125689557498904195672997 -0.013564656708774236581319546835098551519749738184695946996893370353945747720352033315461601502484773381 0.032144088535795069040819188839024172900173367867423997594512704448227382250375737048406384977484209048
-0.04457613498825896475166229568562693825986016677916820511325022813690463138678374879474254593194603754 1.8242272640483708345680205672714790239951459214048600371375143427967826562433606002270328882334284073 0.051191993037510244194550756869003857132683398619549204005578681157852088533017432001535052894116224683
0.11410957477894773917970261530453567673818668968551325923930740958441021277873675223503159136805712444 0.00032217249435213984709291688264164371598598794001691514104802544249268426621139411765509600985732104262 0.19492883411195718337433071466812660317038103034609639487168183220757767382621626751612739688201140076
0.013834748252384214788559858597990074664282955366578969050416328612948730607271230690719680309273420309 1.1568967608877572513873857975960862747947539335918667110158630583575844180873000070983031158225851462 0.17546177590825011419248392333352871786636189842232743177131295393960611539918652581264940209939611181
0.59210121859235052093255983381584428188445242730826435555789068782980571565571097540482071570382414803 0.42872090850297743697630184801435164807852102127755881043673932598897966501442199323968434886394658044 0.016043076020393178976612354084323589905507421093468223411498179655801656999158210831912813866179954118
0.11745972603528034874141274202294574930922103407831366919470473607066756556234800817110407527259200117 -0.010752077668109636461261704569436093929511991407211764849490128891907808627485833866764658292146509412 0.14591701041480043986828296292122876208535724755006599224633714648173180878299929920814011046637173888
-1.2164653943508725210763487550810591272172351648210075470925514688621063853468545685897889355560330106 0.32760228064909840970965422745859251898640804768392982595721435980890766681074196643133665191093326893 0.060549734428108743569061132248698966230076685124295455863834580745793302124355471256836270470605440934
1.4374515569837181708592667827409290388624337099385288209231645334848270234152794255253514556509187223 0.99790847554563898386926368170520791061496587688252037700456149638448582449768802134833647372714192476 0.1517411372265534653200703185225307170290512433270195626789763216156932679065569316123248148739404794
-0.3609690368763411256143005413008767595974065754148212309254028398464670407973230695254005571314932916 0.54670342564367160310347276975518203460030762694589686310533060435062120659498199498532907433214566725 0.19041337448480618061793611289683743452331830368361744837622751378261053867205385820040895185358423462
0.048057694675606452096199062752185899307356209125453103210811444149740548118929457926623364181630516499 0.072288154255196017200764513033114985957156260414910257414151273431088214749037456068908027732311468435 0.1405229023217853854099060892522123676045495124856195191745488821965322367825279460988643603628342618
-0.14536655151546557599162492015340350462248244065703249906600278975018171016369542632774826395451139553 -1.0904614785100305547187324385593345874975229794888414086723881216346545177776141139241392561544959826 0.097177496487867838864317033655265719183119322643438461572735769171680776027352127812859157838769557147
-0.69552785716678807923276499540376589127858637532094820370678669154315760172547694821016711705538317909 0.16620097906376930334420586539314018422263505346804729619584570368219622951162087237078692090703680868 0.17364818704332622005566361905321995962586410608171387390589874494983955093473798071050836886861354628
1.6895403841042693152782410623750657545855089422191643563989509170302160051675163335954622434469763652 -0.8893361711062807910467963825456084899857880411164334328099158684902635517052775997023673525396087576 0.095091423460765492839112456062028705316945719804926735279766037501178350319883464386808280030860282301
0.59204109638659993444396356784422989164582444257168817830195634094773911481704686666552354043227679184 -1.0014234472044902823134081744232875753142568862797366315274254323683694235496716518050783055273411637 0.1707647052269038925000564222796679515728688029892918672348433458657193710119557473194179842248288348
-1.5153222082911766823500737253404409713537636785320228095577980967571171724064367143220572205813857535 0.73215898503432663308933223529690754806576271571269498294106145866421901292600190565676832270420176077 0.2048598022115320706400793374202184423736002149720153289897413772779701686482882915767974948072408607
-1.4644141685159003253063362003300557281806817790020330374679746648885692164311932025351838233774840136 0.049855163122326744853250069409994452223099938577436686927797884192228479425937499309669073357248963788 0.064041217463686865668673088079128440228310898006433098279131923449566000684854504310790026783761992862
-0.62682241660260041405845959571239805014191709177327500436986670488344278813718567251643869867708905033 0.89473976830848624311807800978440381650854639797755522650412901256423506328670855388679157761183563201 0.041268910647310146975173845636863763843455690803081201983247804573043975658594900632751817785224955237
1.3386357825533076446160465774579948771347718402727717514984672400352759773396782947330185145541590731 0.46589158874797215885574339576602425468563968653783576599089860636663473857275795714210338068483950589 0.12648356598257717945725384144023640644797194828786481344667916228866763960435476087559328071922156254
-1.2230737457094485438199648179373460021057632215203639419941444619413197255684146050578252060288104579 0.72463043638123355362381873486837545004465019626672317499627195471388577905904945456168011014308065426 0.16249023691501037349707513526640256158283486408958490258384731679966401561086132400682959148264117648
1.5642561303425301395352726028891122300789024427832478081651129808454218079293351400834443075989056463 0.97182796965595663610662813414782479025615545864190780195545630947640892914059786878563600018223782504 0.032573638423667398903970382528982691188812623421609344168852948529166710292743643317125421591494605377
-0.95490322411382587412255733132692484291609269879426756609870440173976426181243804492848537385601824853 0.7466384239328293686750310791580740860019485433723504632277327162652449540957892964115383101215665901 0.0096461781678126581586328778192807353294876754585306099352310189874173635470308525798728683834252250393
-1.1980254895221728520845698318404093650413201485299263743040114676311251173848024356196824207684732709 -0.81266272696158364139075617653977458496587652063039309901112538316702671388390978246227756291152221231 0.06489688999332703769968422883590213002537259644346728369213993206184068784510301511234843042549878608
0.18080674578113273854904213815359848165285414056980067908721119792863935744808720913431477908665214212 -1.3795131498318315071263829699952951819771337336116525267036383902070583485528892160052384298049597079 0.14622670623015969945338138266381585335867196412759636246914325281560305810001456797226528432568868103
0.059100298638116911937042809857114643830723983892818526332468008080160206953903826720225836919617368027 0.18173989321165060630819406773741594016617184077120575557404767536112340826119373032001096961122443404 0.16688238911882683228436858483253293944548401235268830556955346997484396246976947186470198351197831277
-1.3358661365996794559360789738566443216303913118927825561592471703846311974871933856925385668459466725 -0.023368826166588951191507984540885759994210601531107457802832409882910279953288392876840263936740273336 0.028928590410593119971501330958052417601629783815396375996289451432682074978994874989511111416971622487
-0.22924421694939067344189681692584389473971283540807704924352775200861492605926936206722072989353764347 0.24887433526242025566968348226122047945647899330075600784455210669592244560801179504452743377935247612 0.066336337725154301921978549107440417580254195916838974547498795025183077297997612129690983864828684662
0.20826628492989211482729688507823607059031519627229221830052608696565455615262276080508291441834825119 -0.26171028349485623719177888894102150296622227579433525019687061473856751167155117617077401986662452707 0.1719535186753026015362593976041705171616789073081931679149213541205134551741163317737701972346700276
1.5077780452702695362077581166304151453815707242512186487377933551718342184242368084765381902953663252 0.29851134462046546726160731788277239849128311471814106981289137478724013700846915394147130217252450438 0.17114346988156030769092907824548776832510917619477769383529928215241698783622500159618990420989474939
1.0345923856105936625427854157272764408029900929277865869465609658608092540120478110349587899902796266 -1.4693213348484531223830176835219834711785616783954325720843691744588948175512031606912510114904195557 0.12650776459280955304094761290222951373640565465299647167727296029782738618056876541369736450872194164
0.75257961476929529178271315432501193592134791844801253693629686484485853223986088100240338830178564215 -0.58305750943743411125329391523431156099127351398748565825475939141830057992722521149180756156334601782 0.20070614308810311207658542274973237803427506933423719669712834513830196435059611945189777027836679114
-0.77812810451740348667055545551737778688652895016887461304301512899208083114995092376203647726538312746 -0.49179957929608335950568788877877279087350790781040814440261643064443693572267999318714166935576218742 0.1799406977226390700358319918215012273368188520203652024520024442086653796111732685405508099089041864
0.38199943642017124545479453622151837909545886537241086371148230694591089228829358931544151998765772984 1.2706529246037455693455751153851546564270998996417102730757502946257536002153083485335486411215941284 0.098008159822804946817665116106468216073037932658235449252828066293445337395239873099323286004430111548
0.2314809543252025592227385733384654226977703904180767740149472110383509171156059449141984301123778678 -0.23990211465242025696230796477427417474626419456115512970473334713836814371884910967095692996386771772 0.002881857739990923677046163517645497705914892904054532594927763534640382398604334414377089832499125642
-0.67601327156435739958627321451627352159640872579665184567752595533257324706514984560868385068553832837 1.7444663671722688130281813711343277083613339819019552251440046925448809507986101010091993805414720743 0.011817829466826035993104162713877042421906233864134116083862371143329959204986480999096219591808844758
1.0237417120981030121689962628181249253100195014062735723730605966195093931533703036269580091495760467 1.137427601469284452842873848228853913117967737336461947437427708604953741294106015109114195908481844 0.10079637330965396894788739911102092832707619697325507618401811545823146466283503327657368438704138844
-0.64516229393830051808615432750589639882597477794812119729507599809398540305629669090952050598922512374 0.19861222055300941247612322776209459513892322703553487127766552603351385502574464985277059343936587823 0.15078927875865670219117910231955769434994319416429952686217204738662717365564268639741971873120951709
-0.25059215552804806229512835767784502607979519362578248938808642833166334504859298165553612737399651226 -0.74540400166340378577330683772193931302987069694544124384404900854588779212537886326227194722094792709 0.018793086797726679479364318073488037530347058215261709753955486387894972293754646252446700726508041957
-0.67607519257994964292948974616460156073063837318874297725338189774663352391197116852417078574829690513 -1.5329588119539696712235646525918224187288197546549219251788896297074949668310516441380018764943257706 0.18237972379408895998098279189264591001617153565542593960651015840171097422566962702822895536479740785
-0.061397771035111629511650246051121772700007156844423364127437358840445539274990167155796485149940010316 1.9202027349473080121860880498152034707379972823069824020830001620718081583183589020033615468246601728 0.050072413054908837482216915421268111025127237169965011694948348630403092077583560039278290944851922462
0.54529135899700760598582323518615524814379135995370778349519828352084924466331553839723341134474214714 -0.51609498412770279013578748745859910792780732761246486417912307615174322932118335212400200305600205103 0.14923226856999358585821184024457788270888779731798056430796496309927825897008811252253364353589395541
-1.1265279223070916999556693544236757543708308754680639050502891763679355870367292617164977724768622671 -1.5886348804342170361481286276996147750462558704726215968765584484815281438819313300647342482492681473 0.070143796093731169585079502232094928912147199381506381119208100582379398720105508555797033565736190364
1.1374868993569033806012333684833791886044454392637280920706691812556093358815868788920303221440440426 -0.065458474447162101517137171283829876421428559863903890989680920993700234329037605092304136817027078344 0.15261823840144271291972513403106440314066788831332474362801087209910842803570886127280765809198986569
