1.1056267798017114603384470288308311572181002440818951665007391752759529976882358646385944133616988187 0.14868796587013623896129008684683016176960712236988877819578646560362973011642614204871289424982247926 0.078654821329346679763008736594078994546302668131719656549803899860072189491489664059296133233482158876
0.26102402352915101727030392429840556018946039718723575488574443341937055902091126538513879984917961769 -1.0723546170159637587832189406727874289105072233206582177143025955085346149440189043967917978288723741 0.15658485818270379957328708992681369006986705725180026412278567464999018433932100387014549184777065981
-0.17782274808321027135457100302210499441747494253012412465230110463908406192171769387605158620095379072 1.8611470096226629874268096772104629623255187227708008819765232480667797987635541568609654040127545066 0.16393140694839531494090063610433867994705859980300694446598323135223986490123254987538696793559681851
0.89483468334949664949049054554573673791088299388739889415600987654552004998016377105984544393901812827 0.042711736179074439716538749611779608943049181467527396598488998556178562751309451144369920464213938743 0.086682158391256751420537247794840931022345768483978209238117276592396835700703814464846741572264840303
-0.93852680600575675552902067316729137257797979233855525113424807699761956946388076445980804864177445943 0.21045734259462378951868461622494869380819484735212744680241716524049222890109554871831821761057076461 0.045840838323253395693413220277487607734024934236063974020266768999498047708213399366085479388429681656
-0.12602470236906315361065899503744370280979307974207943417239676657660200876638797605204963351322413171 -0.98966726255063619979689697770553683991041485466273278371037122562844396949330713117166278036397098607 0.047588880630322083113123047492780335872901301908120316009390401352663560994313595317245716261965815858
-1.7470545858450492992693583539561559217378375750037961089800608590487564506539944998715425263422880844 0.26367832319971954157403913119957927309415582221373075337275304521635331413828254396800113787668130359 0.068776358472457205400216337122034504957807922000282604275124831340658047139228975377468995051529599598
1.0825358350399049350387077828630909629667263311158376006149936303372743340586230333666102523127675475 -1.0430045552976707904387926455849913054947784247377992580698144188889424897610413412380397125282583874 0.0010506510216741330401279903338802424536548244217217292240120764540044150497716564061069365380461659048
-0.32992297474114195552843524287422303986342844804358153452092631843688335644142224861707667500224389396 -0.18210654902627130070473593311092001565195125565809382572921989575688128835049170689877847712992254877 0.055863397271407862652614817148895745454280693648710481128387596584629570047504431765461180817476242433
-0.0010835099347579338529346044088251342876512523248067501719915356461293840246089142207264473655043205377 -0.059889024458825387286048365134609085862142011459039588528439526775820206350756622759134603981364185232 0.16236442104190050799440693105169309003471866759772419407000122378009234902194602900562443012326715367
-0.027282047551210452438124629761533988617143501965086191897929638645200255007665107491612650837356609167 0.34428250899619754806675206358804379455615696970867376956707774417284480159017871953446461860818363448 0.062779991159301723567280363522732459697186520228108305572788444565995413879021971390179293465038454342
-0.074479494205004289768287415952090771368182763954813726045871980295479985224317580033869127804341777675 1.6701782175948184338311359236734158666251253314214166463804728481379421577189348357240114909568397684 0.031231593895366062085388847189689102696616277017001862974606529286657548747301578246476397370924609369
-0.11115489419850334301825466382247955549615490121524063756637718888186446183338716031135591077067480445 -1.3706485722787229923930620977495654900560983070974590254530425529501454056275484783648647994918077611 0.072409505127490353276877331198894009010124251735798289187847084603399545954356084478337496785720622709
0.58551085626468778404364025582894172968904252721178592988914916266987235153580324138378864995781811083 1.3222765675751461736700586011742259884282751811786176886973077671345307981632264081183781794469197904 0.15086065246492010083083386882160570981769368754117198083537211560536694828426442887644316443372355744
-0.49829342887724358502476277392864815044489281005524263379664842396498520336699091779248285034160729612 -0.45298776989969646177475657380644643947240500279704015956578272979684229752305784077879906051630922818 0.12192348583680518458750443377082663428097226684465947408279483393319936270797380365914836383507308375
0.52812606032799022283312503040749858966422036937487529584832091393795728880642286824707846715047409522 -0.22810637421643600140592510237467050144020214312425830634628661459824950365937570575132921092718938091 0.17777845169038674730027542102639324840437126500141481978691550387263125719695935588702506298795476774
0.98054000537843896678384188196550991862507691135965082441401954140211172971010895975577855605729236419 -0.21185973047748818660151267989483364912147971376601302119881243780879028880538308432670057800220305162 0.16461067693559296604674886099556754045189180442487434666991487768153151965264135225970342147419219672
-0.11418294844500198676241299274923415300328489512628032585113873577562194579763993920856835257532311075 0.22690933699645319530039136562733100154363604221236301301323341160243513167963494919633725482975597044 0.11012940303954517110280464216189973495238125449420632873202103582935972139263799561555173523992923004
0.019973203992329361748067814498187892057666135401062187578298996886177504459283776118366457121035482668 0.36807870395509671640431177041606534449021076167842424680081959561215010555679454396498440130155433492 0.18893354051136551660753676589453502068888114419365067651565128340700254736674346532884786972999212889
0.68399110349826196930433721775806421452126406078518542109066094929099013577764781161015233607695558093 -1.087103075325335046541733066570088838282817746146044789257779016892105311750164610398868810413129815 0.09107284191537469653091316485082193828743510315817074162413662203571340576311286380165560857391184745
0.22479458185028687577583428548200419184297869161304836636765943714174669815392883148951104905929854381 0.49308953088312234255472236416702651647226211066581384422340901329867684230925031328559749703210831394 0.1848872537346191502082326883320655281680335860998169765854020459763566993964771896692369776836932781
-1.5267947369825570715950554055716924725768440538353376704393107453390561066309122854133214059832120479 0.43207396592729442700056637692006528931862979228942218745502612092459811640153356572001995214517821042 0.097268791418943264553321034845214088821151439428281656801158457018137845563382113420820350516952898003
0.29421655738069879056266585123874173644490691394396650865199680469171451928706172824491454135187386685 -0.1910749625725639819869442465168022796571426857206926713650928296223120673879492025711390999210893448 0.19585730072295003983467014877516831305999872517725704080166933703132418239728563164739232995651603959
0.27849571832474240418661185551855811743287418296271050008931089097335316079297900203797035655800516478 -1.7077569580562838664454260594068687192256753628118510093216676378591112236932929019949933126652443197 0.067035017652918466631046870858770631602642592594912475598312887590413234666593115853516149365782695367
-0.61495409311073517733479563267892018002913025297599223629618851655725592490642763283107915589776508187 0.87803249934265524879101756141613169517498036911739264927277306567331548543722805120859054437853608893 0.029541435462497700855254731060281447795004398631125774267307243926902964179289944085159635434754872528
-0.92409686537088071509452673422094424135052688304092641715960355452977997241417327220756843465153193799 -0.77920156753688731383543690168329732042691628972964400486206324348036160666327807337064373291470644682 0.10079226737107697528452655706078902987858874303948256684300139604644861887239621547625291182529951824
0.02024731040034666771048066092433145858426168422396118763412215422754469487051394262912503025373326453 0.029780057166072716123229486658609671070333450781099309271674578120851476461584642060149010204472013499 0.050644115288390848525672319460300787215920102921546967009699831135621406857733055519499639872457022135
0.080709335251302445350604806867910790353895480591856740738924573171827369687530665954707980428051513162 0.13831276647929518479682317137531100197123038968893704511314868791359333892556235587580351557994757625 0.083264671871876498891112823510888972580795992734618939769900721970656071086776840575634374418014575535
0.47091989430067500474689098460821283204050574495640322901308793368041302263155918749534544852928807612 -0.20892332853702094351905589130984649451883899506381732260990342747230994459267915676851446561204665162 0.11438883631637949390844531876072496856556606659319463528811236144386254201094652075252986212365729917
0.37772656338655680746579979317835492934199586778435125336471026119597753539880772064902847565600181363 -0.44912524904840916895630723770152004991711341631449014578796009906906923781246215687552151552636381569 0.14554686977861986915785321345040092707321529440916122262258502220977011095404914471846296969063186228
-0.005707743165453347135371999123473761598177803601364841809433320926982539827602464141218701117371980179 0.0059924904669472087685626658479634746103433683312784333535947996745680094758628813842564371561354933806 0.14803274455470705252747522952507378716522907543741394079009990352069499177318811526649223242227786833
0.55540037043775928966462435514343185858590146996305575582540634172447999313184766614786352393292173238 1.4851459684331873695107025983842215386177591950872372022934178588762520973731609639362161617174268456 0.02624102447378614655073074371950631591331284854600349088345279205646200661656180678463812714533292266
-0.6455231226312252834472220972175974449281181181986103854693534715552501854922462894029373193757308786 0.19191899799615658372734412197369070896108157769610527071196840794090110612399055215164117363954019036 0.1669997538972963700180550879745411483852319686003814126690897324728880170830627625575866244631766718
-0.54777117657328585685649411494047637759356965837603650572385008926662188348179337300198867975217620541 -0.86736570597191638080218704383465763446750906077232324597307668313834663084173816852042121899699610615 0.17177375498381122269276961340518773098152537501678672094115907595587493666626326707232594349630468382
0.83390788165764574149330931702593186068690166358585121854649215843359566031932549688411958111951641654 0.74910386961589559952468075704868828133194783625449070729205011076837554925640640904432308896317894089 0.20015262439901415613507431502642058017917422565817267455979744672095579713260756233068218180813269976
-0.13903605889734010754179911515846824105301975202825535346345655914869451334875504369675219333631036695 0.58446286083536914546036109057301122591600393701305178362663277506596179820081221522680952783829678453 0.027399249899318212987170060305736475146299575853318596702575994759005849233690979422986148960095388953
-1.8468585200392029940787291974700778772004139812013689700724056000737051836871332716889466191109897026 0.38100669270012158541775602805677754176225722216302976296785869166474098680705331832433015938268701474 0.13033157387073635402156119118614653810504651254543653318640901406034441365112078929798914869737940721
0.41462469157776113026412377087345365510121848105834632567043523111428374046321068152329637768453344178 -0.17691447866360199482336776972362686849716633449030586341883843636625129052677550926444364566464579743 0.1819962100475591742981401647371925092870363408642124467483873852136957581537443613722994348380077721
0.042638118812445501340063149649087804943399609173678121408611489778852606522545124383701159813292791612 -0.16303404889829799394495265391356231079226445390688935394578647587448070228077811697010002503871518375 0.081955974282627367009174490706699122890391268656590352162351003555818942971898237004322451000667545569
-0.57779575115182981900942732501010602925658517066825582565281840081947199260350845124193216292343703397 -0.19152904746120830658036037217944473944150128918909304127238307821547398571157176804648580556330207014 0.013902949350925231904905395391764490512501235190623826509718226230814166080575868383006077031646518904
0.72242801681340442475296921423668740868309749201110337435246769955551026869200925901931966495799785932 0.7110770989420756800916742471927951018478853659927471389204131772385296104013623542026280622201553837 0.19396072445820441241177427650767269634312605012462876555910403914648974350607769063302558665092729181
-0.67433455391029654908297824740158484950090244548796749135941377913604590446839830586851332790628476177 -1.4274138428220864436536788782167490920704722762148398000644728846993245961899999235445437974438740913 0.047647075748839901694567660728727155722631022988898755480636987465115402319945857194697939430373311608
-0.057437144459055085518305841630801797341629349395119495647517236707234184988235458950686158033721744386 1.3354186522124207559985877465718815297031898157140963252530457989717288067292023348964902112994069726 0.029226523977231712904409792684492683058648935522909237701646700508147312125557575740410817404654949554
1.1670271047330248964595577648800235734817386899656010899389586187760779026765504955621051470456399326 -1.0727309581063467650990123251893311707177596259719943784228750350011336864263523709605225959043726115 0.11420278163439012170532287321413919531696017484680135457962584693884372270831548687056767893702243943
-0.064761880901329477454548266874322028845644666645140088582536946109028075226912773801892876579649072614 -0.19110587336317143528867413631078355085509635471154639034768224576968597259743048703585955419041493492 0.057300530326500810531257524080584662944219899664473888407440362243368152997114584785672486751941250145
-0.16895665861481273982110436809360408182134059088699951135425215044343467700317226255763562404689509239 -0.048099544963525815409341254721480873418850251403940712191275757750825513176963406529235484212209978123 0.042953170779386354285653249125304444517032140077027124377478661993412636955039617251984512209461447448
-1.3908774154678349106153680741579274408534942289859682503948859734278932186165397383109959619889446355 1.4050305744827009681662764099645887230375574565233976788483712996831748067992090173412397227518510627 0.19545510373750789468891102281755561030871679597012414906095870993816098599093237421637347201652615569
0.6803392732121497462356913618925104180418536652184948847008143384487378823511939057800872764749952646 0.36222011145096762238408646024815014507243803353881465045287753102164218816586733407172752780953860044 0.13319980226946363050130668150929667566498690154438553543065594087248784500349874216037103725142463671
-0.24793504615627129247629688919784841882558272385295563442802992135211756490626833786191611828986762182 1.0266195634022402630541158347373294760306827800778820562526424820855175170788611184336768219914885262 0.0054405905772056954534173455383101140576487935509580869534572376456931456289478776263346627029206123177
-0.57344171938635319397847061763968999463942378456318838330697870626927562922332928130762409999689423543 -1.6203361879600732134217988263840871174345915128080273637180419131087976472344804485303394232747670341 0.095266057772106331482573004979477642238223048033592261540519182855000477130110092865977601522613531761
-0.00451384849870815451784565370564825374554961636415151186897035605527572545094678302881088913052886649 0.081396533038911398307986936985794994961837112265906804337375238801436724573741969880950741043555035261 0.0036535783897625399561354232063080354678379985981582559338193097814176076739208164472646463867164980154
-0.042230955209253816921004381428995493910642331952523413589393554407936661496781701976766600608713813321 -0.099911341316429124366449280440275621347382775740760842014516410394118270437937780452394462029821155292 0.16060843462536944773917823550026452377652260249687360604734894335739408436822994468007837314873867516
-0.91250366827665151959199868995813158577709237200199407201125094606929842875412633955449195041897697876 1.1101385208073359391914818696564660712855794178464771855354535627994581781791247483179244379323099456 0.17377217288395132537866852666123785956745639452662685094840571101494684059874367587516851130616146885
0.011384248272656877059042663178020729526173160066003932546872907259982581412071974090159355348149304534 0.15575003391479960483695817329788057291214859024711805832308231968902067582880577450323376386261114333 0.086391064682779771989099722933951236553057328163070421419402857106981577151128814925952544612266034366
1.2487156297074775574841871964443780001817851875391251021196605161718068768547205841944129022358867063 -0.6493389060786177030410554048484435859221984197015582794840169599697640689993877707461899917772549066 0.054463647680449853422791297349018539585829239347253605438614156038954547833329355145529125962510902689
-0.26111106677684119163817777580064400663644639342693176508805092670516350205198981356202876816920871815 -1.3962531587596669290922862341781669112786408960096335879321845934005524550977620814776887252985955616 0.16986490287616823389613876244561320133816255419056407205275139845607174446373449017162104086819005695
-1.3985800279784518044936589702644851536265231253290066148059667148887129677991914982909589802803424214 -0.5807742638105203283307906870795469053750861652422338187148440546690170989395594242711962258447833063 0.037850831824279703127448205535872737114186296187095798797071052969447856092756461307063133024762538741
0.009357203156174218828445486516207281765650101285053035870434985805752898811272971770672788843546781199 -0.15176533808765389822260171400617855787881486255565608355423306201378965775076990474985220357553780848 0.10975453585491963680256561299894059748936188325403932030927736961943318879716570659127218547330508299
0.6528970327770645737765941003913211067798614541428193592377020001084912045678307895432413306605203735 -0.1788907924935800215558644070409291236960302525095951570483539191228189096678604631460198260521826376 0.018156598365662127832506875201627811293261811855014212393363692926244276524491280843295836314772397836
0.01232198922409312339570790529256062224452213558781326978582694473640675648889247623490529099803203357 -1.3044229951765794399207207066406363521711587734447607882606983918343693737742533310226188272745176917 0.058375941210800579321248419262852828418891623496590902715645760238999697083610215347544611229816270805
