-0.80438457445007422172484056586356602375617237253263888017593442244305760706536981703069629831892511841 1.3316408043533463975379907119836354869666862584692414089989752832942212771240316966152899953072740847 0.16837662911112374869005823732627521950048596144675781137974751063165354663073862738437833383312843431
1.2488045321557629208726022251566915746199141872783548826509569598692568616759665461587495046185077913 0.95777322423323073291602761754426255817525734957476769925943179125964422063562151550600710248822322761 0.087691151169556067167323972308830351505651675176454363965440189045707232452524393922437853391358392874
1.1588030647828873632119707501229643084738610389407941984942487214415343013626042757710818538672958081 -0.18132330061030258511876213276890734316294793165911908757869111285998319703421379893087977622241773134 0.12148489808028585820577871259400315594711938076084577688089597564181493963003328986526014919449029744
-0.02032741819594492902814250974711636924657723765243157389381662438669072144055648942157937339648936543 0.039561638383250715253079979612276570320450722287344203070409697592460839884983049112116935093047177772 0.066570532090961358514102415232448718895982465612781973312698343467748205432017557436849509882892829757
-1.5923187854775388148274040232721772488762419517808502721278403344870081668359063944113830535103139275 0.72013179490186294950789517103852711458657376950876905587934661628412128746867060305428733328588834006 0.048255657071931275703264357739568276601721900287419412154344117255443141210692125309378859545510973973
0.83927243382689713329913736152636030632056085094875505631501523873295038580214720935146218067684139208 0.43944769824469315298576543686224794631801629989761994466799102958585839538227607670077308361705685365 0.19806923232868751873954894037482921507822102950681114790407116109622507515525739928130651836198945741
-1.1951018511199162595645891138723273934231784593782858209699955614194820825079089262925812635446802788 -0.71284744354876332666301034401020531119351583363698142661934133953465980233298127397956857488197588223 0.1205406736414489394315869650496756981426482803569144071686607629260819141884399364034367028056676996
-1.6031456482801655132236078821617042339179704431614593920369480902057885167050957417759256400974348417 -0.80983888682832432421994123783218728356591268526239994177324268933165828070817719723194591747078434238 0.20215421620445000320064229360986611018474327120723982061693444727822439930426719396955259990059684333
-1.7730390511066634817664430846939013365569724807542441350137681476839749522644428198056118502677404371 0.6096802562789064602820875856146313460246160580499777057628072810989613869591496735070632077652971805 0.096193452014036454716197226233448790904032525917476954874163023433300504294379885809437526047439495847
-1.1534313009377598092546097998338461271430323106318593422263127267235544854059090915176396583046602303 -0.93066915699773404519174192074873231023172380318401391753126906950266446489345224406979050318357042388 0.032808937105197900882585133395406599995927216921883768047395501536128387970482710778078329580055336763
-0.66827543015245911584454284502120382388777047537217427875814763317212214887546559589088001291058845625 -0.54021280804932601290155029101108932608405596273045109237688216924242625735876957853055662673401938723 0.18554178989853014989721038242161953039079016076836989738130721944007331447856389865420164645191091302
-0.47154035356352309273715089681752192953042797862769456311066958521355274135673792945219660117902286206 0.41906660364120320665520416474046844493596916075038935644637112670384268909112569062263445202357361591 0.1049753142922156129482337953044106711124644192451148303961934220791031946418456937139761284439685596
-1.577040150040380542948907986216172496347616654758902845085412898565589241253934053710246964186932038 0.72390771830482682580603768301682826163563824346702603267317979253293642608473760579585957639897897041 0.088650428194876955298958285254359311131438630801190161301392561814788169708175719923146878453538616988
1.6996714549510321402242009451709962556989215696793129722876858814652882639448305352487743997175187088 0.11939635041733486616270516374236554898847468026077602280594430486261555377230469332158220962790908401 0.17116910101024261179017741856990332738067461845532586759490035536026941504375036205501514341509996162
-1.1074553542357219844077712952254186259937466325128676780123250389886822522526908257543090970505160219 -1.1850844312583976341645377609519972921343740262566253111014382995728658524780024652369397494171796798 0.076922416439867956368601093353523384681348384186994473144685085706301992743749130096981783893379947389
-0.55017425856369312820109081288279399985880448324909092591080126336076699447148213315380104128625276103 0.33419615978341696667932295397928267625961307483239090694792218096356833615097867360585997333035386014 0.080891522618168063431725870533896859029349380794462266564419789930266775952438902611298702977051409218
-1.0049576424710925002496518724615985860873267254347943160195563397680056442808834293990804015385880121 0.149180775805893570985179059463301614009113133060087115735778179082282544879164576798258139667276345 0.19478634196524592780436394116440500590112180510996552329099375063247719516078874549408249665167694211
0.16139125606323933647972497599688366754781804865326657926674711806166642635671253863439122677296566261 -0.62526173329050627263532999357431630197382147953255343564874859186585356005768881099432488214520421671 0.17844835664869161800472328838300963911563903649428485743486696293036603037529852266334905837816089418
0.51919345833962638455479297584164021029544105968931612439435578388308288047398478111327143625620709666 1.4483898218404138911804864099357381744431486656902253167742391523755991620554207546537428051126273736 0.1600114653216173264352770756063009412635651926907718588727432491392980594198458083667301406569026319
1.5718481046621618337596040194670186828757885912955461546168442730446515407516730581247734625043511463 -0.077710349491398276257028747084192854370765966306152045982031196986714653211398661416436860908534723965 0.051151979022777334960022721020623738263337295073972806924562637129813269808755172270739011444576841162
1.5723416639083171167809550426082820780815303245196096631413795710895481013081405926157207880159103481 -0.74823121178974699879187550327942166217240530186555040774156640668793224470842102214718934204572939137 0.028016667965169848145422838257354314098047482192357448352175995409350193947787346151029754360863087457
0.21181277893648083910981716401081810959662697592647971930576702768611814807866987546970603004283163085 -0.1247419853975170225755627184489091759279482887138107276977900145909247599918563503233731306299729775 0.084374555942942638769145248007211899013354062907152583584662732736723851567595200207614189525667734122
1.4820523025522746762400694049512308964834018825426558235437963493012936155837427974440923844427260886 0.26822113115847163507306270411008330912611354838715720761065030637536152425134493178131270013061377942 0.048816854553659710064163152504017689164691731005787649497276043578818276770396751645651950285623573862
-0.83883053157808078494853289349574559825331857357537666051941688436821855074605873273076790848633711308 -0.55960271290758931981324334171764262039895909637318505866273529431475939570664603557871395581028100373 0.034699353141442496440115466052453705470256402829363944258984475961760598296204958476311810154273177921
-1.9088560646148762935797316587367922534647890976336640369078459533320510173781936563841368130302746813 0.36402189545783021252369916722244553758031302062511661399535235300047725717255337896117590454475368544 0.057591288637564351527761792982185922187492012957340636401606571540346578517748144831442137058260302696
0.18171568716043732833445367214655684868481344823495278311284276282982819715444077564250706974083053071 0.12795227680811757919814963539416555186569660794348370507733268392634152849087067986135974742619991245 0.012626190580894642943071268958782377001894404851482284091515686446581898503982095184604397389251261
-0.59822897741470913589698905030170695594953797682796545664620862232227362112972044166954314696151864391 -0.088615586352598711758973887500662292087862041213096092192679475948257440562665557151926597139212583015 0.031509479973701259389989062429729535762376394722390796868292366521285138197355294698773162293377241958
0.93559114016808042588174925755112061409672938085563807043603510045517057975762201278575723151775505792 -0.78359335622412775164203374308006531622191552335699330376876541725983012689956882349564624508039393876 0.1871694183773254617697171361731199237626936242616194524515118844430491345307174348490227281315667851
0.35966727791451798774021766619275123781011788653544417837340922005716185226688512345155294547885702721 1.1311589148772773313845917848661923264224709616988691072115336376983352937650082151804960966263930829 0.18127903871263499725675230770614925655164911981520233148340301469051637488316783094728109527396997889
-0.064571071267914528306681937180528293042771516907919587255193957777161355969102255419192511474249187667 0.14303141840611953569384115353065051255136519608414605214484195485895737795959145617132522902465436758 0.14795722426990247492461341814895606925386375065405218090544318870887874379769078399006238401449684273
-0.70760859010762530811711857774039877641891091365772691836946176600702635039316628777223257209105923785 -1.1867691735849241681212151375698831527202622458648838892010596412987717248057193228544036257187525124 0.1814952396730289830650656483450078407941258114889555369120272741124803393115628292860567695453261221
1.1058013615525256896486377177687129279095498926705030093402198448335337171713706673523230533028246037 -0.44634442743774892896922117600569823234512345512793474956632393324424117556495004689969809435352395573 0.021676222046684600736390216898257546406763362710109291842776633183348719548477473628108919937059599219
-0.70283680252726593870089680920534886509493652328469751356440475259530983789477757285563384193368392087 -1.2957002021011564307456917271538700062352674525209219402181778819772340173358939777137524762002879361 0.0021658133851823926898899279324001003502384744311495799549652370233504229602106947314809097677515193173
-0.1461963905198031996803380863397923102965088537801299875627336728390043425464437691161976803992191712 1.5766989422917819743178054257993198376995043192670666201162114592301988147314274251616865428428084079 0.032027172641266920704688106331089253016569340504045957691453020129763392294593794442474315442697562707
-0.8298976046953857038323781611716081659378378219724353768076346576101370121928783082633321507688297095 0.93834945681464175229240276616133846107375222851031589441477648321891588068931950360272103140553272095 0.17714307939292154961190534001231092168585210700958992558730917803463785275060163009991958085246282973
-0.05061871441657190462227841585168089825566829245949242744579024919980318313229233642631708425220868525 0.35433372598954933296304589326130557662110833624155326859199198956792688058053249888693222536277086992 0.0074291809083654358047530725539848389280446234765362459578964234455948391467168907909700081916214826883
-0.93642756562066519519746874798630460189805951453093075272447100945484586885604477047921067982020931459 0.42348710938809588538065095476213916911590390176677671251662726013484648053501128045262877496808821958 0.10466345038448484664717333413563163441088502510136974560211429578997837277609527322838134806108825364
-0.010154205516782768857566490720597900082654264770220150310465598561818896086253863764269293293535899612 -1.4768034025131803376887539924197911657745081247801880288288641590327335066899927444234986735200871895 0.1174920387673977394727232516051665649529814942570574830818236813927516280494259921319421250275259306
-0.92104868916091528144352021337941400334552904662948640120921853915477440697206109724740924524601058291 -1.5192725528390614154772015296599668874886037685411179490664976651140878385309700243903460777051792473 0.15106164043649630204268095508681461701048545322579574745180473246768232028823164166716144168603607567
-0.72425185854890260508799692649343483231122767279967329500266516372680920686170752216967164930805853775 0.32155305364034585816615909002306473528666292484836077678306832508746349534402500893729580970170156811 0.01489561620764098757853766291503411530669516721762497093269461804993440155757987056857988503356367498
-0.010272202897564516566990562462010936713854402510446679471121547807155052915067408394495500361851863617 1.4036102923623017098663825654889496047156232599773660915017040564405209402524093721466574894198957062 0.066111947054686948771101051443949597801964109796653915836988343177527181394110329495940012086409335241
0.35140339195686523534894633269789159472599970988917239039611690385453509306721974690246025577437656838 -0.020432768092494378916847164364023318918366745545881104747631279350556281171623787737157767650560350114 0.1341731220833526422663454669315378143086897868298242219482562661892893699165413088874992062999596392
-1.346332204442351847932281202647419518296784651542010049044442414890604749074543287115002714365847336 0.50223925077494176805339181842071987526195180083375279439518736690845871865743560919292292132955008547 0.12408221386667739803301985894734633635544678495346949355673850336163777629733568618315469395231616029
1.4424108699183164967663655086242908680000181309481496390827383902821127504004402668583136208783096297 -1.1257646052846738155422515834609103197084474422918312778817098267584236782779915504816837070230471237 0.10852937451911105303451559537959460195318507793176415436527409543494694327468819105433469177990063677
-0.049336433876114216494256646272552418628699313247506552427728050116671008215920402776013597244594881833 -0.41041621742536868722889701090106991805423384374387847205252167685992138038163640143936154492521809163 0.053096780943528548848767071610029834500405613546976809896820177223782150563604356712835273013105230965
-0.88814510270676417013922308389155214628587801596626043182620561709917517079010792590186054596966761888 -0.63711604400660766263600416616935634303128448484272501879722092154073913057114551091076819687784074267 0.049173463063609169295444079207526524202059408566368505867120540434998967640355669771119117262081722983
1.1159940067307318666301149989570771822968061564712624347218292635701063542482142490533655053478711009 0.74285490124675043145256715110371479622380292177591194578955754024991195021249264173162783798725769105 0.11146824201234786289149794625562252339785239864759703244893362294385196235573554138283403372056943854
0.27482804363116039428390944677203263040457458591296836464847327945928123290829522547760615123556248344 -1.1212187030591763396645143130541905939206091997803395502307094899699589659241158776110585121223326893 0.15139997292312049144272491136064351663517152738723804509511552092439817979727895391782372937796605889
-0.18023738134513753160927637322419729566392334979899865421527427660119444686100510824933133730186707339 0.17486462721503194925270610923633342610795094512100166339141250899056265696745011577696752094765389949 0.18457139382336798876688021049160648797384539582676496931029375324244150460934662319283215908034058445
0.6217009131042096107128284854431740543805544822679286114409707512798618162196619286339707383240296637 -1.2551941251388447196343120674617129296882809660790008846329738622284213302484015392831374095455125419 0.1982456511858415821038813448356656334543367310019002660716255499962475469698805503201376361098180391
-0.44382859740622998962602430729822442401552704453394582034781383799587890008832336941333532926403927508 0.73869686311865612185109482408094437715337828778098532741337478456825540068937739124951350577798808876 0.15657923875331410690554813913067852683458809224853519159613124598617660646183708115688766514499551343
1.0654469489229215872021233901743855794054729379967449478452914945152765958358682308059584722763386162 -0.21832958043987389183358344349929943975707631692691252880479360225540501034232919241021734737197922788 0.128545744938036646462741492650538617002503974279004451023682212177143675471574140161062022027029657
0.98003907923442338320409735861349566843776736529131771940285825154646343368258826770781920177770567262 1.0396949469534385614377787312420196549628395973084434964981494701731332338987768590181912087340034524 0.040222334964063274943346809348169250991160719284494182202840980197208025169603528490475991411426016014
-0.59275060703129818135311002586588070674079140373054519393660568387286053914573269925066169084603790431 0.069576476730996015797590542080114786717856441855525965157554211639671626260497145038383664664923504941 0.15789028156168025493766322737589619588651191097882960234241864491024100899353843232590910521691339644
-0.7964512850655384509550847206646654380134646726662617672802008894546156847984304003300747469773065097 1.6622148537003014167148302447104155390330317597133326312137466771938444917266123208017379333220517325 0.16676615694449689866220405376037450349807127644145191006986200227752476446171757396004065562136424956
0.091498847859662763976499658010913224471987601924708771180107947133463482990387313002131989628051863692 0.21561527420427152694789862858336141655458589315156136264288580060431189979220626738672034282649102516 0.026871888760543475333231339932249629872348725079100157420166180966184990375209042640565398541861436174
0.3050071364530103830313431726996047880159415998623440468022778684998637362269086947325250919327533875 -1.8258607585617768000679696762092708687244075001019999086258035551217641814552120903889288879801534705 0.031766633050933957016493761179904087074844426149087582775489838978934990779569127506307265646239491491
0.91537545289119820085372569371760475469009561318270995542213482773725712295940602088005401482359176167 0.1654711717302048153188600245194428265475667298338067898835907601756636090890087740458084283983864749 0.1860849714764986365557827973673651736225794037975966994840211740919066640594061364201090202884980529
-0.16874039482130622148633434278564874743273751507691358727748794977930435446343881314494029241395200619 0.69448313067129893260769447403928298942012556348822639803454994683680129822615912024468198462553163468 0.18757585197020788646224601100312531060542444238822141214409044787493890076068757202876183626308600889
-0.44994804038467053764907696359551764179132777474707567958305077572917252253551784939992723204652658145 -1.2168005180156387878274608416801442582712546771159387447220604361138265979127699283342061708799330479 0.13729231467074101367015558592729079445700545095268898749653694081731642510167462952585305030727830946
