-0.8834008988399929323262101997498367335628594975131895886445353935199420346373954391301293209849925802 0.18015622398718186170747920325083093219747645440281716837779925591611271365039684115212845563311788328 0.061470302326399911630690924929186754318589794876561618657411971055200452004179086204933964533669738844
1.5950010050601401938907836298944242086766349909415958876003117570508878362474651046258182172692320461 -0.52275360919761570099851817004425775837490734730405243956018729031618532183544092280998926062459087011 0.032287148726707128878222352689777643434707590545631171123020684786335717702481358206304369291705552622
1.0437927273640552388514817591203973997134360875912025242015692751841376908042031864161918299845235743 -1.5098790602830307928737384883116369826223825894673979952039392854373444048770693768687253762451702421 0.083325327033028536994484564812783069731652211773734293310749135342088854717487021774753334686432716314
-0.17811352711302443021274050277004765445661789084259531395827608759696049949703149799988218791899199171 0.29874856023253398259733499601710878008752269403940005279014966926210802828316253069673843459483921119 0.10628791900859592466954296969102189180116830652685619879795626603763127398243340250630123039166655648
-0.93584039949989409600827630490187048664247014228781110165318624148431614547954784815601144645388967799 -0.26822712472936792744299297929900041081377822458232175207290537182587341778708429007035138719322283062 0.17339954012285092048289470931795525792343721773947603613041056342900893762809721391856714157607288263
1.2478271604765227941982455556837402355565978918305046365133792540432527169130355328358171087116780008 0.76854032149366389767832248198873491084975770524741238482061450626477816810447396069586632846901060383 0.16327317292134932318774596930399782277648424390530205121068200457688091184668325963336903543218143822
0.45639906204870700308583674627905077231575857755106377238477727692491973426419021315008334897762862371 0.86151448438862476424514678424608858401338602996543019386308197449992382165524708116417186485127550541 0.026517024308532125769619196210236108167630811829244718729844998608641806726713279501357068620651074094
-0.24076090005090751826680297418733984645478610334858364158038650972748082858994446873743950208812914787 -0.15362749096529414265053615962165786341315704861114079282284370924673163306426017891227720488572853046 0.18753819744419056864298585434973267791714305794303038930773999094947071782606677120287815911484127437
-0.16295446163924651287717224027843660221176930427225858829836911078235494528766905480751758233661222924 -0.11541157053965684962155041547323675042032529485779851982215140439898442132778500736327226873294051693 0.11808867967084232326521919827202085221522923263443655792172568526820836739830299929136249213480170936
-1.0464156747835384423670733255083584584555766676143834362378249795713329219569658470723919258778526334 -0.98017647735793821297147044386365410261991441996629835773813248432308251485043551094916615520276972519 0.11138613914224261022579334047637204208787409102037809965450280789178469872373585005788378059226561258
-0.85816147253567594140387114118673175554597111021846744216362665757115593381806061655717435614451261657 -1.7938328977582155926505304865562368070470045056788948063116693260428715564000986486951648520785008401 0.14273440599504421025893656210678429375367705410453162117349406488388739209678760435461783625105382006
-1.3506007233022675166474592238336433941861362951684780442881454898007480692862265353455031884011561634 -0.84049859964529072634665435818260346412283184396079226849706680625373351687587857418030762230774834907 0.16476761549802837144985765298721425346583511431333091451992690049951564522973171828222877961688465114
-0.22231393642541709772312503028510070264809944106228641465482750941939189991748642421429609722636385891 0.87393455305233109890440385189106829853781521120504487916329803341063241422253412010327484362166533588 0.11242397700121902361623807817957478043460402522643359427131917014428053593067091124820558804792647468
1.0158635996788828713357102498430540871780853840920182695105374047855271498846236423459342328234843487 -0.8807547979935211117256348230030980836771340097031647728531365299129290719794044051325909491729635284 0.19933463021573120354384268834916838613013872420799134420810832494889365868079880030743435655637025399
0.30503937494160432851910351178181841202398484186196349567150884005722285831778437315664224512647431233 -0.10410468725508709708211275954347313150307023161767023438652053272553429101494728042741859518333792846 0.013412575108453656608988808515169938511551133390787493460826782637223580961479199649872249054599685034
1.5898992039229385289292998428699812885230730855678174073752273468625439423269468720511147712543634403 0.39487604503749971925390265328961036431941827997740572064425982024508907558572149539794947957940846067 0.013642742392257760390045303160841515784045274461560026573323348260555333717477733345946556072407690035
-0.42283391783072623762933825220918620549956023847377035294301201199765161813636053033305700311132965024 -0.15112123896504686006041780341151107258060522518201592310703822836320171288231616924584948016746170923 0.13246145523334103553252290075903749338460416856146873321217188343705548921979942426700265176165902848
0.086170095591899703498059472526615392235739434058465150112949904950202172434299020120835850622794354327 0.34182788422672822494326643846757353989683496219407067862166053682443169090659826556816402702960093457 0.10963593588355817353060216982285508394291483231673263033067997089484476846282774381215356906596842413
-0.13118420086869550351216862142792624082271451875929402468351110571389825379397625320882353623412620536 -0.77797717384235797546599215752861742974459033667141387262609830576172255229102769670598445134696836483 0.054343031927981959954253427647483260549241641452124793361815642282037198160843658334610105285802343658
0.26375173838392021169491639318043818422894299714217605952638136994696558797203118677407835052724761204 -0.4322484318355942459061390976427819026143063518062723602724255758777152684606110970149764041946356947 0.11679982211219777430403292175621883240850049100649916253935998099384894668724796528083228124254575087
-0.19076746032564347501480143885212691770695852603114400897423591685681910880054673085443186237374191378 -0.061934199279705619841629140530758121739766285808155793912653150075419042504579342333979928166269195373 0.026942735603894030885516270403185247017740310758664514709790270819221378763230682232398483217669224904
0.24621082959705322942898247516128535020338167234913600021820749558976650997053513999425710629258651674 0.65676598192728150603162970032576223672850658369276018688900399852516300535736710208076521041235902681 0.17528906675413454725172987005556952475843116152505244092124021401575112366603056858743309549638736575
0.94407922738779707135445007321788927439036325470282290116819198470078419145987614827745648285218130361 -0.57879237029089725692369279821033909829122102818741559116928626913450047876658088780435805198233181443 0.1263525682137685801438847948834364859903420448309206899498869832760727759325423381881550477921000112
-0.024288139478716364270791741842713970383026700248701992555654626760210074089352509901491678989204393719 -0.69682001468875220327060498991843978264342190075170025263112842067344601347325661717073727961082857253 0.17050182024826263689514804377400845057526720349815834056607839034491613693225740295743805950003294938
-0.050870041870297425309556703284432859709422559538841280372502310005216017069352650419235718319295478535 0.51630981384678386151494802001140120063492607136759630090454601760037258199291592236809616809236690815 0.13933026786959207169615378605149575960254730432844513635983244305086418823471343131169397290666282858
-1.2341765550330675483881895966854959503300609709388196804043021837755080020439837524324823045542449441 1.2047610162518315902966565320957141147110919999449470274406470308650935670371331910666183866849038089 0.16089841014283507598191273386680003950667590879663376176815815873400608288194418184179154181005764421
0.012174834625892949239104533578053789090348927241404848696772912618087878113742421811186077333306689719 0.046717452976889985367628303368313619495511947911799051690756406002995160581504895947171998203822736986 0.2076082837476537088752434913348030959806576346174577673118596083799001584611599083248305082610226936
1.5446549791016539517177480852842090796337497135001919826564040528508217352738110548998826786854823588 0.45179005811079332364043770820027431238042538672321958385949219671593802444942765829520921399495378929 0.14204560954426194091935184789443944950800083205163717365281155179356075294017188840361142704706901816
-0.42473074604250099581268984114920853545902234290577412660408915759127272706266047952690768798641444318 -1.5457431333125066166514433457965343259289152978975108185236778284124621542866239098453197997643347799 0.075575441098157209861139963139620949987137641223960202622453870397593601432338479525425612947122702848
-0.75219510608016782065557478086316407739464935473091568591703600579008548545121286294639884178130112789 1.205142964613852493543958806259698627654208648209832785194902575592744788854422490905413551492522121 0.12850765251362518560516536244779695350783289648165743635840244193181136791591185112267872565253524716
-0.23084467663189042460428606793318684304906863475678294733542653948824517994944492433386820686377833159 0.15424695216544653994957970421298320096380456618404435120017090732631006049848348866847066573913892457 0.19194542750973298063374071679962344793762555849317884188796845669426831873173550139716628801459084089
-1.7729831728833776826221524019146337102760619411989852727027973587657879221494227752916886484887056636 -0.17450855536126151111502872337068703223274303838418922628789842259322717852599758149015059180032162624 0.080992769398327262498392717574871204306373343017969065568632775227869825734935670074988719180807059282
0.91093723275409486559031690066480422057473084997518169987669997696308234736864155112024468012335150658 1.2054453088811366103505659944624640901832770784248385636018223979966964386802453466947604968523004584 0.1980680797391536186603388733718359788280870591811076193660712408254113228423374327632469396595581124
-0.23821770677484466003851110266959909488125601388907656833354915005847459126465964314292775627096533322 -0.39372016406600684170506451080567059939454250594268064586327960006277734927134006812531773697013624071 0.10388485024484361863946486935194102872945077975710487672109690692048953921638820397865878762585285463
0.21912139746135638767091988724133549484532884261424640474608676234262337195773238844484303407076052384 -0.39955737462604521401864827010772180649684945787450137472431247456475301783866446938402267141573364253 0.14478675550798122213263592109623206972830387132970948978937424386581095085140193802901087737774595036
-0.98894137274216719469819507896833986220649871798432326362743432280380208004545822019817915109522487585 -0.46109226474928896518606283538007185689520611221493164825393691763543892209559569209735850207180881884 0.20925633856224445701855400643378267142498523690497966985751457113532041526383720390480921179399509721
-0.84670633019126881336638163187901155415209035607899207622280770998323954342522746284881358850384171524 0.62662002253694975314895447192993055435749333419711489996527273924382499801663255749028925895479839022 0.057910374573754208775788769722945288067862759248057862677567873762138341243579337584962878690076369716
0.078599748879948591737024130373935423155869237941201590523029111588316205443387401081507027888956532826 -0.33850179259535752327530070489765860141064544304128869485030113994036599154700261779971812300695672566 0.17018496165075159267000670167864485546351301177503204075077900086832472157922942781707468027206668511
-0.1752069094662094054514403276252136875224639539994078119360610342314149998623217536865426462904388007 -0.78144054698077074583935065529043713020948084922375156673784438337392641541306942374443366418941297001 0.034638551487088746059838045328490633929995879321681068504641470197102434570288860659264229762991754314
-0.086675469261306232946697149373889041489796205920707394120500387857349797996761837317964867114912769944 -1.013562941260753920691434654398899387508616905613390220380097483838659588063556289110862900719500104 0.0042228422010784876682672036587491592875777762959353282429028747722474214084565402359522469606600176178
-1.6196052326617665560133581681001182383166088910191095855280419104078590785675281779118423429124758224 0.2684686745520238923904936572875714856763062550721932695492795682929339519693906902351268704469050554 0.12302089567791461472384952815437181222842312293939792567705761293923834708144331442387965593745059356
0.058527431546692484035216799464913745180805577575941963934254295040896948062848720204123124173895605976 -0.4574835634152628571864533359788356842226246150744301082484159762569372439671109899576264107180632379 0.10279945924412980646462248217709459947582053166615124637505850357102283412334972465739485510284557723
0.93214965571746798053927202251636304161743050057431919782632411571487308425656037182634151450096865165 -0.84680880553902813188422651925273914785930891116149049695778550555465946369732420053908217665926422434 0.17599007695986694565355803182385747370089234992261267275284579356393033961634362341111459132970718933
-0.038021541875464571416551120023341654560124755826131174979739576591924998671292855905721569545840709455 -0.033263577564399065322172728448484821336164043750180006492248886180720518112764010358211655985611937311 0.031006583991422764646807900594824163095070143730689191246529057738771437137460241086981827624222503856
-0.094157294166565667761191159576692964076735219878701459366163873462612194402552701062763252202911950221 0.069010889825102549401074739142040553860855863052403203890808927304486289828556158333588976847988840451 0.060546061090375847355783744125438740280242576777655325041193881148361360719048582671876983996035547925
0.11548085543438029291763229226973822965603988075845793135052563946881588995587298817994507590587242219 -0.012731225928861500596653063516032444404148730220816738499993988599450258975009841312238094642663825713 0.017345800726472428442411237349929906007249108993943229825483413971995844136907267089592233934270756339
-0.45281921046639125262459639894921075900337878971539310714421977230823392216722782430527290400820508695 -0.075830609640488067214930254675121220609085200053235162193048877258011402196254685386531363045202787005 0.18993540947521219152046832798366425292703963291159562290012900987419617429863597678607089890622724022
0.055268604852263812507044138631755344560434066018372218807052406673616441528628219475779464797559108758 1.2033650558964486409425559196689198349329633061587501395026834673330766925609860988357234286052302968 0.10686321267347932542718246531254423219794687656072815133933135043856276634617354390025456529005163998
0.55221094989042753833730199299646416602011602401088603259432517082648019953329300933648410554186997917 -1.65500010247857074181490439358909444359567839662684009097967354227886549264376802061696735883878295 0.12189626268436403178281946443186531589832039188014392398454426536624928026630935154800376864294868605
0.2337490636497500908256781932126859042017042546758036761554794149624052467201489177014309757183860363 -1.410553647130800662278787278551329618001608201724827298486891627191238566244350642270605593908197471 0.024937509250671878905771156913425750688517982712342689501206943807954070784117249224911733844316659428
-1.3513717284388747133541795787048645983079203323418359393601592616428926240202693062568842909381179193 0.70510915620809400368704172010010750291399468604573254305725308639507040640828640992285983958015572321 0.026689153790328873368519685576457849138852809059358457301140970830982244117463543607266287853771735034
-1.8136015235523488839485221134859379007959900259410323622667136928820678597717279418405328495518380648 -0.68047220416836067502876887296539099765589005473440531991741529608363951817817291580629277592000914685 0.18217930365110015085817526672773239991606355931076681920190380442047782425915236424786314480334628149
0.21516607019148128048621236540335988785534402797877747298725824075438495120351240267283364237206259619 -0.18848481687745780540975259929335190789639387926187839412267887728872238847828623422879244223256467207 0.10752194016278925706264043937245082563506277725602749667766069969770307016941756299340936069123345326
0.019853320263596139681167434770829358405004898755398373837631437150051002863066102364898130145766481346 -0.15430785771191565818978400222888896987976589041511697735505962706989774579231823761381194021022049378 0.021500246531038549645359809977267882596242004011146005811129334450564704243262608877221709715427855957
-0.069748028030229906190921572065944707208452520647967184107141109971940535958023753759188079866601416681 0.037690514589669663811226566596049556310591843731259562899349173642396138344223877944745123469005660668 0.049205447120786499580000879061614426523862493068919640195350505466146162076561761538257443796004374766
1.5857903709433257758746195930287559300541389506660445051000437912978499839337424513062996457626733251 -0.25464897894926068260989651284031203366669043331581753530343897227859978435631778074020160142735547637 0.15711477707689140394829240208605494410173198167994168944034643463640450955760182414894202542207571579
-0.49953620594405277168559769466691525019957936510433708892711113745149976371213330274632093842331240543 0.62478116684700915541124610528489249876927548725518794645809796098052817554052673053133910810733382878 0.19772565983845098756286388911533939411469825560084946075179772802173710387847209359481503359971281043
-0.39212392715244683569241316116171489229930910294928167971317997070888675289363861666384527726878643781 1.5458078828804284108814936278479868973063571655344767120935893849765354151696212033965456475162898677 0.034110595091168117610995367845614616783104746510483300834956706468595523463095596630062383227282423407
0.032812287009769737939733770732789377645152852467302854099040202515336209505131880595991915463350843228 -0.16004230229464483966113903995589512305378885747598357377311496290771344333581565162694480256461861338 0.082660780359798602204272220169680696534434090911345378697378891781762822722611324260442225484038662306
0.17374801556693045998195832658846131761824433038627354782027727564905779648327525835263017922830693337 -0.21003444917145034719877165481693283281181126642855235450839525005011030561512118180022477737298336155 0.18536521171616992921717193599307017699076389677604444777963570253285166552164137173532450420014503823
