0.46290433419290302336610612644764106776059063934521068726838410702424099785332307218332111207088830257 -1.1608448460199056470366175757786057823153833006820851935302865584347577664459367235884138571646947741 0.18069494173486071315283125741030683087156680982429032189049724950776715241486914120437337878924999179
-0.2630930323339588398579277835271025159685663078036037548454959773550477598255387224695761887648736267 0.55313967529296987440623490069956025245138011590824387547475226668799435900463930052777870268345554958 0.081893481560229966763549131057607415388739749984072465920794896499174231269228602501198062686795922924
-0.42834144084873561312257913965392162956185312812434439401519788554231242228076490442857871934366242846 -1.1281463604032337802477462732894044730870582534635913926710868048476916167948292983194065900032463471 0.031278649170626502043607297536565208304712945690646143158365873179478026517387442572113215786185929322
0.44994357967075555185253144817756179351054224879625373203583348830715064100332321755811260408386940813 -1.1419264261453494380450089242236222751340081528424411737376672094346810059431521832555095074636033412 0.037681077805896472056806628451656607745668381939624339245374278272661996433475436071584736287055236799
0.11591305464514063185636389839488459444651768815328530473294462470967008672839925637447506769255561823 -0.083790567715038618452184687331961284698234584056029690845182623866879761772711093440098928325033333046 0.10189174095873601787543318017828046199836838950771950247372278550949219308843357248133934758675666988
-0.67495042430496743263417326890518219182512209195654004277677782462224109141059292347787112627273906478 0.11302874463561787902037674119355718567111784051427503874600183558176076721389851126506869370162104263 0.098284208388452454335251637911534062858114811403771051896786152250698233635394805628970058916773905144
-1.2883061526444969722184877475949249433214598035607523823834131447687555059330865750779345316409177433 0.67575982264049976187772437926408601939781370434944838215425287425084556826576035462487085593369793767 0.20312568099279024825509941305045352945492352686768252061871069409185010336790700231246898457674320519
-1.1355339892166878550634947560145875577180147561757122153843064316443268160799000549633705019993137813 -1.4534032609086636251380407284656738077296257510062868932507363750746610627116426760180447714998706937 0.075398114251874007302343681323593592850900843759251161211788628245277320068182785663629620682390005317
-0.26121858497572426828758353862756601155024770548108732442219367418959362292718415654519406505649737472 -0.12831175966277730213417254022153680852567550888269309180183487959528178723438375391919085137591556363 0.15836682126910992069111340186169097417343445335992917255249673575840515018763832066334064040340493899
-1.0171143186675651796401202800491296102336540003557033271443948204594738269361102545535016227978675978 1.6713134028945350183256570994569626665587051494216899012070861026370147533974252646508848123038417531 0.016066978857439573708112331388062253196534313682092323688748545511233819970199287921931567778809426488
1.4492616704911427721034009586128782380436163849242335200964951804918506807382041375160225751720710057 -0.52902618822323426984782683382355887340952536603513791193173187090486599174704160879670301703531936714 0.045607956069946631937730204644748380238069876443689106221596165618366563024947019129152008625980668908
0.47507780586153039582168104171975674466913229689096244109286257765763659117545880523485994429955553481 -0.98558556236135544142452727403836740483562998740256009918930748232502898316076452629526006345471238622 0.20925883047311550827178916066221090631796321715240554333059172133858880813461807170633372701552735616
0.1342985823909690304200282737956699759192357454677484143178880279855174656795465570677122615334918279 -0.68822015545753844943505394935931727247691949845938135208519918662219344630087806738026566553161224753 0.18647141561995126585862314542800748149582850820993350514652586417098084189937171885277879663607295525
-0.20544929166730423351660560866474872384634600279418682484233000580498565398116849268428229327060381959 -0.48092535253827932019369546757711302520124618260115985861353495288692858156219231178753160084388291217 0.13803822122640125364325629516662027796401730381330940156966703945161448666183691834503978340376070206
-0.25531778446181221193836173834076442803072563764635727518745997568382934184420385566158574603466727378 -0.30805848426283912420467572353552889058328404630388904188182152645462514014402711664946560926016802173 0.054992688518594042232690154893249183692140447787031151964523236438699663816530479815053194491834106838
0.038132939935001537227561267570230027421285461861345544835897834061110072772801873520397696685819925136 0.031751275766610777571356301599671067727395509489231375962315811402218257634864231332492989604938991043 0.080366506330126600400485773493853957782398101569285481264184912705490511569888440410778666140533845932
-0.21030466412933336735320320297474563339892493999613774716020699858395003119272543218372580099350816956 1.5502481734254253591735551027597023028650461472020891283208152212114700401107713503130329273654245397 0.15845929560381611090483295658875902892432073051136509824203214919082211365414445331214358297649979098
0.77233423443999171427271491896652842248972388176083851684594731550540419330738196903281798184430636097 1.3297752049473462465801946044459845517587814879820198050020410408040494441567541075306261545278094549 0.072177846906183089283471753050134626940256410287118617293182871396269615131223056276497547368373563213
0.16866204817234320297753374400175804315727566727245666730998698728710474441170630085065509667645303333 -0.22805021253611542438095936315744881148864340766589083177706609826661801739694536828985310420146267495 0.11458273309311196574868901801036835028733679806868401114278873953581638685259449945011388330478763255
1.2632283228843386729399702398104184345582990073012016359919477368264315838730272106187211948869333033 -0.85481996633374500757863070233014785164437136841699422298347819851723413264632460974350933910964083795 0.012823157703568508568621474193366659534706885635410283333855972310184525940794632446621178307909443287
-0.20300229544130308023070246755496892963913421373432976522982241446311752671088230252623597761447061818 -0.20793644135184314259129007455453351225000243315382692472162932243394920580225685448246386814403295042 0.024436384267219246947455845725873738108512183292577859776858839859438758794151546634818884070097790855
0.90173818006609494951677309504518564870273507079584735122510804830821007861490825633380629689404778391 0.54251746563006507442033758622684120684291228995374265126746773080412606391878400672184807243806402492 0.037850006081313057381653805101597548006440273268581431294429474128706819829266276775031683374388544149
-0.3248249094110658530646014127910695217487991750357140399271980446881303032459718398405782952697185049 -0.57171837543922145943780082675395042755563835333117339243103828449754001862930382218805373022250085546 0.020806045280489005441579401735101148707895870913714071259821379526892937727093781709158961409966391004
0.71199149341017683923052715602707487132827608645722989585942871250146838696241316275361569548448230237 0.37193213607380311791893143624153695882714542597770584455800759435820617031534454962382344315951762992 0.10930505399399562379769303646490473033837345713238089048072314495196204256169476487908056666113461281
-0.44657355529933985898297865012141592832065295819326883045583806503838757675117697771898665201843057561 -0.59703902954226277490261249234178663988143470272491236780653756313607882937829904141528173709925359487 0.066792518765865488779212193629892614604938123686989462864731572951394918309403275753696155603129630526
-0.3533228096370259501494111580646161639321632546933550555323516573291800776575091058981007116611512778 0.49741170968854025912662391425912192753677096389422297470871032302657977397418450713765126330590961763 0.13171009454168156390047078665302486215994113452522476649850063308995902711254070902470032214787899479
1.7672416636185924590572792661412915567833881605447076545801629910915954915136976152965990823799558135 0.32614091152796421509305902996828052425742056584361324653990556408005018874850523938696901467635159598 0.034048575905086113825006380676924223077200929028483177897159713030747285004260673130302720166370946633
-0.7764210325632843000974985568070746459679207119569967503477928808892213901737080760934509703025987181 0.47003091612925400323201159072164091609291095948803129590125359856435024851138589132030946634977967415 0.12272631289850115207486031116638122285280642194422545065554049678568805666697468559954428233123406282
-0.16314589082117364470046729731842679534199015532784379579197059365895026097293134321798593857137793519 -0.13308732074082898931306185245978126355287555362706244827001000528937436936681659404448673705568660536 0.14536880195681335530260801332188374228277757653289457878803163254537287915133419941604273765937251957
-0.93057199526815302854966124665813634585939376534769273710451344489721005208323843318853424388313760798 1.355189000531937959233074892568128639868614837736267737826248243539204384212854544060574033014810791 0.1668745556351195731336384761364167825583849359151026366500718402370220230347450172992967388824701453
-0.33196456952613644589483588656457017699491818378312496147915225407256022496057485820075048580375106815 -0.22296135117117931669412718322421094360276996451990620233476113082512071155187084133879315475139091377 0.021583445450046229179615081939181281453892004430794368773015813195039540623167285663151433178689675242
-0.59623076203430662197117470555090256314303750159874400489497956380806798619712834221844364155366144336 -0.22656878426424802764524351939883890305714724003414651247134852332155349231280182384541269316825782105 0.1807194080940742573236333085896988969976912489077419672969939331962973734207503221897728727639045259
-0.59848338141270620155596819944559595455192591543689970435638162509288497029934857740904110780732351092 0.66160946422387986622074927296858455878840607967868705658272380677258206285163155149721202197557136768 0.061359284930993113310574567800658490021725284535944423211903763869138968544262509834303215352424912948
-0.81447122656850259161002222955765164017821476602540005441953838265114306914795099116479096487314926334 0.25072438738782779568406065841887067708431356609892241874485613171299900303553308471173412129465316217 0.18772578955736603892550230015477444081821290367716755777238981948121181315920319208244500022612896717
0.10355880319986612413534260784783930291294703078993185682541092617902284146647402041022148178538520429 0.18864178787603666211162242303319634077926127416367836431546865832014904416852358350118689484516672981 0.022168811844000932327590916315449676468040733468209229498826110714476370363510737443146781988303200699
0.16660846025952102958981336770052524693661331608933658367933997056299034232463121403842051332766989973 0.11767818182070249956923960799142261579726255438040058333281959535363989849734821998925500867866618681 0.15181169413107622586603318305391415092460153088496759197465958216255711576176148663358011552915753518
0.45125505480849186347914979056922006997055673389493426401651287040815326484317097994601993678381887408 1.5181016537390529491179863453854990877546452963267670405225237125138500629422781746740153527109149967 0.087902440527499264816298342474405278607019932020949782877010566892270811278818517666459247175554502897
0.47171796922790643202095500803857444866246462456508917589864909974355519399773850124649213542771352313 -0.8417698446437941736519646810599714464393468636580690966376303791574596030445545280900466674251947408 0.1810165177955777895785184675951968417713551327185283965749311090768793300342304290063363374817857407
0.16076503790173802554565954259720950227532987497683523477398315966545616445432634159902924761191601388 -0.085637601981811672828291529007825462297838350258507022361339006301872508011134398372534386519915795353 0.17332215686454407481853998567294231426667654916104042931614645753340968883025689677293858448875343158
-0.19409681708063074863408245286545709148390250606229184506176645751613438222466794976628432102247640139 -1.1823157425991646499579054375469926863783204993560677013181218304855393856051610693517843762264015354 0.15131834530107955696550862281726489832438960417103875353788571879053935013131975026622333381637939649
0.098124899307939711144319588258083711075014887136081867616160988082949159061120061049575310583567053722 -0.5841029559408174917461055200239123087582962333553984088492224042537044140283987351367194291527999975 0.025125083312762285075146282513739099172078148869953928074260203862679361334498015018316372201030899659
1.2901802179911542924853022674095323259248379251989385433953573300070250408123013241926289576671114151 -0.74986305886861318333493332963575208821526983404703151904122505548660104687238465652253209033395130429 0.13617830373074245942003057654358487970189008193919451436032245357557773201843393736047402084399504039
0.91608263859806542966479984124127401503455635205951068566055062478234071211007309706232433883450945898 1.0617361335137422282366189016575021682985279982005936541631975799689648242460922542448336402983799503 0.13583657688332658190947051340522055522284143857020867149343035184311881392216230951179742837823545909
-1.07046752809323965367595027005513599702041172078298522697915340079267417993913959865789081065880613 -1.3387886561144395978293030377828535289919607275728094808548183322255189398964176307648669825762162221 0.20290276568991755818267280773616625126315022715516294760191134676937554508119699135203857499796024619
0.059052468397992714895602310687534740323042989850695223766116921099364622210820356459646476112928438401 -0.86980723724056862613251439170761572884832853582294145039255103751442848294836422770494011329981573206 0.092797506784777890214532286382902952563103655063607431259992469923618291219656359144353965131847269741
-0.56308614031980187180190432604371312168438523116503248114582028690202273659422947073771492184021135022 -0.061112748042875919552137587847991745805970694647841882770276864032824995415019725484795551760675490714 0.10559511776732247261490915740123617148629242244818976740671677431774371556351160297577186927329332506
-0.007835635704144496330236950279895737162091380765739103324615205059152751797736207427405616923864472316 -0.54781093543960908540660496202647751049052188243388400376890144160110834572405624700023118778150928703 0.069840314483364645372936483345742842473498713929621077205727152844539025682641211134516639423680399655
-0.6138374159190515083012526960284479279304905353901392924742478427137231056859506044567343680563411986 1.4690239096036638150201064471911030739610941900717713270723150572803690445805504775659771630777649203 0.12954527547383383552569667064405816219698539467074098289488196939377331170598653045608004446267377649
-0.1279686154788898576106396439938881302300236319792766494027265653504135694604199533933925971754422639 -1.444942759722410331973098416158672427558793790362303413754819518955365789024187889592775550356335211 0.063404161946199968409238593696174042569213488806881226078467863250205933710458721260585126465173321999
-0.068224939381005081259601112086548996538288085029255614070559986382397434567140342586445346174801099197 1.1663645323571232953811160042084477753156929462424638818261991767617212122229396847781158271295882772 0.18935254728069812686286961161881436384046208820320369775134481740773659280002543570460175418621717767
-0.84727849577415452194659910701395178978783171086721127916757043401952469978261609668894333781532189585 0.16993327240476039772763285000226792818411027569579485178640712152853463818543898356051497305815295184 0.046763046534829268570078195493783661101449384693131056590810992279519742505210973905935805212525330028
-0.65005194445660322362250427521988128479812735263827886949369314802743935410779683290287017443565844876 0.25928904683324655698163788575495822560229387836356729755232662041849307721672932987695020325741139033 0.20413067893095092906341997693760272620708165060826097884143363830224564393488973881289836182840349016
-0.53337911294762052622442426991798779882105603093780670658361821681625872384511133666538936581809010705 -0.095100697725449559691945625840031199594534665728212961516931501811464278287075599648602295148428779008 0.12767208240440565912990780947782458213782633797256967072219640029341208167290874404801351145879282407
-0.78346323117358044009048368644382203387855670808792801943094347882967435130239646961997955929066194905 0.72969903782341441263514967887987794246277066697381554191498391417313622545984492279928813328043885271 0.036843782820382996785550604082930380503409676902493556780902979836018565767716757919835489338919243642
0.8899451869253038365143568505500373960467166361742044770742317990161730772683071965225583938324693677 1.1695502870999032909812596317052464377899423152072997716384249103908723619571342281506265083518753787 0.066610130128989961522934777079731752897763570219634240027747777489469830566683708929761822977010866311
-0.57562417634812238937935936865745020563082610886988183052485749617101813411513813840766861418753579373 -0.50165938062173454251023188034400218699347522439908014164673266597134761981402652270830672096098576253 0.14512691147352661599997056514761175222575465503494484765006146527841964265071551326919075101447773819
-0.46231864294337402439742104811671447785023318227792278528942960630804121639886412443348717709553576975 -0.19561700365193929563968937701094116514185307038821559774963320893844390703018933579378593877180806211 0.18501395592444972230010693975414797558859914169427502815850640560567962368561725913511162208329483864
-0.18226978023599097174333094650664506206251203175861565636648791520985030926875095054222975076631038401 0.01598342546458364212163230037003017681261550912394427908740436992213316254443463964772441021120206487 0.097514867012504849508550777181390789282647749478970637758550857557355505164957651463128051081739197271
0.2521653353865236161698647001953775135544759285568950664145951789841366952164162250086287774931922339 -0.60053563313553431163538736686201439128678181521931194955399656128732601034922192302170026452415780184 0.12288462153230504278207163659138947847691336090319438048645876930842075877121739736552954621540635607
0.0063789737033584891862581786360420892964580552398796557509234638858565857473751097183607744691697582732 -0.10740676250167786318376879099421395404901697935655687566571013841393844608517519952626485413289453388 0.13301844239638180916287347420978866418624864347211383932248076345888589670005983385427378538763594371
