1.2282199872385795755668294560516686544300941642560325951947340052570852185800562613181147127472162177 -0.034983036026146971270298503347480324678179447188870918369126269313009136128222136526419762072602253326 0.01498297621847172968728372568067475755163598227437142099790189429552618352849571352059427763880285612
0.3618831235122773248399596642777733863531962478627143253269643148180780179716768275828740172651483691 1.8348842870511809003338118860915368060797855637481107991739206645124616335741522393975898175500530719 0.037207071705456814896726554245005854596841493789336565923739831679964822750980393933207024026417804994
0.59902431739455379857444766999390601890623232801743106909276967464748945060329839686675679502347634749 0.29475770857606330406657730147569255238282676426803122110925347473099093959106137728218139996727775212 0.059719639468412126442831956533143951641879769851253006814160014212762349931988125049647142258318656801
-1.8977890469789180231474320528651228209260896666349136976772714542063327544329497231815447828427232316 0.030861601951267035062903460124511554653606320161261194240871630125794010983227206781648031799438484274 0.13926557329996481091864802179882407109873000091997828406070659180403927805784532403109766851968727821
0.5405060336009956318258998174194805025036018775648416381748473588957885492499598959374632275342728984 -0.079462131997365212754074793047395164178598550596253647182672556249171315247505667574529269530251269052 0.15276253775702350454095660537278010462211174437935166275162049088548991166697574420866984841602767108
0.12421613355985563438824292367521367286266486384667776945922221186016417043899481529795087236610081057 0.14421989506032277232623643631680399239103114352864770026153256699429251391238230387969253520762676584 0.028654594044462927412673199051686808396090033078465589847224888487618713585108557685287475778799020132
-1.0097564856993977206555871003514948274374699730196172797088504361817126439421690943338526080828058347 -1.3990277989903902472708403187769210304479538166420281073736980365483895968945033580704906914110878163 0.022291637494029598977704608412444432367814082535440002110550161361444846650033142036338694483631680209
-1.4722496592738297916338484297245623660141755735648805485230828738319728762145670028157949266964836025 0.37946696899008331959536307391638958764480608872412447520842835921835002708696746549210794253176488425 0.20346767698437762202513149955833469520048231660354026505974504610977635651632049400778971105238933405
-0.22135418591325442645415139324702978428599929706658858197981767914256590437207535424857739164686350375 0.26259192429198579036762609649963789974766450842077027379569769789209479399841197973101633018724119221 0.067601347538878227256495118676253367494223474343427848776350910959891741450193534346893144395487916204
0.74301975101125817965634366091072638632186846611756627867367414495335785105280627974874121820879878349 -1.3561220604062080145646680494361524469457548411620396798056242950263282634523233418856857900085049496 0.13168132106822425216026835762986624369761741131521456750911320326941012888184974885028568199902326601
-1.2650578077447825844687415855797274827850830655493143744144980565362229410656457010554692736602345851 1.213205171211620252927312490514239345035173414173546320831557568443089082525619821933476127842777256 0.13993280626438352903861991973109947407817126881379493525401244761764249034178519806686995914287672513
-0.034230546262618806257788598763475610150036496224309621979721422796419884140547653723337141305597564439 0.88830971158984662900796907301293242331909504217793770651998935964729026503702399118753230791362316195 0.080768754673258613912387506903812257076853840615539064169575767319442756180792879788661639643106727276
0.34933218217211273026459755460055371137238200649140378898480406539257470007614107033743951228619944651 0.11250122972793822518043634922602029638634844436758720346409482478907426896335186269863356523599497569 0.10187619591591451939299182652689619108046397147075107937138319306144461112233578099626211436878810411
-0.27177915061641429943369044271299509343028355448790684163579152153977137968811465554739603113193251244 0.5550091168286304152176124772858756789857339894974165088378606245988938491900619860803810440323009774 0.14109796293938209762525876029579734255587428997689370725512325873006248936506593072759767880575722899
-0.0073436226295134238732207578394433644860928232760422116579508236865355144849402443916421421985451142908 0.15684222604060350926910912769063633591906250596897486595418388088924534752329981533984805793213529786 0.07378399217331775684252234566541925041813001289706116334856362920309356593694056213429630545751407019
-0.49188658976092439027546799997055826325205871894194654721485297511994222177223282648840935009477108365 -0.24087228068146437591882846545642927393053256098432135637996269193947950891757323872523127592400226326 0.058878735341195590227471981012081700070288804789773177657527883939772395268694961399158392786495091378
1.1228961356549055457930493309481410171834529349480035888519389671733733205815526559835833845726739329 0.96424472307692994291344469966036817905748694058617505440471683375151245804674751876537707225485393412 0.030870015103395681199817342165185280191726431149502679088023266819139734750982734591567617069670505719
1.3610801000170461208594420064279661229235502093706962646885646072481550012505729868155412230584415601 0.772529190751890241369789425069524845238862476334527462672357880179448948588754315282118730955310566 0.093921404958141174010841126528452265867278823676962172093900272036832124048073313430578749187716993924
0.88013376157911456666404601577054314284278979725970190716832590679277124940877620565182287890862611495 0.40772721224538483678670531777546844327643430262064016299489794917529021631606320286615088460903248771 0.20365258629845724250583772268561840423575722766144865020083869019868345462608842649746303876752252436
-0.29027315857359477059257719927592676996695856716153052230039638560892705198114979765952592018215189102 0.33490065962462651267869973177496512234945470417410445281596293471325199504705896042524348340527586001 0.19239846047365627135601582380932877907768191036356853444175525994297599836441902877146672950089416401
0.39870642859349664687111050698485769463126043046094812250796137793576686612464884775871715891486104164 -0.16700156137967600787739623139480142781738179705010196810639445300756554962659313615191514077917855128 0.0019075386233061149645391434772187876488652483989719243442970660788196894223619473398582401466405185083
1.0781055992831632371213957612837439382903213660786873995031243831285271860724814495599525268000321136 -1.2147070963788235619183718448672097469286998238951973993810264838961240702316462596666859269789755669 0.20523754152773547758571915122014822279493528334452512248660137358107642110205201290895729032264209704
1.0187655328837093495657734607946070943837020707647663610490187545496586417869374614522249765484301464 -0.28979892279353653733940223462573107283733512892958299353092894786645222823921159589197595842016697666 0.1322042007746649607915935080544370596809416722170782465015052459036464616080168905957288821696822779
-0.52581385529928137844293841593777783404112067558276604037915468845536338020954769813042436221640126548 -0.13307637478030273843136031421383605743300210282577052159344101959767663766498378521798209817187287005 0.10582213417878916804160877490377739089359575914259619942477720208319513637402492820940744721489778659
1.5562152511290150775483377200114051017955718553903418635855876813951693256744354851703280385501064923 1.2390450152097986446041489498211093184199251913123188577028108616589382183629815141401592578079777567 0.20533318437347455723638948718000192330317367654001150507846123723714399595078629065887178917943501659
0.54248401512655871912524690911620482758572576165311127431034623928445134993520746309256947024994029039 -0.061605968044397548048747069189949231235221108447312046956067495106725975748683998906258469338874986657 0.02081543771743797188672002684830137029494313418782925874735296515584649798579457960088796577067008145
0.13315969976612757362799752979106509963148147885308504726568630784258851457378634522735674618393138604 -0.54363591855255840084777014301630880406599834650199367273555757682856753973672883711552632728756722784 0.0034984665551668401918558832491901980017535713303679429591817805441411058897400524743767434672057747114
-0.01883843896950864208046342013722914792214722682664417856909648375013729531230977991404827426792538793 0.16630651831497780373946668340166134695843517297714322969093206165309786943284672118746806617648151952 0.025776111887916119755391526955598502737171967857347665920560697236083974532082134318111591152476839629
-1.5332219756605878636777837274416362653640437179941227271712941457561434606541135648012618726678984376 1.1525759810799762944183875019140626024575908135700843894108105120895354775069233314695940557221101794 0.19923407052245318688385466661858857416853552187924979736830286181998311957888450991017357225710214136
0.29600255336480541232183110535232214093611139835804474689706659989299138343699266601875382524983087538 -0.79710933333028019117116134527620118850692200346188789913893814466144918351783382113710489736102013872 0.15824453417610024311659112654300197853181189632197843636722272060285446644625213445214677914849474788
0.004128668258372323881893711779687406097695516729248124557276327749329871107982752558591753661339911953 0.0051226483479081073247337039019601925008591622779763470995774544243812257560622998831871975837675777867 0.16390652932174955812931896118103448233301437157963226100715509536824138140522237429381624890695399128
-0.069597769385678176595956708279616944954613728219217416494405659108210671101264755948367347316140489887 -0.51796203400610261348476721929806221839671066632369145867520554709548157335317598709718589753505456954 0.11328289494639407840882829211404325962903347638557125441956240005596552317199378428283721680212178637
-0.73431501970847286445302107216687717984345093502611578825449618154227251104670364115916521318783046414 0.3460499407297830277439079143371020385042104307094476007136119867558319813145232633008554965067018424 0.15232067392095291007472379562543981926901802632834397673837309121116798464596851580640783852898582341
1.0041662748218509025416794873765082022341740968052483997817093137844000511111521042192235625152807186 -1.5829732649967255350219937074665984405558139017718299803068953556244079355845908023395691095338811619 0.13831862868050359073375085670651132451316709704065751626609819096712194905577677560872432594226178537
0.57301908213555546372004374861410082442482646869043512755306541645971307004014966235517579146837874298 0.9416516438867489154805300215778400080407085432304797007133034231476956394361294026511020009054115122 0.1662614109027364683417765819831960487167618494401911659585252876973728271976546363897250521116678237
0.80768877198628433030890321265920573215130727646030138204453022412934472833499525379245161853622884721 -1.4583416513586307673831619138066754049025271850897959214722678292393479026264577082358851467473070696 0.031430426338694310236851782062392405480292830474714402571154136983970821797120845097448199150860517796
-1.6208230183567887729758102276298770858224445924429856672939106570525757024159077704391052327908641806 -1.0863398493281430179786262021810315704205755575619512493616563464205975179972123024530566344158631327 0.075329980275358865447062344448179980110007007467977542910761554466426110551593173176251426009120671972
-0.080001383056695043976394256218475928823543446820652370078601233551302115298724756468908422368029749155 1.6075616786221849836714627189769302727951008816174185847936577791830360405440274403918294121207194067 0.14829887803233615367307813885186475473119432893429226460281555371375465439247995657106955021581751046
0.32455847765074900825910898241490373799597253740140341488160437499211527318395137631537172933961417423 0.39603358077427006656251723342070257549540366825774971004542580667062133955152956915554392332228671799 0.0055931070266607530875053671574479965558574871919740473564447643941252016803922300884724259027993962368
0.12685642564545210322533862873547866093228557128123698758672200226046818990459022922721314712048559138 0.26631785957361352172718320541427181309161598348047680277378867075882639498132926931613963964286787239 0.090714653557827529506138097650894313312397040116901174628091302307559923278783615702697299437073107413
-0.80699700957585211422049491651989716651907934678171895358587155212791928999019609045340790791360144245 -0.94564838878947426177613015526037333953916731666054279459344143250011523482548969980518420375180672004 0.014061247155727511796485654516950057715607128791314267568271884807410986543543803462640314267194383746
0.18240459504946750206725090878265573717384088984219381849021921335674470870637482227993293655789648943 1.3479959805873809741573610319944035890898728709938480843831006048639952318861075111800268639667005554 0.19203885207842879409003218357785355355637330167958922229200669748914631374859613177314541542509186832
0.63505247198025684054451707167000549754081621523646215177164017307794311005042096835290711915717580971 0.28949913318800357450316503546314718303183893243231610581582692690912337225120714720189246821495605202 0.14193712906885571845303141889901278032195431639346670432906406727671664886889038269552971421890523696
-0.33557831001164516029988034986367339675038152628435709654515695197557913063309535290547248054235573027 -0.41171085713854823735708464134374952841502156519370616787632453442521230801885161705523037873280369115 0.040002050193616118118101285989849903589462315754225874828189548033602362758259443457265401954342625181
0.99200821364903384889631701873307827490278661263947308575075150991377487415651428994548759353374909771 -0.94596746009971261534094946103182847468522115414401226305661139436753563644704726341835245707883744283 0.12619318839422981326192809270122179892087539644487854501623531530948234197456376086669442505965546624
0.32766893592865023501101368724507418716224109611991806112027428138006766098115414432069300269367022051 0.33143030326577188187462854358678389669205337354035783724364011744740599797939311844158805308001525221 0.20561064159006668641221454470822921309881060218060711262272564497494432705973972411442436942640004038
-0.82519704405055624037136752495077453091274010381510863908662188718880098082086778765351967844699611958 1.2801943074023976915274767087349598271094082833752700492502737063251530251969167155442107884216917903 0.097692494265237331816136654982537864201936325332019297268318919457345511244941736871399414250949115662
0.54426304785458303563413772069931402225049817268131335465599233741878176884266067395726899980795966755 1.1104886479903592543815800971597329965709842416646517424492241891813163101442737286727786059747753652 0.039201054093267274522317289568370720391015820016571058032881128332937143923675755866127382622179004009
1.2395701467188477810218632047427994523660337788509877703377591145109830341788454240112108376625728865 0.81457246117400571096388985166564305832898503108097559272512437523872336769784359804701040632126290666 0.20474934109302013212975852296238300424037291757838733617930674997480589369015048633896953417912667383
-0.36190701381022747009219436057228162773127580235456784284755750355920053117811782772464476803389123532 -0.54223807676942534172215776938296072155469978310103806968426927092357877095939324728491093220123449938 0.14721295224284214135567156518336942665806168107766478811850979833361951317853577172055701537489890046
0.79800596352645588934215490685525333481871976535368030901734042284625959674089973792678313008749022822 0.018262218459033589312962450489564441199031202812942931749956466052072410991812759080189373590921724223 0.10444326445030362103464965290162240694319897318471784467211707870383694056061413671408282097199160265
-0.29035035068479446133974454276375419667739475894396884489254248537602054946811686425432525810708982761 -0.30644593049585097068431558131025771599018548315589060487434978031025663215195024162787591662696510022 0.11038350277205525885440399565020509761287627865794738369389226958055261576904869891450218965146580741
0.2563687899850679102332368719598873044972829921025502992056751068048858895166147486548985807273329916 0.35158448963621876791040505372799362669669933432075329601095037972594586488353923710603183503325213229 0.19732880621822040842031019644462519477884022356520701383508695587943893064891159836260796760594078851
0.30470516066472614752382146292868201382715844360247665613931994421861875983376286954257220451922376507 0.3058010549025470441596990165310964340386543461538236452221319517228252462641271294259379541986519573 0.083969334994269924044977951317315423603512151209504632432823237556968013414339899546564118033918162935
-0.44659644588012695810674279496606734075904602395028610324438128055706498756660733407969393951085872333 1.6894774861451006445487697166345392752987016379555003187789294713498999198752173012701330750461323796 0.098749447090185320382727803274510271449409936016030354415905229360807837744642960951604541188769103861
0.70716810285980563660574204390675132276017588797514865639993098459568503066533874298302201967944882539 0.23192821399132251987702078359868759755221020939253608722381422056454607820667956944097467493324714563 0.05899289876148896846047286557227767918618996997591604406018653830087817425434770594280826591258124035
-0.23266388615140420801670607490461182259209154462150837409463784936178118933772230128702386065000362923 1.5417778564597255835477001394200139773828306287438865326711928017014205299766598261451056554767615942 0.082237175692627125863704383303414288582684558095669274260573361406765860167964102310426176287188419643
0.59052949934610724166281866996289647912172765428254485872199048028072383348161805230687410786058256921 -0.49396556020894896934728777816875611303611770440374498846040871726734131537612595859207273513993207191 0.052591405193889908970057856822587575566285601976036682372822383690451822856676502840066780139001333872
1.2080568530866757387205416996811234654942033268546639515355410200335351274490749882626345555289710015 0.40636491426269506743382557288737660564051971653338236973211597800716837730236901685240028626423174691 0.18433861516065518908384417958304954063821025973590506134081680545802407445250100911347577795294685821
1.7170703901199104393838622928396459597781618716787534526812864030315626780503010101660606624256913194 0.27417212644347409219316324272864138897504698870095891499632621853728808361762397570769121030299116294 0.12522721593016235399340445139144698613688906629036598603665627773736916870671353915925954233271902174
