0.19068404232870211232339830130144837485047123078135879324204543433812296674007613847767719520664350181 -1.4491537456623782160077119212524415002052376556500836267190732246163055352126220080557113174779034535 0.069008862797098916002754407146552119347380085698591327715846512959784182981165281843643630864382433645
-1.6928772726556043226435274184923817585744898406261014206975420548764058867789495070532340116915943973 -0.39384224955273634248216535377186226152924436570586148646843247418674552631328442727518293543789182496 0.18236260581208270086729119140902526055965972736710956061833668439680820199927994637069249715211366608
0.079807668723748726507864721724223790484091437247947640043012059553873811363347656440295977239933204569 -0.051294301720141981689869330481415210592292834272453037635304551300651451905147784832327232605835618137 0.18727702032854593801453537432187170993286753661780856403242543117510084247295586032521126960313871707
-1.582690794076083781779755590085893954034285926119221700648754284559620146239001862332733189309602856 -0.56702624695068880667744333393466828518082355737817486050049152778913016612520052547119111301507405125 0.086449091595315611805719691173096451106092182635241379139348264283152327630452546254982176399135368915
-1.4098296623814039279857905688263683772711302662155655066637200399911348335669523494310139450051031227 0.98301824085302340448700473371927118204013707920586754342620085496074734148268860553089032594529059165 0.15768434274564450817289108629355044653241774492996620755732047651518119770359641518833054761126641185
-1.785185491186616972718343631811365787991351439362829251062595844623163532096800398597771868413368292 0.0052568554102726818437835070467328823334381959285146598998793895466002795075822328125123968436488071444 0.014105342932906701488596585392829845698471718988153706409052423941057816737877343938499123319047722458
0.010220983921298102797412867762400432778852087084343082105983214748857326836316711368226784551926618995 0.01099003259817002243922956062028268105219751238333954931040178122292669699836843201321558899170818382 0.15531267839417114231567765013996383992410859337811328517254712485334596653295155772759884639894149563
-0.50878506410188999255857727954035655303521273198589801214884187500866947184477080707320680071604178812 -1.4464579399697711076799580932242761376866493819172683777600646358270480641195993599625899802207535835 0.0057224198131718485471997563031644727182982686270221427768986821276553069682837439471708581128348535976
-0.019175180446100239040154009597418420699750294890451048732640719609600396983451559147462126968568029857 -0.1012870835130337568041502692784707504600892613873086607683233936818800282198750280311966689658867456 0.03841743023533387822667806242734866001402296557039463728801310286746867215327603892171117204695765825
0.43827762807922643906839573133233905884560084210407135201374189570199480699417464017389718494240817223 1.0785792604463043884199242962120810565060793504892451458476086595715954695098990269070147827285830505 0.16419216153551800519176713002784507762383884502751730964004353890974203425804721681311063856141393694
-1.3009550033727141397299617308510805761307872049902871999496441675983430597374029594693151320721432387 -0.54059661581488302161590774619331178259522710643717361104661575885442899072930802580057159401891145738 0.014922444087377790849965093059724322303999876173416581508989712681991791851449587144683903889098447453
1.5067930745147246461844161755171797601119998996808735328538303566669814591074761481910460974828325305 -0.02232328145219951145309892716503593054209760843015095989780703961169467870084328676997889669242954459 0.092122165812265064939428523892357675764684363131858934683196272321938283133305871402900112100551052426
0.87975457627991119193674837314577110514373791493693876708774838703997067558509728366602884307093513507 0.46604980863518239565469653896068458242051650457700557209920322621340571737497788383969175657556451123 0.040899756880659749584937149335404956229987594635281061384882023912349003592835129754493534730670935838
-1.1238327509750044080367372375475081426236780767411549503638180734818987010622355154490028669665618188 -1.5502068443672448859232108852750275764520709098399496083567788552583149184855434219788471171972546143 0.084058661894827800286850242665713808941049852843244109213190243410586719220426474546977890898726576065
-0.63890967389648457095685043188590803262069929920907030580855133079924086633884070524252339846255740346 0.95943860034481235283764770482112044701744773834823979499384177582313664070537235991809239331541778214 0.00977713253135328290551052660876863206243796733206488768889374453786205229824634868353775152941583946
-0.2271731817244520767107673070701259963979521489032077709463386247574016359506010779245145537569971574 0.19741200645750567744143904635939529995571417755356026826386956224411363499237562361236576260918409793 0.060938314899537835984843181450292526587565862347203897462440127189985114444685653311576145161688797518
-0.24692610998264865764419934461601879999441191210494089762849881887251790043011230886881800482169568696 -1.0725985013937359740732319131925283562526461702471088955280725705366647433425318124507857415490810984 0.20307799640513278121542492323173383836628684495722019356583536045932710118415341174016026735524062567
1.1645517324527881709301540825418667094428303135439008734593070914176686423399499438786295883837981856 -1.5911720768733847457169372216123568632480166478495636966834752505497501622577092594780973870625009042 0.097032476564082369682241536577778255697692256984410217163874088814562251703177920388883321213836443934
0.60671500444262620518672340136752755354729150576993362578043920978246237007894459350739884110941090191 0.38874509075795842070831977788456549127011641254745907801626545486951336625465282422293616633952442976 0.1335474632966212116522993555345581775102556470567213215173404980405880437497355772846725017153409106
-1.039932220326605820345749811133206735485028969649963474895779114968070374874551391527841385377294942 -0.61462377580765470170612551903180270657978005634961656456908867170857686414009485022324098155995201298 0.0076602740597908005695053725515333601572437624282633898487237535857649947521023526220802307801150108451
-0.19257356663151097748258176050503473138224060522693628054231643909807292269377546413178608773719146745 1.1379982952113049769525204974240315452178691975931977988935124271155555731449557871768038487892964781 0.0015407170443270763195643730801203191939598436038529896279364656707638128384312349937723818862982284185
0.3513679950958179425938447592850609112519738323922090453464632757685383246641036764707799011404973078 0.72014789114769316500007162243009741169613188322210991481912301882906189874930229782470380906459863461 0.030737499864705576046009730242086482995142252964768858112925435325774154376053278431374346401956466676
0.098774865384329499618022470757971343400758474998242524594538617631242389364337630723776938339431988878 0.23500323867278479326642735582446023597007952566163220958999215022555326434816444443292676081085088178 0.093080431213683715887946526460009608295031997247314910777245570474050667418340457572447853195114950879
0.75700216219395426886414384413437759334837215922888954479267589172720145906298441651369410970851496048 0.13724969739548737418470459155134343092929452139910618895833041203093289901160667715800990410630956711 0.069042090172466717888610314117990537371695147163775043302651813373696396095313610877338160781524126681
0.53260380848024373948176239771781162050568069934610862189247542177006148686225638276892023371487510334 -0.5392967238720039995100759616124651177335665419294581735516800015041363575129938554625810105477494401 0.067306680572160437704902629739789580314053489596922414637634018832988173046250088611959171848987794928
-1.1834488138956054365758240695255305534208116152960532408040771006865717533168495902069769544450020862 -0.46807453771614218076330998474479438380949313953686753479704859196338834638189018549082588556464699319 0.19096187813157240003282070056406930312712070586740220732041253247205491446930206806314118735683067455
-0.34131304587640388746518667659786804290643720118974687860317701207663410334994240551402601065942400353 0.22445798660217820014842445740457653422496855411131359153208268047448521067325462660409023266274181709 0.19652553734044302179104401941129489515001376933732747930263098899343473394005410853923477848387599018
-0.0071688752327313517267842239903824794394626993618000050740542907772372908242329548777472250502066615811 0.55100885565037057396040183853040821857193965072848202372613019514509523168816493711369372473164259332 0.036394151616710747764335974971480234669665261822257453985067259335020872549132187384032009081153755881
-0.055631099071080103793995405698597214907242325619882748960981709467790150123497614580345980851230196161 -0.062472346505160534108904065258653600699998339834964591827638300853563197417144077695488250531953353197 0.16784344700892909651681354199201023926515718078067996436045077026024093661129680816797815524752070762
-0.033871191535250224127326240521425999787276352975563441322283918008185697791430536259601635311683160567 0.38662079980803372281809593606198675412083807452003496580757831662220240969517395282068681949022253854 0.10189366319173063988283175625902383202389962850181465436773195676321645438481144079318694687127658663
0.69725584237711127037990682146458444230881333528329095225919146882966407429281741239898697570311040107 -1.0316223919386983058154282306825738310423279251885587820248947799565159512943188582687760671396908172 0.10138660193229816785862921280861761215241190763319256207229316501566375326501973143315476138127712457
0.47376015717178317636871074628203946903058631918552551306701548495825023921411646894568561242217291107 -0.73721245373734893832843311674425262555518081268996386732744219494803077221383815189445465899523837039 0.096514178877241444437701349372250289180887547946891544986835629337221193510002651010584260713539888378
-1.0268612887885678334058368248066202942472587852463678120602079779893808815626981109923322640209709932 -0.43616536767634839451605615335145038147983230507674398454220036021703670038103877774953141699675714485 0.061547110011225052880581015903213657187071885682188905293777459206344301244621685876852897739236374754
0.084689165055813164258308374199561920278042985493327998854724906685745787253279247656904546503679278502 -0.14454269508191357189915632858796337584829029956759736498269566125421904130710770417576715679992094927 0.061838496992413225152683634064710627227367604000512432576092483933851070763915057214002128169600067902
-0.92173577842627416415559747952185068930978081792990223492815467738010578541637157198814234788039641239 -0.25780496720765407075804918152703811860816033845628203630656682480169983807208114810554082413814094139 0.16242848390087997977659557390560034214946210766037750542451677292156276103514741758780159087091744347
1.2797902709753710489894754002203622550740814837636704862134937701528200975439707484894821501810227571 0.75721576596374346420321392938542012658483335016452663209929196812674108805686007539351682832306436262 0.015312986342512112187144549252783442155171166618621852974868669850338482259227517404992292055525987509
-0.92560678317645999027970667667741307425223194074798173364590523294974874411710335424222472680202171508 -0.70579771242571052038424867030187346345822127508559472363947739673764790801860747081709675919604119013 0.025826610838967241556210056260810217126333989467524448832213589760830389963669152042517295680107756859
-0.10898890533593806606815499502076108802982253798337220985868812510390643029448807576182123294150028996 0.60408536318709201894798155116161847892084024327792971090285627244960394792745314988256737003185973533 0.055174919367317017232905801167829151810131024028636955645493598947377910893039054485250744085795814615
0.20227181263753186474209939711659595525753358589868216856786259445732647383495370618427263645858254969 -0.071840329852775197510650535293121620115430363731762383218144777384213924073765538237155465751641351281 0.0031672142196076350409989479796781092004090738391126859342110291190812433318014522343349869813847811129
-0.070284107321601514602970950208456828583959081678749717672858605050630332105292714713968602386388567589 -0.014443314955987931353201044957567609069628546773387930618919765322559190054879001889049594614776122727 0.049575527502039667286309003799764738135432324221531769702767397031437287418623711902373813282917815357
0.069090393068031721133898501652338340196668452217185593291918187124289468991781876982533927037420813424 -0.082271792055452534322058022951645028496235890467279736196058038101600094903739728174172819443397109725 0.18494311526203553236721311661059590593435801786788815667342594968044526882303041757510557110401643652
0.93139872072595545506854361352585816251047033374557755084363624340166865215119274579411273687071997717 -0.7800396276716602112864086144985907485914657166503935622869074963237105446380020352478815010531325498 0.032663588407553265952300257040176264981253120702830505195412507216017802385726252870990156411587829333
0.73341437774236074195596744965935769598198239828842851980661860314690037874420303957725006386713619751 -0.21802487949330445985726704178002403191981844306880603198367896276379978034284418789998649703345347708 0.1836263760682618791053828216482627089346788932248665821331016390644803744491660998585969942810498021
-1.1620035230717997847884511642523679388018319145181963575306161165298092134029948101720961515756940319 1.2689197060688605680121914026314095790118151714641309656531119562600736264416813710366225378351183675 0.18275577429346749238869250711778498468266844407716485316073232702019723067513580487556083768743291819
0.26999055410715862371771266409359047543072508052763969539963842994623064004066865849148090961925860435 -0.71515135661460241246339743970264146880861264673531239399080321382767368469598652142913094263722033265 0.0033569335418786911510073761484268789282613312723576856229564752155628425592213510369049224778781560532
-0.010904813964444778313568553848487509559432860339718696046497813453761316731077893029586844984590070544 0.038337366691253269914829738078147196591088575523701131544582719053441205525294851204541156056132799636 0.16258231772665692855890772713832293872356399633790932455867066552957224475789046447824433971028993799
0.1091829843421243547728414428248759424618022344071544952801636060113580607818974288446911019385421659 1.1372270431183523950099335969798905784937676577608064613524058867067491042392896427849484149007155885 0.010007068565550539879736744571316996220778538954009426268793325829992723429981423253645638516011740647
-0.36014807899578317246322394258645750973475385833908496311342620030848100484760824432549756347146675903 1.4515011722884870978725863667506478019625761223962767224975879682832103882135820275462943378541791286 0.072491527885894138186569801344528518745757850365433688079821861467710431889533230709231946298060480263
-1.8416632177149176292768879186263955085119382745149503634556960972245688085365583845523715154855911874 0.32630588455921985500908408468861854850449971955045970014248506970570665312807974255894084680303638871 0.012406056048635923660099215553455510713304919519921973285651755239550066665108880343626670669258383457
-0.25351517911869152552160836711404618044213579989703107517518623276831449891818146219840655998121675304 -0.24546861830568345773887763426586453838705776839670872368253022461705733787413201369008533685700610439 0.2032322908440504338627261503015736148003407164609556439723815678516822631198717492664947038637487565
-1.0425656959998978379541496152179142778277141750420012523954245334182989625259496734763127357451729012 -0.72312034331084919635740594292725831222219454826388267022709322983769148729308624631685489284824003047 0.016183358753021587503540225168525860313066609292119485751713798304381644722294169768386370123521567518
-0.093224382442423982336007151339574763091668531140167897797928292065023310485675812486479012213475024193 -0.47604493169027467393079197334795918876725671932877102467449594869149946564229147116029511344875076932 0.095583961769297736244994885091154356936993526578971102988861432966787489933702465871277302746692775848
0.0036370076980897289627491427066454338113597545568399851390677030351951156933291677655768619453740295103 -1.0232837718703069601577204504440268577670037106068515076649301863607041236948909472829548044427877037 0.039865369463403135803107940121016877001857512733859819507266749205887326613074511706215291717626639026
0.37107019288040404099710229894719186978315348604974647679337206242247406736076618905606984246485707286 0.47781171493302295546596761883886728524011827881551089795659391690489981474773146509529050481630810284 0.1490498688823121776347221341454970518704730501171681636125918633570485915076239614184533411086279706
-0.17688000535964685691017100787093705135544330029411407602861916571154706490977629532115344050151901549 -0.28503831405022195802081379621164324141528572719402752166464401261271968935645318703706633822965333841 0.13002820864997607544492982062524147952055291368820798723040883741285053101320245979839490959960420786
-0.14764548385419129256447145392713705082545717001459730043832014151613017211969852833615646959945681987 -1.767252829010419985691205233606391598037008715734405864772177121904494400221312352910569508640919278 0.16502546000879235281897835640033916952512015147607494923528697261323326153779832238877200441896528952
-0.83180955954021594331541772020014322923842715921014020948325494333435009853225827922000559005683696418 -0.50648721676542551115019522579483654847071926090795497126190102244458762662093922587686024014263071183 0.20824373733755959078982050610007332628768022047072574922582923223703693724495697026205266533268815467
0.38688441137553438087709381516968274795778116660878251595487605138449682579773693840190431400987483451 1.7825973768888937557056616679405742281809200846110841315417622386005764058088340421858167184441877887 0.080205177882781214033827401923882073335035241709956221573030302923509054103877588270286415662181981895
-0.21284561545460503706389196295957015776031291704685127254729739534922622831649368809687902350991374511 -0.016205299921677024752337722373411089038496735773751070804949967435051597825612969069094793087592574163 0.053273267411067272933012830205600271664124498013609578885038537375326982130272195028292306416361244468
-0.90134691931135061323240621497152179844487360064129446185678141329103138628715573205197527949337571826 1.7191481649321823060209752556076981934060654046346048444381526857510107030798062723493184545981868445 0.076916158867543700074128576437433481537020940821722807817892292626536253255343753295861512545426881339
