0.45793418481609682090855224903714942321063924980644706754531834163426978059802876938640379271256791842 -0.51732608581443951943144773311648406685062656954649689053150406818765372232191991213447620471917775194 0.17331343854210800622938351646357671279515297997697253867943375848415149692903897680403547413223249601
0.20327420193349694713807772719337959044179145235225625012743161746207802682106976104115825905032910206 0.044436410253227251051809747867527551562086060562661289120073309892571074782484581107504175171406900407 0.08851312139014369737077997077106977299385295371859691194076017709825709008194728881956750531972572867
0.98390347290397702230071769106147227364763687761159378403010766616289771471538777047133205775138698969 1.4286400706106886483347510173219764744661095077413763313939640433571331293730035163989956946809132334 0.14164730539716355401068387922530275316325481366140044030196498196039463524938545465589239093382625326
-0.043069096991860883155018867318381356527975008148840618916947474041647365271785983606557943446732435124 0.26938514377188867509471609332017066413061444110067240266175443158013409333671754032598330808269070575 0.067303253306943981994782407401467509023989629939122746717565393019750706019180872810012716334984781381
-1.2762960207381574215454076617873550150386692468935740617719176817902406186059323334481470314046371189 -0.63063645640248431839639192495227491556984541729847354731897677363067691861795659348197899070554553607 0.0011244415117055915687449742554422946448357247293955546532148684071059468932580459502753491543174186236
-0.27969712250517272059221254286107039384653190289014147292375643366208924832942363123912905103745575211 0.051573484980490301737102260042208383441692748124714172811483959845932484183876886937331760641264837352 0.091816589017228137541071489466125242295653639585627271344482597202824362251047532559174693803884990698
0.44105130549321621282560957484869890529032090601699327729396598235915414038659070039853219656270574848 -1.7396899132244822508392910931960289168397672175670189675838377850032117595357585421345793270817516657 0.20545592472214141507308032456678981766423926334745567840965339935977566995502144744717287038097670661
0.48650263890924850286223572249232657091521715285041114789439555312636890483681094683370945064673865933 -0.67640619429017107951794296250484844375332241731491035321594273142698316734701438100567261760392875591 0.044554331851059497920868248080516502368700299199764656342880297903486330011776514484767765133571005895
-1.6108938679349294468281135706002184920670324905590419298930149982460745766286253314072003909141189223 0.37057472891652581362247158894502392047649622396396625718383874792429116648926760485650849931706058017 0.046741101838392199211506787472381547896786600468791602379738500369107581439418812538243304652866849396
-0.049809359239101801055622963905760247772299996606712623973943702521400608474602498449280789102746697656 0.28162781345957719681763872262327587576184737507839836806156823585567357863415175357904967639270410307 0.050527890149751972599936763470142126746483561927467073070596283845139919810705883955187481196131171928
-0.094208777176335758610597688159839046197057931298336974379785620474419492290218824834648173509068887445 0.14433188215913103246997715176670676778811283868385685676302246413269156923265217875032977376990632138 0.05599354067812922062924907710253826495530095395739306181797871878958130846553706078571610697584873436
-1.4330632808513196245971263285443263421484602447666577175084553277427839570006872200444933628864583083 -0.88039259781920031766904481876747885304046346615701783644408863657231050837070229334104461333005905036 0.084050026279218490352162625443846219065026806648571314710793470293295287681227401952472069845227360673
0.61463559821968225093747339700702878360591206882144977675401311627826511505391658836336281323748345364 0.13386850352726557995438459902908666352702636679923465681689023852341827083144061224984106135509980714 0.16628886208805732938230260073048829929045958090893140292864779782624590144817820747223958306745895691
0.10809215276778177659689848733013998346010079204704076775605914104555733137584322845121254799402793098 1.5367754167562904659972687339531082631393797814595595613156576672949112917464496998610963080006673693 0.11942896344498031709822784099415501140220590009910708503585833000852967900263594801935800918321004974
0.50149076685545854777435847189921256397862580304607050059929587712109452377245446431288159921983657315 -1.2877734644223613690966311401440893892981171716932562533175262644122496813576573602649863865956272559 0.15717301674210126796770482150632172417741070674389572183544521523916954979506737330717153771947222476
-1.8056415866560095812868631839738296006835527343464834423000169379602599149885992367709497371166221928 -0.31885806030195806806152450115006576422825755188160722395373782781246571157012064159421109803547246604 0.026889346579779532295769073741216188243647557876580520447851431560763809694014357300765171047381600845
-0.61102362798985848660048918417732891610360533776542005116599021288788596394937664212078780889517818812 0.77346978217486774678122324466055924987300590596437067827612237393139211888840847087182000123167930393 0.097739560343489252869965424185440670884724171171274114998591133071198809510079776036026660785407590281
-0.00071344538156184838164853133022968629342524039634714409894027492895301551475955301823591550307476927271 -0.0011359615395902888487934788638202035861399117198150542178285006828613101323612617735118130853911460118 0.13314386527932687467961749093269447612870272359919622161170306483569741056485648382173080015787635053
-0.5473517488321325254651497834208561220177638266097363180287398667469736526128701661104214392330711197 0.62436574294291829735794681138877445577295637152739675443119336793741106449567669639754009193377204287 0.11608165697855644213644124758572203627658312343792546887065116347227945728170696017569615093078526304
0.22358538191157220577430354691896774999174256177279115372862914760679360883843939650416008781580369591 -0.29714148214890242844880251282369499626505112036133576900169723633834611417638533815472742650300474521 0.059954970365726920779238601184839146273571389604952024357220665331565330087513732712371438738988772558
-0.12251729056154007778801302213689481957462479393099957758748303934073777764624634375400346813667710313 1.6900427834571886108587953540997374939234497802229056539586868902978837619953816432283619612957020914 0.1150018206702293796282044848251373507591814427810253004269826769767556158865609341661481061701475813
-0.71499282910517479437989202537184760346257487333038671676312548024121991048656514784554815494920024682 0.87264663977237437613921836134909909177891348245560580029406980632646684063074351418877709616252367368 0.098744087097197920554743359277727432916547650947040146382279189308249089792410774094641723221414981978
1.4958172877366929944823062477478590123016044017662487045820576102425909495246082233927770209106245973 0.74967860762652081706126374998070657389350590111863222937236950692267361282518787598859701425332300223 0.19143515280852707608487296985745539748980273108645147037480569776217541180587289440266968334709362176
-0.40764059425436192325125711234437388681777135108736764948076838081265612970218549901281628749223041346 1.0356799716430509011840871312870484017292880569422178078820636122727547689854779742646054422732401108 0.12251622110264265057942352501921222038053388034197957743265270385248552975216205399890964490798596689
-1.3713884942641611241722626623361353272611274803892086986580619081190557610620694784256589845457447679 0.88892084621441598543931356786018409010476017927140151771186456487185834323635086872159882852954031513 0.17850226174543462703516724429246851240816716933750795665872015332966119452428665231968957486560410838
-0.0050422904207627455175694434365324870394681842476805141267977010499966237838978284225273095659475562108 -0.013514181671842739833417653720318032570378384099751308055423921879813166205918564232363542083077841704 0.0038090389005893032882912969147328076485650889015419080098546586034796037552009207918249620546297012005
0.31293081406675161778601431789912514764533639905385111817987888618511395922587558259655894495497198414 0.4780557602491551215632104070312747996973573776271778586348679442988182471877200247644752695897227329 0.040353468771841528349439552214672292118661399088046708706271456836876741523589028136408963713753328535
-0.4725267968953897128538833537105717679180800826984951612532416372319730126978808667745026106836452273 -0.89563320165350070988195896731140148412279214688776673224394115042372729472616414950864406208251256867 0.063993945721085294226620194681452826527246621190146768894289558436399037469546068705040032590209193237
1.3759892757603332528592826314663051064127796509161927678547683896955017511631366057726740643569063526 0.41056321998667607242956447045746128590591629946897905429123280448965358339460276466975346877671919092 0.16979249079316154920177566745120512203403554991010498874375507077627301693860148261361724147171761399
0.77979522016838708672920519491969213508882920160382972130846145377227714725590235569449637252796333879 -0.37910978729746498256301688479368820545464165988281047525784518316136471534661189555002890270033269137 0.093276392684604998015605731961179600878511902402909335697547027601910618893183232909105033854073286304
1.6234308019377133703881639536355495602943509207839795388017136076648111435665115584415762821399760589 -0.26653043595911631894881555514678838138050682520081214871851487941279351647432372333433457989407822354 0.11306489004922004905619243480103345479092982823569302558787408052685163865089061092968899574513591464
1.1903962678551083494624298202579647315278417269466047699431116083177004893715483947998543099984121609 0.7194339523974733424841045638929418104794090604905685434811568868027421635669212927178643761511266755 0.036458580904793927122324323499923286651875001356919869930481987924266193445825944056400390281574858691
-1.1919053342692375597947196675355717549092274601622439120967777290634540352940488168804023358953595073 -0.1991225743113956862661642023341965157291233853413689338045917604659528045366600203680791684585015565 0.02609441988027289725695246940470144488092064890295873702095953607096948350422988238723063696822520807
0.6142929992372054092996519378148784522776007639619105329160284487162319716916565405486094322104457865 0.14260123396416206368438481429183542730220421961984429196124118103852963463037155321219532570205155501 0.12309387454999861147464973055307516495510590509417355710873583997349229431617811228462897331344776733
0.18484849603747412954517637305502121423090111632343327822507635197411182942918381485849022330720591266 0.35610406422369947542749776923021385863939786592402689056649335102698332296505908147383305791640176185 0.036834702531156197317744856974495142595447229291526257533735653856244429612556916657767772821006304384
0.18918293157681983786379908664897024804310466319119979229920576902896150241495900773503654283763231459 -1.7963012883687425038871438874005325551244791662482500612791210991364083077839002798004042951439663084 0.10491946337024482556979529593251797153645657041484185845950936632481578709994758103880052045935680458
0.17971577439873070023562950561196705522513847104249774722807792018339003834834243856057494765368359775 1.8757230078923612314374375181273108098833426085601224673520848565398641670276381660185784473415745644 0.066590942514269857821512389571871909211397775539303745137869676251609822787872232531894442790314639204
0.88889668710426609967254771635025859784887248078165176193395558417223970170456757350936240767925040808 1.1509078860552878853973200522348146573712378017408926353798292676141398090247227392864045290594191767 0.071637479920108789455388832917472663603801948168481771799715671904827463437121828750228925114783509341
0.073098066479187502479663931719204430580925014437873994115108999927325696473379297149471096454176203916 0.17868575368517727123707880831598458257828030413678049060408128470575947487990211215607076626724747203 0.13240320777998144523587959555415514327136747221792175502329888825344055021163511423673952402055620683
0.30309573458150842766425783225069262090302367161658013219019146508169800179556784940391360488796432242 1.4979079551205597043980456696375061000571913195230237260079647345299229248984130678622665401172410423 0.088854623718782622919393898644981678706579087228846252261906022100612523528045115317885047286956034668
1.4726771534881871743518349197174697527862973659105382220904176284492027534438228590102317079668245967 1.0328366089941414737589516448333060794487060520959266935297914839245786686829909968477599992697375762 0.11907539294912165594520022752685058535017296892664969717061278019383179928183294642939162275676307491
-0.059295313801987414639358412856598169557584902215454943689593832659684593978849518554674978756398601426 -0.17513295436690453855418404995845219928416609146307944758903879646065490044540735667990908649943034917 0.093581330340131035906337132154404735698388693952767604782798772738649407345548328435184692996207739587
0.10409670322063008931153655957569305708525544453152968486265823447654052845403465982611788207933084997 -0.029722511430975832212007600828188282347884616500949081711011549348652770227825598750620796925787961883 0.0097536826375159267265017317454038282144007852316550047167839718189228621084420476257543145104385287673
-0.1378130205316738524091071034452486262400987783577924375371638210003835307588384342198071937443396668 1.4026375253219116527723226000652830793435361681717718758552928118705964257764971877228724706312309853 0.077308697266347190606585680688827235650193422774134791406697932554446932278664418728850248495907303133
-1.10943982754916567235136561966239602857857531379136741380445733532678920195923342180121545452510324 1.3347425977684389112049953390078704950402759273370238667803847785011879939116548723566165041015194504 0.044434656424199495173054006670023452521397220677728303015268377049171070602323097510094432627608894504
-1.3315611279983279621164181874741523568695559092796343967731016389451489765213166275676255351846772327 -0.72730251341234252613370655385298054696656766825369763737306662531015590466876425316598663295506151454 0.10733885198509665476952576012663473913047889193695306338936255252705652707449349453749989106418379817
0.34066750969705252330095849647400206846710208599499684447241780983891218876200162470361971245404555505 1.3036669000634378906249645531987325172469306830007462865178181930987465319650448752792442220285603078 0.028910542639329928049962335325279658340210521473786334287950287477413765698498709413915827597803861874
0.032857579928726542343530881389625937200842542247473380753609908722858466344296018643299390965129644635 0.048958834898909933456283941551378290312788957725635843489609440238888385671954098832092614627182325842 0.023362213085410718740983822383713853020227873294726232456500508092872292254501192546228166990644465085
0.86823063792172313937645379401939317372884197367042830918635682242769518465467699319315192632940169574 -0.17036088415539101010387938890363161177744318212718975224847694398391944414772458515281763157174346522 0.057520045243258794205044569873060812602575057511090345198710389705267638708811193893041194174538170035
-1.754981107483147230319531610325669917514377232058431009534474705161071978274665134701633871425230319 -0.28372599677894789811473412447503527396041546424113350654046364990717484713107717921482834288950742406 0.1980644164614667417693077637720334559456022738414043225300998751194689895465042162356258164083782011
1.3862930088356208434422092938894597747990077130439635852359148825048564739085138281999881563745570714 -1.2124339575569808492899984802440146810409442063955886887967998878804945326560698861828242615880280219 0.19261153087645703236186312165400317373540789032142618577792257121278259312839912856099919449238743395
-0.28352058094274492996621639019443480635374449312915865143766399649363095335138147337300960287215746458 -0.15685228412783749992153145858469614641220027892796996448168986094172671860666017347484329510819601042 0.13762661759470492852663682898214260516608503537171918690276937581504894320735669568362284693090571119
1.4520256381759518185749596332123085239236348016589825383385200315737747773844705077104664453707380017 0.89653135916696756308737670501775641045897790226013855755642920133815616435169103738277526985895353752 0.13516254908973875270535265658093857543134913812606367132627742480308096131962857822941861241758984341
0.58815087116459517376838826131722654814138678193470516461515281702560719173801618651506476024887682847 -0.53122090796013147593387138032370693905911930712903112443919374177510345963750953345132515723735291106 0.17192602546987221239732999244655984683653816413792044385970812416796516242408991415015634880100629959
1.0131604031503825378048230596570868152926946127522241692541314867604963659751436519463342623926651306 0.1248197041679070104915334853921980198933509507586856981154137738398106054814517688141560722081657716 0.061267522311338887996815762997498690970086700534142769843520003182181898256892431572483287199962737628
1.7694552406484082430576119544078110209570370485882053443907645509383316641319315464157943205958139035 0.83546689035861997291553267152014796577886293573448977279036567508145144267488051188967922896795608688 0.0027879763086172898692765056140173446191520735425545992985141827826265297781818931529360040841424986933
1.5978030768422553666043317234963858231076422077381941929481974169204248928733183776277969262709976035 1.1871132499949734956838498404420838074559765103286566638916301294657597635051459487159440701965121542 0.02858871990234853483954518311390092456515697998374996688050965791657198011541615747053427372826129957
0.10665677286331555899588447060850801486000222061099911612633137692837638663542947425492770378816547646 0.52509501848154983972463323848466913760541042557539119231724183783565835730670066379854791579798719466 0.080252292605006740780907611985455959767154868550440856287827581996079430713132365862172667725210913302
0.3472615418418928442350597681780799388477600657457949048715564298952837009931904365457442265300147577 0.063855667704586166880636714454438333939080597371662962642155909951580598263495195590992005056505729372 0.11526471594373709078212697324842785793130072379163742655151501657745625284101339081060567443692826058
-0.068371549574726508423190550549172749558274665821498149495852059029762204004754905053481333720461326119 -0.12928170674712589719278133143937706994509216870197349338208536413018882846491418633712814211024555682 0.073208192769378237082541436329864963624841853179035600942859536390472183059309789432229191163770396613
