0.35428543636801458896780132904653808557258743850551936819075594550509869879426032523702445199412331914 -0.0641388606114896020733663563227162479273400675357226661950786232807779991697058343502592547438833954 0.029058477345930719149394012856601936121680026576578804462620236692834077145425903923389739663709911359
-0.059026670375772426428339402655852673669070141547732084120433798485489859051187882451995806537366641555 0.77790873407064600670488084370295670646906759471005353902799572843448226929885096385031671483825036764 0.15479193951970661936005046730789406743617742524373095765192289697246021811740398368862346483523209488
1.9868244559562238496993345368072993349981991803951569384275514136882307354847300153671057144800997215 -0.0069641226606906385925874199621355976321241217322952466658206321159897313694440513336345694903158954835 0.19886843440339090613983250680442334748683878346911697442544194036990200817745398238274527151389253277
-0.53886409466043020671009720440283371761890060536002322281182958486110396011416880523917330027442858676 -0.5045173038504157283350676010975256592543422646604093056658616813385531732999144314534224348578360353 0.10808984291746843330313030447223891586679673123663464941240615087570804081327005269665384096002886198
-1.1907115829579721294341214622121882523045456283379956168774961709184706986297515967710768295902698926 -0.62036294503726614788715490133715623699991220592553837026469191813423717434168678235949137566527917551 0.19096711801317395368434714498816301027582895761971044213766994533294907693619990098844632623300103909
-0.37921063164224588013459330405148153527343168800140528960409913711136526893693515263226925112147644262 -0.99433266375301607889865120862955060087010053313950407825661516376563783925468652118508687006810977688 0.13185133370889776839403846677086431827672317561356196518172876005081485274030906301203386048620592845
-0.0050905120931865194225381026765586703135695131935291669396274514118521764496129508045091971223119152264 0.16138195474521073501449193380673457544323391939022165859380464298634506285405989539927690424375173504 0.031427520324817516876928569102311633668012274493197424817230099745899803062739234637669523226221765419
-0.54084417037946701468652666679268124327642218988364368139259245695030545261329849696135071565404171056 0.41261282436148848767148407573821963504420888783736346305707252688309511416535584700160318922473046611 0.082889554706750554423602552611696251017825374708032126514985694117011548829052089878197342802484091373
-0.68686672391321947447078512020151059274909069917760545752420592470047844428404687110185332639216088592 0.77344778243350354085394357786287943953274404562702367263118791095426129343437325356454256269054004834 0.080781932998534446226963544168681995551216688607482018485330304931486171382597051281822507420026430057
-0.028121425450983908530829475855767809765776262021802861222138244772785843013350105130749375159843367958 0.0032063873893571955617845801759936803125407485347266069343929901224273075535789990529884478332733705748 0.093863862239343899545717848116946610077404391028339421679176075120946540110930258953003523242423114951
0.56710038060466035578460517629361776498490827438301030067747531937145869942322607438690890006843338863 0.35904623779246175724662977747530622643692597091726766467912645048830781513605571322799994774243663478 0.17526308464777605071824965437339999811714645168680221707161431816493397398093502784441290855832190326
0.72163081852631167101751884360659353035644625586537929019662965195336992733207052617074950133478907543 -0.96414821702024837109180698896616204838959159763207622991619756896985988621357937158359274046084186192 0.036155602276445160708082047901258818335202220257244637753474669128578822988008093437085227399979097712
-0.75314004416954516127595002808886694914614402365139172320809197446299768794357912198638143357510367556 0.62761375366707230015413109180341629518629964898808014882112088612907162886650233783534903909711973209 0.16623182299708690345237410436196901496866260342482798958570230536120592021069619393929101997515981437
-0.40525176632400786352731759753876243859840745946564407538552295037631979154872014444337133553356954095 -0.63404174266927410070330733350698337375500879543509153977586009963534574331379240634670198967462354959 0.18082597972959639834391816621854984940770176361534679192276897558410806415173635351554473074040954111
0.14097283054666140737656289751998446074118727321664754009900446076040201055425931623621099638878822093 0.0037013430311496493774656552296345804745183421385435488912428228698171009798794300566480431256602911335 0.14146981011321434861640013818106484628942740103810044078583603724601982374023919010916010402768185737
-0.39018408934649398168801967418717253023070724865496784431570972168746735348546671884700401989612798449 1.875832466799825602921266024710032278397005550759345479935412137381628517892121673235089817682574787 0.1607382540615500200442127713118916723293015659016561864039663335157583838327863829357709979165590484
0.0021424964077176588835566761611585844596624805172045576091489109782836234579964098905740510351968175853 0.62895930803958598544388461116964390405487814271183499353455545094178789017474843774095509960598117917 0.045933574917021423806672559724334920150041835850640731250505162805969417057541459502376650664830348392
1.6279685215232426995929606754727387733337424752294751767710819372362344923323394752795988735198978299 -1.0050655667970638984582060090269921706033720520483936352516378303602087651760451865821921115680564899 0.20679580504845913215859196435012240389758529822789215327737919051890229719384375378346653327563360021
1.7558908784215994906515541629946054984766603413434710625331345791602263844913338774089356652224700999 0.16425369033779905742224866625151208770984338958757773212288901994368034376022034459888462039745789099 0.15491187045037907219647461680442721676867505333337876906737701690754526642885178633608577178015716752
-0.11012817079179246896251973248932334017908749654522650299546848191906379825309227188866870339576133736 -0.048014990204101735507240608259678957180591040589155477392215042473656845085179156986620209378597644708 0.19949216451307853679395916293781873145296872983640571277237317532278481240187015195528278110120682838
-0.83240188897020669566342443350463800530486968383838238615349621259054654160378759977719831073218559277 -0.70285982345152085132313557283286552917647624297231362466047300686626109400786200880839803294854132242 0.15627592904205308202837881040544854451316277020544818180743449535952716271113648720189764937033347958
0.061615134577680331050818935581888935257695768331886835672188158059049251827872798587474465669339579204 0.51956075589450917468327851034133890116637307124479718533866100623919651022732383080053463716316309866 0.06420772925255339259016124597215147091768283234208699919461431410448740110804514069891145471371759346
-0.5407065959124106862942095490739114402070321861849071326625396274035538061855522956906978451784566812 -1.303095630634429473853690387234708894281965707736034582249719955861524534938753188996930370370487939 0.15117819083550631121256518448745731419850726265830775207644583438161154813283629390293000419585421265
0.17873371482409436297382869784765526247174641844022864866975158499605797027503377201005860456307747443 0.85112510784103410527059057020868574917426460293005833831414723676003625279919613692299388393905779397 0.048194251748424249727121738708533008996192627934759624537857425523990592488018835380624925928069817032
0.59117443212845590758610874172875605160996712707453827147058164479493152108868711018113159700037156157 1.732781498961829514849999574306842509021449269107449731996640485126058516373049278314641925123717605 0.19721982425420957617321758224035227864172130914787316254863535846685361284220845205684356134719925094
-0.27739024258090334830588841825558240840500459700938638728507844344404155980858606073662359070526705226 -1.7809696590891841522184821020700786147340376976690536661489738849697351309832473421907088329642771345 0.015823281511441892278969785559035283519710295008529646136709501570526830688959086451016360689681834164
0.41396535040172729981142357501097640469325509873279279110661585366046201715642299664511301248938157611 1.9449335831636654856163137435490547386127063734335028006433637485854563143952660004369779504863821321 0.17310539631517851007124060279509850678197334615229607028651974415340593701412792221880551948988792288
1.9050180194075524062695479824075112408926749593674830953035902474696210701053795659727852332181503037 -0.21937828749832333360730571459159828210093787422687167456802650794001254396403200479500186033102507674 0.14660401632482449273979090777835219581255170112192951690877879514238666241228272119992996986627648182
1.6079052375746503128441552207041369574753609198891091508122372245271826639248823540085367003676718264 -1.0618009153825489380737005269366322022291506627131989431914398043343356028185295916017938762151837577 0.059677783779865120732002376614416325783800216233153352658374533101604927333895727139739819311736395605
0.82363574453128635898473012479441685354195380972809179370893245598426029137042501097715196660657407513 0.15861569763967415854684139045290139410868908678161083679496343986248884961467931544917526533639499865 0.017810555230443721497672146711256053287131853763296982784810991549345216585922937121948876864584213565
-0.11817499229243621416583345405823591510906148980652846794512536715872247318558381199379325685109175783 -0.32604897381492335347725964149681484106760576229324126936784466589839064650474735172423921366023745287 0.18306004790220762496172327726979619033141446601211189770696763225186035593185294899639565987765432495
-0.015955799904809153618051471518521841646684506139023151011394660761662217518070249937081097759570760159 -0.0053461749430752741982414120775859506861368588051024150127027032068066913188666076960088086992084945512 0.059705031436323060322729618486039956908087966466500014937908670883820888626137329109473773615584257262
1.0861818977697605221444075464608940609263467521609817206910287689737240594549187954361874577998580803 0.23361313010379135369078236937023393283601487869229050438427794298947542451489868126886342140333638768 0.054351901467341266338219521757507420090824605430675297839200914133892847485422805319258353417987225123
0.88568188929915421796543268364987633662610971116700909320335553155229309468831895428045914692966500322 -0.24518022547561518896738866225688476753292410005778989328400996533676154889333723634619015221708359272 0.0083544929345944591464541252288946231117316880859299420763459040951430301582922898783854877928662170496
1.7582942654911326695589261212843106175346319877836961003602500630176465467674203688205424357560221106 -0.57368263078707469131445950147826890511015644416822846477386757328739972140175696490382346057054642238 0.01613132248433773899274822160415239761567362357163888061446180453554706762444214887806979825892107853
-1.0921102364558868080973627941129106158984246517610992670211484385625798193069277200754674775848704977 -1.0826973400792658926259788952941589632028380645568262309982466146059047000242538755984644136930121698 0.063488874128002484792220470192273127999117349806725178473793101912720227181529056167658378209148146724
0.0770720307892533522258287305485235392095059309027077837972815221484661486084393872149139464526320346 -0.24462750965742677835628376627201727408775443720707266743687474543082856748035456226645237730939649711 0.0068292265698841031193793325511906228441698748637258137517808416653241250856032678682037967559252292947
-0.16768262504604463585533453994250982381200233924335919349598640560526603490258078956070304004469177074 -0.22590176173657215854895905390634742717758950862096325025620358147307381304519413051172299047120661325 0.01155959125501073718486517107353480929843276947896479183485642483711316201950467346514024413610262816
-0.0003512058844913576307370755638596581222554529243867289105310397783858285724691709006473207852110080574 -0.0049531315518101327735115241651135803416708068531189325482663546595227683580515959959296401453077921325 0.039816453623561782843079727153691048142965575405978507005953720795863205684212875679581536182329500625
1.3963879795516519090497211847722658212597142897656088894791915045307331217898079047589002185172946106 1.2884359951762695708571060284899199231207224308449076462783011804832541225854907242863374349941086376 0.056179307881990080235280437287959214990007554981153006070974869599268328377465449110752692354236071805
0.88355778732409333135110626613828210602580443943327485229537494460916895477952659365253726389717309844 -1.7097261930820267375514283886581581844714062644612235297293672949313232852030386139126233377954027755 0.0073081609708395751470601127852073389638667307627921252309272311461870438280584423593496114191214351341
1.2334878887289911792075465613850735757178620665707148629115571045368227857580334186683219276288390509 -1.2066821438276202232164406697137047893854413034101673923702573561845516526298197088520196658525195128 0.10073169428739452850868111712697684893943973318900547781824121562091858333184656878835127168608420717
0.18651988492495377222561841530174001104287450130036128796926575095523141145581459945202006845007761111 -0.017480191663647977960821217383194787801489729692619470262347206217955408297316634255803550347783268236 0.20405496663050677164296063196000805501000395386298439157277714781706215168578176488062343577618023593
0.083833548464369507144263205719793340762261514801953902574699542440804788877345135753515763311318378735 -0.30241612155311473603378339786026561882835677289588888732383190720157970805640332675364967567829229142 0.12184715207242378508207309454647339241852219236792612944825049748939346243200192953490883744669071655
-0.48954150171781919219487964129102391303508612564832077741884542710496931275783246090894805905825875658 -0.15018219758592683027531342733204171950620091967550295300104303053539835477627489875041632873880062688 0.00089057552690800331206667629379984298326776285745154536863616557065908253938405562372048391968025188461
0.17706876132026298056331279377189547522151458165438419341421352547471901392333364153489102605230923774 1.4407848648800868453065338056701652568740269411066037199513333614478977256471348075872531007631168441 0.097578979907660387762519113032619626174923425708317882414283641737070094418684611698941405038146341211
-0.58030170172109066542512017876112677656284495040518713411801174389380847029542614044501855645591928659 1.3107754067386663839671381089160414888988949894605163098854022020556036215799760084285675169917012462 0.11447188543672205859990832291793514308258522828591452892123107033218057155177953218052608687531572924
0.79006160464860361392118391646692110670159833533228354580713271247234637789694114069969165263412031332 0.46275746237752482409983096593945394752855458337289256357601230753504565954372925335216378707449594757 0.15217296764313041072631377106573679249295673974385521652384963827805689017753848916155944181516724419
-0.20218716197283542984047017859538451964053125148003432566288254153828693702688238551940592934153845924 0.29968071176617151513397008088535542945718718526949024470016737048685833540384498926741368562018030284 0.027480076937473520949660934126284005017719352196814782342979060672366206271222192662519999207323792091
-0.59088447033619553915725829266356603572085914861610793319902134330848138563927480584101854952016969462 1.6252941402649885640788016214314746881588258337168809311206304854459690059140414313356079445998067694 0.034739200902234515901579656568483754649088153892067077679103960296923245200846726284292765522091398813
0.45534929492779788666286997479191332471755444278804967097020882145576520371099492508847376506617729328 1.599034789987031373703330709527977722202888257147081876202931745985011270521652238753399888631619583 0.16880112756273904658060774514670594036168930654158751202055191728574971760813029188338971564018800174
-0.00064008612006215326903800329353203861257432617546707408538713624779203556120920615808790018549183065347 0.0024332556151012619965940150714776442218048080415892351201251997411433014279551541440437629563522476054 0.20422764893712030429199331732957787330042356397735627278552721306238879697821594746229661345086110258
-0.8542024706323020314777635829186752434822150338559407278429567331810513025911446495131858841504947516 -0.11749286828305160173745304355475148457390276326676654815099439314355735123673817420513817117264249525 0.15069488394427930371875998245321351176733448668144852068480184455983120648117051513309472413523622253
0.58243247867286770199408745642204358410469399187650610299832369430924546404500147723613399542931256226 0.24107249641240826826230073593840658884916342890530433571612865057437839808011331022358298827744355507 0.090305489343440362588104304938691419965337365889261042732301560873147676670753041849113836034080924476
-1.0107721327206590878339276327086240637916292122575461256653505352997063218043267277444587310794260667 -1.2072751666091413565313374018611386160258536959543385518559413293689195461734650979186325260940249256 0.20527212389484827008454553610131078022629403901823833892757010234953962885246132418324893522009236295
0.23147985494487159753725248265822481596655669380490268447203967895638983238196051712069031086689385554 0.72079624171654599946239070235332986729766340790148891788355686007632909989278155958328974795898628472 0.030735726255112453711301906856894035364194668578336235133611211179281670895568812106877393356541647564
-0.033450892928849241747198369368090137419746672716117176683045496824773718237159972796626001661498931926 1.552411506803154949993026125561765808123000175055398049143903846922155920515384805226565085929696953 0.11238434047596507117656927194964858290329393175813739971705972853590152408931526524208182314406968829
-0.86178101349647504165252586165483463333284148780968736790512113576319155310700602782478144583251618307 1.2837073885203097706537576175042308176266442062107945083898353946478634870440132454185599638817584768 0.20740700448755970636800064561623026370822230132592684304448145497837532861216451011789397478852357937
0.58303780853121703139800668066899158159886573707796414953166216315954472576635743900108278724864364024 0.71736618244904765878144084594711678881754414002341917563439765872572511517428553353422143147699560927 0.11051208012838513492501129560064404090457682404709632332169097067718522281373307934865856249653028282
0.057361998511930704754592586653099961078712205536883539849055067184708854539353847220160656652957007653 -0.012913743178319077005928516709259045486542511017123576722997587692554557127404122816925764452863375555 0.072540215063327996628765934963891928427557379953741737247707232550605018234906459571378278698760788638
