1.2984873287345040911757068690952328629260457039851249257430771250424083960284902642361688929617117669 -1.4828079149868688285932492694148744660793365605524544700326633279437756168551477497318935115305744251 0.16105946333367634073309030084807491291838019348734689930160826159821056511341397685328181593780278352
-0.83782467710958618097426733896645103504268328788159221251077580297652091548058756221473464434820841028 -0.16349647082069268561602639833422131807208646056997874008902809909002270585773486445483977671637707344 0.12908965979766457120807195397293286648688328475140483082653429538777512283897153710552750191527263635
-0.082615752653234200181247482638565848783008408865920226858098676797862077699125547037150125021030795111 0.77658856024594733243143797322237573181208183454546074461019919335717731633615295824022232247425074811 0.058553038929631797850848496629272078935954566284976526333333921070036226666440290055441143455273893934
1.1026553102296461921782026666573963619675490130218095191200474463492767784865245527265002196421222583 -1.228661885193639532025239397825256852509449354434633538275009759241903679881890560925635411263398302 0.1453036468363149184616235192492105296115984555377102760498344799643754600723774890855119648414955538
0.51900099050318123788324809440649537594708602218892489269970295767579965931336738562599008556542168775 -0.50327811641731694316112794002933022338265903519886216642571968950008593486294778945067037581297727436 0.086521612200533653246202267611122144033490327971663251477725052679242222841795556835799464882684035589
-0.61004153989786518316748352283434313567070828785026775975288591106377369395126546838959203747085825259 -0.49479058076491868178834140037461311746924605516810706499692686195432833945234715685514660059584381543 0.067420102083633525020186259564302133665325324580910367357994770027819793690043204752937738648593249651
0.074171499232511324206247088399542925429609115720575597592584897318121327827868474796413145305056964812 -0.1741867199212957770916814018562368156316145987862027538059119412334195491748678547219573745235208759 0.15385494400747556641421826740781531878497789626592302210754043728995959291920764701836990399134137848
1.6932836678488929143862098392741704466487627452950044566947922292302827558722902448395110771261764577 0.79298933462616421345403097982736623498870900056456001384002073651835149577339971876074160372509999263 0.193920607255148416646767604870781979829326087059649204595622807202548282634484571176203104528606541
0.48220429573437577310182007382900581921303202565267846611553110708557540857653780417466070717209058987 -0.22224350074329209501612021714167126198332941669602033620643089252963349930957506391986894384829608519 0.086357245707274394865089284649638751020041200752564145447260193703047790442787198555172930548830144422
1.5841720152031830145052665678246368107774824403057916057245356061858308516959244396373080532613341438 0.80946479892921646862274393000931153401574799952139363962039869843035396234252856925497454431715352788 0.10813084787813124028582947211468058142674443463133466740873005113686054569887204160063697764197107557
0.85967663195885662089102647882712430840019109125632192957604720968129295548527214226293039476036053301 0.25205738212224052433630112406818272633541230155524159034515436493748237893548205868988254086360681771 0.0059343468736848113719379942920680771416526156415993254147287924851912533241319485494598861359109747524
-0.09388410168527999669980896960252173292782707458756593034683096000951837498690723998967426344031778392 -0.84081733195949939847282963472370057497355931088861887118545449366501815475396103440984942196052051674 0.050648480171132293765651268807743041674430993217944095375366776391921151866187032437625306282512460174
-1.3677942703601061410703880329320235075909154778478896709917673573637817801190047446407219565703319613 0.68129643625315986735103838904448990714391825797857307015065777941766041508375099202634716110659978049 0.20914685870405822451348578996459232725544297948988145713486840508851665688124854706911572921989846086
-1.4966463903985474206247204638207180577946676231082061542842915398197451650160833424746237176771156285 0.49613656433152808039113069459921010111959635884946983723528046240782781890470544850324197787347404171 0.19110659462051679924316533940478978136993585776246122114506853532791901711860526439023060535742665049
1.3666470257446357539371239460621057075771811268443352815686422067185347020561969490979054864674947386 0.097101470587954861751060288149334900840945634057919418162354953106301021370149169730202140009779623378 0.14787064332096146738880962940272299399654538248569860828613688664158639957966537812740252236821178067
-0.09304410069617379189906805598399981507864681502423826697620745951640866121330684632450630494470532345 0.032437450536498773905700302800511133413524939577792231616123989735114567569178587092962451771310892966 0.057644691159618164908042779504315183022485623267434263962348505313153061223346679109958012872932117014
1.0756098511755012772367526073701656950886574706362695773073978914420305193178039522757357166481486023 -0.48137233181232826255253362882132887856508270385160430389444904070327364621188568256867502174013050525 0.040194948377267061676854024691567739309794993502918128785563057209784662050862765724195610065267149882
1.9615690808450099463613811172325009595416257865456202717395380063717885510881540900817294597761065367 -0.013506840523835088083055815952760903937310599524607367760071103382096951687962692422473282378332174997 0.12095702315666234252679642269621185293022875113375823989409604128670241114806976358429217361098054909
-1.1383582721524239600063621539549880666550981165528348684312187153367464884528643690723912896471280103 0.94418805824415746175748123481619382790776848693543589332670456277388032865043688820877459277159120351 0.12172561246801631287804073701385376122449169895160754531120803274835987455868732798965232500818710941
-0.033038133697634183175567809513745731457365290750273621928694940868618811791429356639048686713886858157 0.13130873802533272248951652585374982699970847799057956207864019717889315025944917574041212296932091772 0.18549745294017810645655228682506222179948086412055638716472645124166825134339179283155201154342265483
-0.54481149686740243803795298559179646129494359138387048600284264571095850789143414876718225358533763539 -1.0575432971370721551239957312002880065340267527614959587909585308960381265260224779144299224832656707 0.18760351616646123926368666092579452662355380488491446917737835878572068063587657140819742864485452035
-0.65746825784041247823355942403442859259131841439861006239675646808757585729138616433294337911505066007 0.17515210291350299724481361305489902523114602384728939917704351741522451881022497366119908251811546889 0.18941960214432724632892988410735813846192000359049421740797244914511370690813554740238594958652156407
-0.30670138578082187325426931377090229135998099438271891327671333732058999596872246905096902151063634813 -0.063514168394172307794225921794459640263095365892029274207338218309103127717612294852370205883892890713 0.053946895467926432362511970705542600616553829582319676634023056530118356781811430118645093645465516711
-0.22970891980488216916447987511297391682698988792673958798113566126907868776246833848504159568922969964 -1.9848330329740485312205362689294218812417124254412435328386211801728295063595820489634780306834591924 0.14207911559681483541982759926793648999563519391101519351701168811044998830989793371446315315198478007
0.00093324302948962792337858982034169133143631366838592452506968981720814577926751877527487177881552131792 0.0012061057781031083595670969455422942871466162637264503430212203588802483093702053348490264151512613467 0.20352194981773378445665718674868559600306314070953807814742485778047030651682535059899526406733722078
0.37319017357053527378680773583161546365565520103746738833415739982960939262211893570292536810821133756 -0.85482550005173793890103738520097294987016269219845186482288351929066575702474540272968835847933204588 0.079678004235347268473257084944283996799508778782519183595887680421694976737072160995642964949537674229
0.044380641878941931679885608919639449092403826028969795352129944764987942737855654190088303537256513975 0.1518868642811903979774938826549791754958263100243114200159138117202832820667795262268829228665293795 0.024785285587081443892211574662048888199596738881023712539118144655808974460387882404862512976010908457
1.1770061996134314422717755715373312521599578472200769079646054488722135015736570009419672022359089311 -0.54773828868029335349649928935223457855272795814972127521972729527619416361325862738318025039631691919 0.066923320119810061472441951582238560840380752332440946081183010554447347429679231516884124921041923581
-0.84058055612897131127877623948506924618103039071798010596138665049048571830372373701642521051506093029 -1.0927569384629885257918797020061604489085867869890623329146228423857707184135647042112522754075171853 0.046638784298335137586590242737585793155863574824194743012580220953277790920064135857508307219916089667
0.48938536144052015331138199319960036240460129999247674953939229576940183035892820040129477718730654199 -0.45031520654947760488190568467648125655892682358585036021482504369818690255768408837605763141813377769 0.022948060550867632823992562575675808336207441117552476528179359485871648783464268414268573175973985729
0.70900413896911567686915636782551744868684268281230696253961970634852667644604971488677324269407796638 -0.12961017392055533688961837629267476818499135599814531621119975613522408360404983953915335915242567679 0.10093246833687916885262734827159564026645255356673448412267986339229236511388285453430583863669493015
0.071131765896983391593213551981839860115052184111253458981057059632795029936464002400044568540513774923 0.36594762617134127249083780532326063487057108533186863699773591246380331106044351936742544906451248659 0.033305096030748148147576534792371045727909120717691603363296246943413428811222832112491260347418205447
-0.13319034061527436500791229488599456890495332478020533926255422454190364626553452139170964372237526973 0.78724788121793812298590765940580803462254200237214551258382580241823684949586002260617411989724452171 0.046486471796690001687512455688561240570338245056661039543879324259791347353657761750876338701525797258
-1.0937295719823663122154145674125248663393018115423164431473522016645162130896902622469914229887144091 1.5141152478390238436222556575115975150994007828174722290575530869126480486524216211888201625184600966 0.033331687481649343319750699453583330025812776781650913511442275417315605302340958944411220529818260383
0.021472916466460230239015152252923034491164731655476038380375009168578268408752006209662491551573389183 0.52357615168369791653869949560004660077762628129084790645973686145810976022773306199012224816046914519 0.029907911526738601078093869809133772949128939322503732762531213502123032050518812565967734039405330468
-0.33948618932043564462000943429646369805652416326495977466418759900461564452053840365079915961247950582 -0.98479557777984885818251089677403867983201152848870073065117773571533083071218758655030150933827876134 0.10068296826126504650264787760014013952169700723676350612686144580985263298867359133039974455637431352
0.78824334116785228965485949988185122122495562399862344585771776045891722389166504927549040182394231165 1.7191535659514661637421022612431599524060448512783279539481324145017740078129807881678888460541164877 0.04111258709178401503652873886246603899324353424035811538068672128715914719213349050275991705948974661
-0.39751503482613916141972419217105966798030913508807719367005659658239654937976320943321832766612329613 -0.97396826542716819496643084922577097981441298032067377958946206007114453560823270224021439535178158454 0.16223084267794147983972509143519925963384852740673083761542912150880170499965736936012125730399426956
-1.4887140288285462634900906842981503848864868094208357975657434224940586920282581688241411309469403467 -0.7190786537043912643228274462972644951193138883501528901793482888430361792531170552824034386977910774 0.17593721611418788898959286379911564923606694042835370252054860151739415952247429852208003915213124012
-0.44159981257066995545816067025678742859935867998751922939596608423447096010926139642863937385994923265 0.4591601242771510061730157425604471743439925961908220209155325904225454355390220277929961427544388419 0.12319963209087014288670826142765928500700697335221578563226694696581588752027213728742092239189912022
-0.49832007331964298595770920598087215888583381719363496255066459401569241303042235082051929905720241578 -1.7877163155329888544616254918276863019378604632716798499444545076049301782369967664904619359919033839 0.15620883514022021406877042877027754702849766429466277552419226508663243579192441562590905379120628515
0.22244396300689727086314992010052583642017920669562529631489753414423297450980764854998805357236903688 1.0381137863224300588651667861527989699295676454442025296216925561770327096507742268322490573270869843 0.17136649012570116115038136441707641906820461599364026437678830842503787111285112671335061865324349269
-0.15564236638771570846799901233446691428614728136935338401634592386878376351805286697817016761665233739 -0.028744479519034778154673785794805038935610519524438015701888991198239096356873394496786319690769471582 0.11702834391523566905080115617473995640832131833368665776505731789411497615055856117119805244387346283
-0.37456636146447214246986512411155004420469561500728465420187329549110603353846360708098868282235698745 -0.59131262555697718040874585895791702676380571852479164359256086156715978596577129325933434591045162907 0.14238733065922334158388125796368438642051732008673868824418510802302619534467241206613522285103354198
-0.60311772365075484966223116050722197221100659819206914585517097844569941096461845160675247584347126322 1.0882240231317097513312182001162358769934167067428651911913881476536649677868104915499355453759356672 0.025799168559718108185625117167401596202817609340577459293391337198613009905959814689550376290599587206
-1.1725329407765307554189014136297969388150873460073541596727726191223360117765533017056809934064778947 -0.23538114450349204372906637586952543418590942211489349445859429344953809146352106211474429509460879109 0.12976017422591512588845101247216561020674843759907773078707477775046088302340639944516927050656297358
-1.1756105047291303039187108787856606197739466952412764105073655935380409117107430799752970305510803717 -0.69327632471890062786519366125311103001703856444051696262117982208209041836929451294541548160041448391 0.043843992314364321203530107238017585019826519700265036019706069587244380453018221093205553207130072941
0.13659401268174983599254789426817439461366762889217690371702019577852752444707482639712039379116716177 0.029806156671800935920695462099800836485509407512449136387640401471614440593335568749442555309295181346 0.10923346881252864837871206958147616683538238666175675513385966461687484972898775181942405474559398687
-0.64699259928475065194403168452842265761239225091597577484711987559617219602876189021076126924885740805 1.5678156929160688068736434796379159435592699676017224769434157140944988320545544804657845322671291938 0.0648166034320571573837735235718647130263310651564452802329620742293336245967064375766082374559821344
-1.2505479331437633245876334853849358561413902798967982762595894666927759879265017990768460691405821686 0.21381816226654225034052473119916184062035891348392720463926204172770712175905438001668329086643023406 0.15162599736732201558182951929289134522864369813652498077287689100622637384008997692411533135516418626
0.57298817665032017760959401178479340270873638463808886166988413086389474682921582140982678486230364366 -0.15400503375662406059564971697742542890626507619800678199234388862527349534093492905338750023178211348 0.17282442088906592423139781449249849215370845585811531356657300128175931445021337784643836741683538483
0.14983894629028709366935393827884242157825447978459692427480075932461096162433953846281223164554828891 -0.76690238088763949893291937043494338023165955669421645544876853225684468897595418232550361266964174708 0.18274156396781220727970461271906714904705605375170018543505635124795276022239838610921673396042993593
-0.64320491434748144390383839325865794840181135679003249821733959960215198383074982451558039339125806619 1.0739654018184134874710593816205468745850950353594214781882037073406613083219538866715967719063442462 0.011658395927969732549756300033647741049741996085328268558574095865331047251349340946130988761867393228
-0.4313576758949085638205363078087275189561089213031906112551778503458082516039519917966989873277127393 0.25807397340241948862877836454728351277005670321942511681399968678489547369000029334910440016231206769 0.0097312817762288444130613771058624430406241835772549329449172193298545421548316585804131646926839376163
0.8974285285521501688509485111917562588686844302921486769966725032074534974095028822309949297599871164 -0.033369018727085711080872791177267798344863718516333301721824240033901374712835598928998613708822016926 0.074161658314356533964655438240901239495818995354529040084894509145667334684607933382959794337657982414
-0.055930933005214919954308338046636753852753609185631832201600625466038035272313955042702440654528269013 0.21984409324612942639565850638759896218064515010111642290247998918766538289160135392460002251902002789 0.099376748004262325208238180159433448392172310647501480310617101984382652188392423346823405861076282106
-0.0033093653280197143092129889067791944315363394829147806450416792143169659698347277049863047974765192812 0.016213308406822740599987157814145245837685309254966967325460828149945726829919140438489663028658730674 0.006840914526933812912828896686147009892003851621755707454914766805214060834570221578424412471389298886
-0.45229744589214408360862300071943976890776034048162546103507821042668853383187827749764359159882565566 1.8887487117908897176129905785416939956535586824155213369449008743848029949019995139896595203904128129 0.023060416957480694532094406483595906801284504408167112039310443386062122714891436813634552342104022752
0.3206430971077552791325397798835800890745032650596635250472032172957695949220825530505956007839379624 -0.061360317175462732472993037674140876777200934442120309502717808700362784615641669505283826154096873694 0.13482034186591877564734738211049064390462458756431089014568066101794860900108909074988882482801339314
0.056561411694799610477934664553961589348084229864899676878600895213422882854976269765659631921384916405 1.6317267122123076227264309451756341250030731478605462806641558642282716569918757586532747382023853845 0.14219910864409753828206706172121550950121774925292770945113148388426751760583534650966797435607371864
