-1.6767369292446205054999745301549943449503299814963835162510332464638987758635597266366320641808201262 0.43796496716209676112130907105980266332593418787060021221705756472011075144705002507664264494342762049 0.089811067214471893189072616742392690161947917204653801079325214846825823422088111659000793212205982307
0.73457098868670599413777253025773532231532909034666680853504194830007919299588714236288353497217677102 0.227147256590361373337434656847850906104862985026550917674753758377791732221579160526971610346269543 0.14730999465534706125348111270019141080506023368170530341500800503711841348109103799662223029493661572
0.95776575268943192445809076506415539443214640318422833285262314944800777436660588211411833831024491286 1.1365492083251772721924186466186268653692497411357905280837461030118549511916222056899907658072062517 0.10655512725863194387438500604154068461465577549713577485158443741726101098698933567701659298757326245
-0.0089107210077934430327452237475725175272314450742887646783449958605354747013912440874455980833737640829 0.0080931846852922898543149983288153961234829898179566721024524939223360607358463329496175672848550033659 0.13927614694169945265825999819302557743434357580435671792608357665825205964219336717263426349680820871
1.4462472497228290307231576840475027479487513724564729047502291666229378663423382909339383161318464164 1.0616398768503845985923247485462664686786370910759461483996323126245965710104699118180688740554251716 0.0029115701337143316598408016755826879927728362615927393913596060849204781183657509742864299641835212465
-0.5188999317485770821951160929707970941662120683788049455841917993816529684885610658863922436784411691 -0.79321930461272271801261337847560197366452914189212431571605258139385728849341259356052130731876473782 0.18087678679839851516726053980349096956730081779403379525486825429216962789530266983405568378121572013
0.092239159853550299559779911878637892074323650735778915228605726011277275363344053822768713719162123363 -0.40340724197160084488985429602218363328915235096359497663806041966576691557450796773170773056142090488 0.16854637071981776435911097328192356363343501761401877685967097948384600875210254062820954639183715492
-0.0064099245280955499727324201000826848354035606408374293942263643333863563508098535265594066761718835785 0.65826498362944763907692757259626064892240150114614314143126424391601218706543931464541266877857333422 0.13321260503814294574022095238725320352204741751426486924961282162738149749582864432640080360198637727
-0.49948496636605015450906867509552840664506016668105930642037667148772849251939574205583518541263117997 -1.0891877826106813283102728463437215565330508056079192502118157236545928511781298423214590067452602291 0.11987818379443682412067695440099366618264823885355026414698120929501812785084851372779224678500960806
1.2643640988452652486449175893816588505845794154601434905277945564105044955672668975021533778938547443 -0.43299561179281843406920446289205090515225420530075186163971117692945374837958498641191949196519858655 0.15401833197795343600936572952537648094429484125315615651236601180428361318206580368951621771419627864
-1.2588596725205829195685945107075967791515335051912894141528381824814556101895025773244888283047291332 1.3882639695814758118833097643004927342893593015195723414420636837120362335129656163519971882704194963 0.0073169113771471464951475016012438611992437157326612982738036148469836264318793051275538157637839433812
0.98439801939055348044334698256921215697192518903451908118957125222112172599056171138522538888218113186 0.37478345056782835646778140377841378209999747101807913397038771077081795203281649576055419664780407381 0.080119469954656516892487196714735031659419645846530509394713999046579854486050061536060356103929402149
0.59767677525922443259294191172946240514586410300593986428128903897737780531929503106369137486741787784 -0.087470685909945144474052263803879772544130691512147874403629604031514154743382501973623148207978991997 0.16215106572763659332898301821045392263837637172101488286745400260495520756637073209522646952361404968
-0.094993948004982297287988226398472800911734905688189931607416919935020087324113041166408523043175077615 0.015982895727275230385535959982870555612870021358211307271922227056478821358564702042271564564919032151 0.17264995858214839550500365855500600575302934600810679287326816706318395378880569450473174873823422414
-0.093139626254666719309179230630410089846494551008675097457500715666214492022701464840907577148236703377 0.016407683216899350484501185410291138032991036276974976918717735490932434768617318741567429892158649777 0.072901516215251881815094505914680202881902098875945136784304923433917384879836924580908196950416727115
0.49338564188684775301341055185998281245627900161655003174798261263683299074509264610797977616315876797 0.9372978978176120779414185136616267351667160246283106984516297382909672403664625294235640239934476369 0.12995117952110345841449103986067248902166205891855726814091084394087361774045379379921212469630665304
0.90986312140872298667830672159292343660857805724866601716299957571668900257578988363118635246594356535 1.6378178779784728660060286465392118913944685138016176016944655728181829956658963701905048294379277961 0.077965897547810110184964975798834188042883409174859481949838436163493204662152493977243776553444730911
-0.17687573570206425492174211770689206274278192710680113638191714894019505187061960578547283945335907755 0.44088648273688958750943461677023120381216350682739017931140730886590698748201477615517412703642058581 0.16622842362547342392451248978738674759163092562259966924844935954195902958113815641559612896757158237
-1.0192827227552870057258798724918632256343360973668009102309049415426565163484173710225921416621180351 -0.067859631957876252362741824991266584087557109028064391592965544287633882124091696148323051138817277752 0.068515957715065129650854537616361260140815401407199742990047726794270452294340519608150131040406500557
0.57358717547685016156851120949715140370400688699193200753792341636805166537767841308926229205907695554 1.2696598805428695583813511282851697297617673541975722504909874379193336375305071362122190784298337664 0.18798777935693026336389146460215873228136512047588281209980648937302938321902210170957955091565791279
0.11243389965580176219403733395120192197791388842467191700246624310933167705572056947193996385240981739 0.3284414472615966669334825600834937632676194431361626812893498079889677357589583780292844951018161777 0.053116244328477386067960143837877169441858960370611971459711240264877554002348938966623239635643603176
1.5843475989239974882929117921322305472166081939330120157206061439953309096385894355966812631270462022 1.095563473401216538239949358265329204170899875958093360322286392889410140238948092808410590453227267 0.041901705421330457170011398964279222258597502772407934512959934001540727290170122326292927298621066494
-0.80573606527807686948751418778416523667340623893014690226021867328316999764288792501894976150331484966 -0.37009157183439884057863722627877538490286504430002008287748690388575161728639987177960618343414457258 0.099125707485151462521536373821159492345853550370819816545155350107284702264775064449447466710274801192
-0.30812106713218889731979687337745895552910351716244902530850250859920424824029546583140547185329892681 -1.3893117967622623702690138248294239028455048939685230373089694864557526154079721257309571243879294975 0.085918549209203804050094516781619203658170031633656598086349859010949693862303156824157214600133788858
0.77339695872842408336767355027243164203563141727339854895529905266723539567790870046893415528824725644 -0.88721823169048127353639789430283368018871345829275887067199840857468850210900135533873393492367760202 0.03404909216410476169841143710409030143045383311184620117359313277725557876790718589536356318698624966
0.21212886701890316669471560533039710106104113112761641540547570700768090344075258744254935640233139651 -0.25026222597007219266000791041078712754430443600723995694654890175062690641902873854630790962178979896 0.10971229185042448216018995031321608240071654085317452764782104399820953289396660866719428574052753479
-1.5498288427720636558319055221287096327732322558818863795174384092418738732552970547084255265565816736 -0.15728937317222014239928358144076145873779792198033727142264805995967396378139244689916490156568829466 0.1575966359979078125085963853446321207823331251173854722592027188411484281385182505176225669493397686
-0.0074786810182153146795390570697621348931685923258327549063391454502909561745761652424094990936466749591 1.6932836136842516321097821487806662821555371001998797802949584261107372892274329763578646409034424017 0.031801985398831912714117417910710449374083173160935983211965630140531217851164516917126515303208814838
0.0071231385769585310231094591162401535471639719214519497065114643287201321035501895816340052412961960961 0.0076207693345116142781082528753873579887341052839542908628788084692434791220887476966325734017094385545 0.084162684105230850948113268532997222531940520527451111634338323613463198109620060970000275217052563594
-0.30889389315566536992917818222599834695785894584353485995265076789113507130185039522931877022971466961 0.78217262884116666670208984488911039223283294846521763103336497235890238958233194338942733839278220577 0.20418482425241881049467667440610046140483097007252771964812668826475588546631232517129442055640896194
0.99619834925361420682641730775023351187800793201566729296053277922270154562894244639325037325661889174 -0.43697503012323802579641927235108769187156970953425005593263052477522337337242313524299341732035249308 0.17741821056210890523946366847547423207775273454293903900175276820201741990003843365436288718073471539
0.17229363807884861123227607306876570453379890779993032494845686809968898817034857998474628843052858903 -0.87695123090189795368365056523056360439326400469641935536627910550251953065739559356870693384630748447 0.059607676037981027040790988964648725037933714955564544891491285072636154309154590782278506138344991061
-1.6157900117947865810741925368884230218669716052172707196597663981006346688570379183376674675517962071 0.57390358192694883831344427245316527385021330330329383531482975095683611682376913891656367775509581427 0.10290661541491789535486404001619974692079258015893349504770313194016749372022826636495139082663141511
-0.68455528834415479284077686406713517261777419393848339844324390167788178891211069672170432229192813408 -0.27123968656889412877626923307408878126947317621813959550968656369186978557270651769864622185241239432 0.070909976627322314343356453742161045976976219288259430946148649276076173366793236528906499416668121372
1.344218852524966380085717512116286152588975047740974529856568746689286074433881396486937494209018803 0.068246108318516048131940129672143074841461749021546009629121415570072298245021865066776290482149943563 0.039027335658543801947510345235067794096954592847442220162412285798302558574283416540817925367554924624
0.26581972326090042444278855682787113664536540174412900875454294986383717029027865032923718765377992684 -0.005563329628815189856829202587947161933875484942688220723585047299582117111966533174594716246654802151 0.11161925395136001675013909021948531828665050860227756871141245938026499692419238180094572000534742283
-0.72820436249290240106435091988760556649000352008408789974978165167622321295278834309100754271500512492 1.5118326253176254644761109378994153784454805349923739635289960628881672759099584395651087242362719403 0.072729131205938669220003047055127043177560453476809045284202860527815588465795725653605039831331829658
-0.67292554776960476009289556656742393835196143368867767179675818917016018977079248935708307465180018173 0.64259062087696112329874450330175253369470178254316767263779938671486586096629163939539439586933732885 0.027831186085895956716425299053406368583585871272769821264691836320858529164140971875652707659623903645
0.28610612274764500949605478488084315979212930454651374378153201531790122489726826990924039186801699623 -0.59776948784938498515929830621569956390733425797893755498294150635225233329297852448503568372025261083 0.097627483279488307067483784088798900913335615858102424712029599614401302935779839132349437142099704407
-1.3697930583724205545543602002111750097926409581529650236666731351899783968289249229908861742238531631 -0.23898000188813406275041985532177334282334981540701604085164829208913277275062924430514457324403088735 0.19442066594459403420765688214654427710925871235658768606611833489490632577707942427120128547653420809
-0.96900343039290762882401385998940281140482871095438128159503599605254225982198259234045155881724083827 0.22310688542478607366329358717222038016155445816029862860164911001332531962662592254428612233472132793 0.098779126803497440849915975934674401683615231474851602982554692224946459401992609138689853618712900422
0.72058761460577179287277376840243737239093220325551331377366657383747341953730183117731825494276155139 -0.1163958348488239611648968418388927530088901300894420961452365859039537523924680193855244703672033244 0.13582421481129030134734901649526647177510299871212201438055808295311572440705258175560464345907546953
-0.020096622339837826309715437290581917813084631883692170898762175782812598163218158985758891938269469881 0.03975098443009207179080296692970129228801136881429212587238785216100019410505296371210931481204416321 0.032353908546398061949227885868120038064315372390688846156367235195575747417659069055858693310130027994
0.17617410807707860552321021236229457884026862341012039682732290288223852678101189955158279764169155488 0.77733807668539910687614150354019367780229241107128170314829991856976420659792572815875803620733426044 0.01584956481091305731557276053819094302787111892605272045951825707169289726343522288050326874139012592
0.025194000456199010463078024763161968902863211750804050893801565980327150846510484084882862163568416903 0.057534395227793464316387367724681082452345372606720603344170840816302418986238938559052814242087608572 0.084588201861716648087957512747313477224303381379924612242719940294331628829198512101628837215284228427
0.50144268596938686884123305397688773381154206846569318126461691073246075780591645791479295529990913047 0.075523033670838976616456051852351808372599967548165662127098818127192118476365033286971515303061528551 0.075677813228130501290644863661800621399487993225240672215813819330665788094734974054738483839917203641
-0.56040505347954553363311505281508184336818514254121843776714670943497024620698457401473999960160284215 -1.0948890239566489946092807519956890072587667034118323349727267768781073144921728891337201858284736755 0.05928413043579659876590473952732126853661769024393223438390789408746418125165203777705699220528650754
-0.09410951784758525204769979882068005348327079204656576819409372901189967471836617991066030906822251545 -0.012285606378761813857874046344721793713934249930732372383817622922897544750122516903164356158974713457 0.17730145017419121160771921327441403689388914046945810563333178532398650733615611312999210317835370281
-1.5581455051225683324797052093340689557278392908700096771650286224967324900762965145352294227635353458 -1.0851316082507124108262785928838511807109436762118449433034454910820673877975604323016468536884258972 0.0076256992592545943146565007516883542662187352740322087055497755096302434189590491952220207118378454536
-0.45379225460826532450381263770167237292909148635219739696997918689013547224260155662370336098529184291 0.27777567198136630093945759607460776497988915047386081119968048233045207278832736481982593893596872012 0.1364403703308806469537052295393385223736247473773262152978083775810472731409001332197162780998021053
-0.40095236759149591617739208586222378369149819193803377116925938151763918570552641139470697295683179468 -0.39042488015924930323827047572764839817306387808367815550240741327326535577320577607449997497008037029 0.063639674435516874634874702617336214550328055042767241511864138109292112447875717565379571935023429785
-0.27465894302233985979354134246137707805388401179349233322459347775276200549532418267980491837863664092 0.15187445608723941288111077949954655197391596968180112747610473374598354725832197076657201177695028337 0.094881585972624475023100922182888829262705497752851970765627744749241323367792009137185379052361062346
-0.075245885316432475402657281979535207416902444138367673788219852394348074587699224304283751513492250654 0.13548725074327458310714994959949063458229201941236317659973759302874409551553483002607754509476159075 0.10322666409380810959231912557824377431345417308631495025214245545609146464501321439540858441652609232
-0.8193603777391368053081431315536992223976325100925685612005040707061038479565680651203422935865761936 -0.60199776174904290961701646227932932564517407267115910286918287589276416395342651548471754090494014778 0.080957177159385133360949628591681863406988391419828724075973349444306754124130680262078607580735337371
-0.10975302340932423604173432905250624579227021982490769976384148802465530693213829484590031695984706353 -0.41334416490978580805551728780940381178858744120584602069533199778212375606708227243581227357424819602 0.14677283117520515065672989800737749044867684123092961427246564591453610910648804233794557667017142114
-0.079884156794005859309001559640614531831886463486229935535286121685422540349098839907211818720713774874 0.88287290906040482187787286679985126092399975544265441756222122436717550760523651320974634652558390455 0.11424172873785227494466145242172010195531497527720730253046970557986594712970399918467745364752892984
-0.48867042506807867721841431187901675875616657178942404560211981893508129456882726029914731244518700434 0.48461464974006373201293042413317974905257063703797778062777277134277991044232210729478771656851862063 0.13461414705005307804333199194052870015902832176462622803656830766123150188581033298651045104982683825
-0.057128708369605691039607001310659811505118896450425327267669256861417689408490545928034077655781535879 1.7331011647178998939752246941087275220371123621947408019532356863728988941843229636875767741198686541 0.13116163418649478889600119670216965040830274963653440927103199581496408765560943742311284658281170315
-0.71275642607904795939054605216867495390425654861485363927968552340289414921104084436471172614934784562 0.044600474925474818996499529808715063544714469382969182585249024101893072889512071020594541268642535347 0.17049409488929392623108636117279159314975985036446343712686893576545084744050897207883201832909130756
0.53325581200728799213714971687868533946898922846693627868865483268575048594332140459650602967867687415 1.681811642260211781838049983366628332817756710322953417246884318851205849116009405563766943848364278 0.029926078530329858815393481371650832396824612495524544793562140409633647790219268499367532288307067629
