-0.55735377638205622698954196605403395894805878733552020756978541167481685804896399727739478733008758995 0.2217904984522557528883760600932623350243316874888245279347774289447644440457441187739342661951192496 0.11766271574702941211214854474642289782334412066303063127716384639508835043253279596156282721897130304
-0.61963397041887860326715095047997536697837176868861202618782658169205104180430469933949977182875596557 0.72480274266073394718907141041528445593065839834924040260107472895237168247362844047096887181956380803 0.063390099201426085387589536083796303980678872396249034474787819031820160966010972901711560134431973083
-0.39230928998921518190014080138224621705648392559410938087455705082528398006433608769014275682634071541 1.0063314153052563939780786098901549595648888647328653283700193161048143111128041793321696712205815699 0.11769683517569660845507112977636674870635761040138294810519103376388199005884481692932820922352318686
0.64595514945834215395551691569251762571866407553727674800093393502621027198477406459729774329541475513 0.1683514209967672113129210912703626663950594036117805974962305107357043789084438020158656522214393941 0.17962342919028553764362458876366313017018207187847350905338598052804626369640974399600329229116041836
0.31112299303781942676776450109243167659105556292521868261786977804382139556471596579288838127282087779 -1.6838916779571752469018364177363111039844846461558091815223812584268078828988555145743659928327333039 0.18923478525914670743227157729134943434314493609896733118781273583735782097902819922555546828252389328
0.0071125721086005945279027375927805484433436303167085233761306985102352103665494924145329340267027199061 1.235481786927691973016730031808193794895979377275491779887925282939536745700410325092095833477123964 0.16882637722556100832340603660352865425991786183028972854447993717872967967683987997987364404350119829
1.1291796975608816617515297541681984169840785175280390473758340672788778717550255808964884061472079656 -0.72380339894056440107855823758079315804571290788692117878837516697622908039897781593008492519230199272 0.032251286921104596944145644057291520505795483826420940845872865840037549630280344613647772951340082354
-0.088539524274853758585971578290652155835997525562768178900518038042151968098926287260054770475319848925 -0.37210259140727348269393638335414010584118814510265203148500114127535492130521452766864563767669020497 0.04077630781561888914377030331236133501321551347338799015022530201302428623253081697206170854994843001
1.0675979388336032504696727178184701985749578534996875969746986652736247166799262239531752269726255566 -1.1241284019419452694207665824480224474775414383281369815218763124823760488033853206519129513458863485 0.077533359713104241993354049002576073189877567591937281495752823332910696323207247064555096771309674572
-0.036575140067836416373044321597722611572238848160532039310003988287107765188943768015417973912767177238 -0.45622823600174481545808207857291780464172541397171516348895851942272765603555073081787514187089383194 0.064950834537013565659414655900258992071025160507923255389217669924833535749047977031049648881226602717
0.67748631277538771590219606386524938182082951553350369670809935031979091401411922315106072965568786716 -1.302792507906557018384925262166013615035769956417950281671942350938014146464727604528192458927751854 0.20622199490423908359589438630168359050183605661417596931794830784729826050634592976871633104580176996
-0.20215247311847887063434988981462267068255911047086028152168668664696464423170059622108885918040183245 -1.1252232406120889722356096608972824782954781892963135706478629199785192306670647022176861904778541468 0.14453305487236602196888994902875530602586487812540415428900118952840585780813203738245742953920184434
0.054832644666507124899045871064199939035259953463154722890152532232598873008585701536813849107587424913 0.80347060632541763216682714835149901168768393848571108814753290389616601604188650903698352625154873265 0.11086954738605330995052492032347450945927083684363846475747036074270696688039708643116201852393644348
0.0026229410496130894671593643605558358446676246732841821290566958060906933026127849331462541750536147471 0.21321470777614617904404851730314341095315925420997458513027798261014255394775744153712685204818055332 0.058163132306737610858337043989789841873323457981857806485104687167296674671943628482293316011426504488
1.6181496419948860792606806171514318912993340732383026815049718394999653822298530738807430656695752673 -1.1409767931577844383320997978835211965202700848298085373104540508215511093575399802476064578544961277 0.18988363896187364158851740277337615083528774039210286905502534360406507459963529800904358855521293588
-0.099739993619749513740179250645229063222341361232329380033033685314122040398980726232035611731372428657 0.23500452635526986934091138202122973721520560198048244919040811899140310118916985748708517874793755618 0.065755126985968471967116250130567205418570756347759684972465801049800758784116872443135252318844586419
0.40869124521039589188870571829839668009756320631101990606758047480219912131434389023970694859760586334 -0.38696822289464099924580465378479689579907994855439158523622363044847069261027673943889622532091409735 0.18060321075475214340933942949518736185030232691232465424589631141308503925292497218930840721063874998
0.56091802824804531517630856840347144494376409812457275741880084823967112437283760000928559848445933514 1.8006979590295567520093485207226441011967645736686613777280777318342378219626117700680217681278636027 0.091209631036593972213980550719002314029790326192900200286691717650326105839099643460977342440224707554
-1.4047065493734260114906852872505454047897394209101993217256877939341081266404581377763511953801697635 -0.44294957036563650360084732579197552717749669838664298140312704635432407538777479005048891734750878075 0.12324586124663399935991696459779575725866838277558359951825681295492296653617232683202774260969761678
0.94487574056242673156058979932804868031742017782587839946715011804856000332599097893767764306540523999 -0.1350023364384135821374139074012644498967713970771737715804689200297937225020136034089883810632097101 0.075287236035283499541822625806700137312182686727952614679889737419554595395321952832946252127498261821
0.60747351655015433196150352645033217610909709447420672981927115572434903290656428203386377938487865788 -1.8518908261679088643561696275116486125950248031973093488031932088190990821952232573272917141254191822 0.038169836732713565247636484083078188295807485456291320437051234277284191062619443003864511937367591993
-0.71952883249293303852698306119367181451307968158225236459313316367398360587297506493428976007974447678 -0.010975455322887081223546213103075071221583930775889494636883513813901929217649491834928726414047368313 0.055044681847685883835397699169004004404894213244471513372403686108096333105435514466779770014143268235
-0.15905822228933136786240874629414517438069236434340561829706456222294945614154345003537962830545156604 1.3950750965658164783486200424024703953515266106528499478649153169392790466322749922384146844966512583 0.12769426938726080574838062704731515337413030046768396169457175668001253380880716614180393573249784518
0.4913628158300118630497222758694159346715414542531477296097771068638212348594659682375763391396967967 0.14432443230420378081723260037381534291757844981044599784467369517369538534019985541682406035644345903 0.20078034709301969004911117896063667569585430818756271922210317839185038288357620662979144040494156052
-0.68049445774160722013142332898027112055630290928863967200226868138004938486523802754921143738239744089 -1.1327656739694670579889438733431797037932921669716533860453135800222678467953242821612289039592563428 0.057728976985116293928894622271547137038341868411068446877691966290897206959309131421433951494710790873
-0.52716945740153983860731778571061556588964761160808465981064391538013590590895893739595855251968704246 0.63460124205005009280715356551724380618107031890033168304245507752120416246620620123265927406937756695 0.14810447054359241949951895908602663967612399974540385175503804923054312744335753912506391807933244103
0.68937342406869308732244304888536466634488555313241561292049645186439655657777740848878958148725493082 1.8606887173170639318803362916197396015576196066810430889128840284306593140453189568242510254900652013 0.19845573073547377563163249681546044120067272211191508920890823755178424459236977197472825451732089614
0.80428208039958448274666346434306297855961194756429709998774267313158093938895652968887900752119300427 0.097995038141698274906530922855497608463605341932390728177073746328207633706534026066659927130854008322 0.17890048798226929191364265195811301499472532766569273196984136963417895278080335535371956568353429407
-0.94027413005720587625703046672536157154144176136280315548214788735777638718948460377577553776630981008 0.092011803152617532125051203305218940645979618106402961027236139623850170260205737033970308066988995355 0.10640403211720455979395730860457820408233603854115819707070335672655970111365554709157729707270717639
-0.414809076525222076855088858124877682968010803750505701054427191554607095498627186962331877444326745 -0.0844565415924200031375110608380091831132484023922247407513577189186154721588744481570892287095785515 0.016997755997206030707808820157435369492537721735192400533183664917619816347961463552667593830080728469
-0.32933913918732047019001065519604169142515999612638665001677746586918316828918528137814299152313188037 -0.10760718075123016616880419067584708366180409159066935370906191483123218791952559471640193313038205829 0.10173776202618012819535879715667616054809777715969471203268034657619012330722866199570581474524965214
-0.040107581998994207617336347111201317983017703308931810211367448507366083366646172793484824326283765657 1.112745527696796390054345025516443777852672195568634331310877535171587211844140665437281832897530459 0.10610381602194978156553007847213517289266643366474375292596573233740182615129429090005295845683393533
-0.1200359261660811373763344226443432220112168388853474366723582954520296121077444578192128520881730611 -0.69871893600720351482993837571848385165587331514724516568174395826003886913695625479262506100478731273 0.14594679324687674924191442084870555040177265216714444728499120995544670575734503814483975807120963483
-0.24978024451028338659324931952013009517658815198205536092634090996734348697092578396811183528017586904 0.13749933262173211381907536119796961295240350760319065974998516513046066520763860504347182002893390663 0.093211100618063894975346652650204292242704718704200145345804267978198788437286619035133441143660059876
-0.81781816488119421726697253838547445537645419633913271367684140177925571434665381355944312493788657552 -0.33355545506429172452511965961601247936862627556010480859062022434482030883741004537910772545504136592 0.086189461733973511038991064578364726670757251797954599138860834624413114103141089015374085989891807761
-0.81343172281075417976815511477593655282147457764529687552921593913599362141600404114993914046980257171 1.1055495752824179145038909627815261843903367437618455342776364088470485386675400611421253667757760377 0.0039462594088479630222420479672144667912873225137018980885364436795795638547098590117856492896853484713
-0.25361097851058130014198507743716482904699458097812908745920262559865391182285398421841660871523610959 -1.1437863104205763543076413884878084775164667332501645795238483521845784590799066786318890288287149327 0.15403700652296884286663664246948125658618743953901554418237898825527349130781257239117892726661125164
-0.83482173736199574967830308237405642391433091270102275632598150384345548590490010027688652257016301487 0.98747050012251148946642716877038030761543252769934864467420756484245314980914700355038377166245614751 0.0072862880316118123241608471483939802390601940227438117923250984420872172148863413117060871588857082973
0.37117719194564552276500405796316620390027242703196677897592241125163790558095282776174460672913893896 0.22724397914031039697385009646323118243638853847168798135908627476208414493235706862291695777996278428 0.097329490520467110860766506193454175411074382194599244342372502550962603918435554569936510210268014979
-0.87458822806860700120919953372233186371809009419343701011085941048926712652533955825373194149680860099 -0.40657145804674131648589757658098488172513074962850307794110796461666900587714623077620892927832251364 0.18847769612416439919035914529856614703700560885300455064425010530816912731052006706522518489427046714
0.73994812432964467871748077581721401784277432923676312789285935789792878379855527150930165682953814719 1.8565332599343058452221171696538774303500168636204828785439946096547446497644114823425448668406019699 0.052322554254712283465236523516378656566758388406394737141830126515918290056461787967364741333113858876
0.13692793516419280105737535476844329868960045016553786529108417973763984339281732184390976765250034099 0.0096030876388253956610313475487162992592135264192475745411602147004032126113832691811353062440952130829 0.15883042241971358775013846735792920122500850297105926780231082457833789578585635478265873557040344384
-1.1170630971071727640810899470388333300636358056190736900186415406883912053294920120347253332700660124 1.4234038126487947475049059427413360970033781865519347819877801452037118820062815873986476804142657435 0.18588716897454335562007242521566406477803873450627563988581876068388203819859498378698239891782543123
0.44717232683787847640900483372586741861917302835492753685618941917775370559009279178599779060385241567 0.21648775741860122052615533480384006326906137724452886182542130354426301997323078575381922265140062073 0.0026860464301252841729779907927179207545397296217558819714920471100950158734903203365209867333500035277
0.041586149935075207348240689635691902272261359851244587311071875091261600617483747774240119924671058415 -0.011036210976685546840034158527404170269147804334036895856972238908172661041109664219847935700724145816 0.10083125288151457716691811711757312553318456793427325982575980819093763060617151002962076408556531879
0.2461321515728826785296574419695561963543607484558136560148581391699367571677024416504554508726358903 -1.2077686130703282507675517946474666901445852264541849060144566233753410669642176803344110317423293752 0.021596292800155268681807379515266481339046137034951612469804678263779136462200292593588202930208292271
1.8093572757983607507157215214476599772311535949272449940709125573262396827907210919090263153337141774 -0.78623398636020117725497197082640632650731511687529660257494665490064563162651502971779434305454505097 0.094553022454201915408358220462409111551299211459873558546270305789019815761423617256125180359393576545
0.042106720040954477927323418179437736129662807651076950859065019313114944689418255733542839808881241732 -0.0049994881157680998592896045252792332456768522231330050797828390851748330511822496841897862822763476721 0.19210806710930272619438563946284699265656156627908367591191703467952287636639897160494543452726168442
1.5893996269708499316483283409393772103611179115186847806336656445014369506247755002797770045641523687 0.98473934276133489015824298742155440139366667439091371924777174717420403022412447878742291207981476908 0.048219859637357769051556269629805775174833927540292780296601541260509781622682071371125823225086672273
0.50231868545208154420551327605074754248896997227120329784810182957697760772231362000128955530578783399 -0.44723618507768513220399174833395420887191515451501060438932356442770185588407605830924291469109646661 0.086472216054978498651509265650954722016610759483722038194081723215946415672462597995173092388502478593
1.5940499825310089783921372795235413860736336197178516976541505093078564367272426876307328994791406758 0.12885272944253159729127603742577234881745514989617317736972614735237104940444343296560073220531319304 0.070764046470970171962502902183838929660284936110422814960175387912186396465944417825878650153831864966
0.042504531839155437117112418860069938755212248880410358948457765354698424096677761403177888087204055099 -0.026911689713776575754604826116548480408502672804873931511387274249477882325560844500396143952585478146 0.1466712822112984188566088866939854019350941901148485507568483765209130100162825821180972614693003873
-0.45145050809078226871415197793908396103671147384397525184390379863673596784096113800851271668208379851 0.76858087573467784845174767731551386158951950690352301238113217547894828791084326071946776320038786755 0.10905657672232297327801655859160076925898892955240478582556010312097286376028271224157143386748533428
-0.084669114523381888631847510024550091242622929930977934103248126209242974325610154868508026072337763085 -1.455112916697439595818870062950810833313480642865528810645216105535769866118387707499012199216912906 0.12303914740884966075602161008991901806613656296865763598777444159354287205898003725703791630274163405
0.068072603166347828640211233461008244864588506359748509396100053844018256018677731706989861620426728545 -0.79441653744633649737517788413124971408915531473402650364226531385858864276988941412587181797577760803 0.028487601884429731745420387267686602828193423408389335695667967351450597718374500616114858779846832777
0.93449475330250820899461551862264307958728266893961048828168365093029355186081843905912608952559684594 -0.2957008055456903637703020055868056551109219337113133048764265140263366518218260871295800099580674139 0.058263640068019546375689362199479400930711088795151233768721354397713985289086324450193468313123209384
-1.148118114182443707203434585166589785858253543301792171546086696377512502682112279124170084813573593 -0.85745280364339414206397094996581044101979487496102234250902277290543305055793547046480060835261513277 0.01134379280401391273221732443095281587914797978496923179532723523117183731660702945109541010983558239
-0.37882831280183475857570484561053169961195657247807596219829891308350776527745424752293000136733561465 0.47262562021651342270685199639075475228124441568351033887230908493847304419250305185221675905472601542 0.034838633436955975313098568315179816503369452960478281469742453621305734647342122281572180691361145566
-0.91588358232677739870825825551544488676044100719158070190703438818728159378382445371402236713788791768 1.1335917879551232484790601410658121974163675826558989404037585652810900003500236758509911128119503227 0.049460852536957510720522296303783156277607506333374747810919021144703653245218892835517511708933739506
1.65839926707722109106264739231080827138207211143514451483816667561635508532087242308574104169996029 -1.0685069201982487401171420546440488233489721711279195877537226298013074441015028035657436620570168528 0.089653193874269105577326965675419294032832123900254404914711143583981304525901551174490571762578133905
