0.30173317474501604102161077859658170040772431431353101831441988357629138146461447296816921133693355108 1.3042390383220979473404353613609311687003062493871232365931043738672047043678655813794261505277614408 0.035010249232082572444533828879352440392252064173573855814169592475529083618348190735274639332957011631
-0.43520268103414347568339016908665295676179375015533238348956172793718608403423412351545025202977093514 -0.21962927083912832520174031913563752455707298274711984312448734297927027585359623144716660698132529285 0.1835802854452448952907865741658033319145024960003649055017070081841497463770260666205053980539534337
-0.2825466650108073533108202559257609345774057345017536932516326719620455017630952190148292213272579646 0.75825630484291965749257545215119869256151255202619258130577700148844553737270351387967900547007337421 0.11617087347563646327924470378947911642686446170001684036645486088304973261454046283263247108816832664
-0.86756766829669842458365674167684313961392254281538624634976309973644064358781329465052866919491778905 1.0111000350848221239028037169102858983589999500476644149509612273093413686902109737513273866935582053 0.022862232016218075729666139403315002289562941158214656244652459697803697741044885284391985323843409078
1.0081993019873436598359527825867342000748433651935626458436082301499519607162780912138439711296854916 -1.1912976195331205874678526024537213415568735823431283634810069247253100954127971153465999838220003169 0.2022215453500478225127785831831719171046948332396794721632098172201065053063607453792327894994898686
-0.24538027027510932031390099117427449035884408124091191127283659978441812689026649689761140840798615254 0.040847760850414143412026473982895550970857786375227353435116018080708452944141007039243700540162424916 0.17441347650316090374138025604403214693372121612937080731859096664365822303556525607291277231953077478
-1.145662963810891391318448030370901610001636041548589373180268029661045680848514322085985911099508255 0.59234676527690851565415257986581691222943024996552512469700522748984692767178521717473883928762695213 0.11481564315345718454917727328151679020723319657437640607416265765357019461112378441878094153534293567
0.088024935845139363089562013249071550975236221923954784485892895240034934538568170353004695771164061066 0.01755922232253195471343314374310879851166646694970588608383343547743968267776814868759435472191309889 0.038836285608040858531291541920754631502567079059624519236143958139016037387044858355389425204425039893
-0.90167553539743226999192271731878484597566261832546290523260079607890825203990255251256572907412519351 -0.6427677284015876626464655155565003509479304955071931091922427717674322776450766629590592277420683897 0.017434702039074936911424936632802194985642024815102893566839634206596824489787340909482433159856078266
-0.50061029463016327702761921914820420189289611448432188019838948328180574430443770202013944466661160606 -0.31369933406610224962074003938496082889810281063007219085621420788953626783430763785351319174308076611 0.20126546857369601857076310092702754078756432680984453638453624539632145915356702435494872463725258885
0.14362826075822876697710973134994611381050736866059550090253348325450028206969618732847142605215507068 -0.68663525741974740423652181488751926167123034692260248546458521882624957821555724311367225571387084719 0.10890982958538008912618822469421827614689694829285228727501990596556415254299811744140769819343646962
-0.29991717725323938325006728097750198496021704312060756471525294547474801366624903059982438590148521174 -0.97009774789291470807369123232922589891453721749281291113854668112024526004592807438054682647725134985 0.063326314773846955203438129188241051566312952736152836324173917034144524428998324896856558089084163825
-1.4984830520610126129964877394166431362587534073175893613391830994657829310464297326027301579295257908 0.32289245176240694712565698007715396532134912671925733965837760469187007149111363215938637153687601429 0.093827611404245623713849459645582226646167174059165336403644032456180294794948010608712396512564849959
1.2637282729293148369204376592436925455777699129491444357077027293137516054979235714803809808716620496 -0.22238856386609782082937959267323343820811029733365502875360112334305815991543042166157105852565592556 0.086212772723268879800768285883804226492589065361629846540961479180835053649002931583443974613001143472
-0.28153652925835983376512554331678648524614364547087517627762325045482220399807202888581499281473064449 -0.16234423616967782794618892362915801835268763010091620875290068771727141737428143378347591571995565892 0.048588885402743953092839955927469861375922156020968655253228471111898646464377703995806288738319341206
0.83887508552689896221816374632798095760084444525009607898281042592556194163586972180197764564220691786 1.1846113765774309958217790776720271521833161695626611065717331473807723503262834897377932361064524963 0.0041711634576837324691793984262975785185428633471191659064986576160862150063777540147815619964671265555
0.63169072651015260357216327487548570214466103787179157515018284851770059018461920953221290981316709506 -1.3914705342147515112571167189951746962463188107569187467887266822611870053537641754383679902763649611 0.15125717433990615923472154202732978904149165369455215081731379945905062219889256883490803586336082901
1.8431044498715875385042037282595218502371252829000444382698546872361171621122967881411696438896923664 0.55991389710664772456819507038833774552399198452872580435480365685948972772639566921183032890972603573 0.095585976421257697695786039127553872814836907619290769183442833830260467857193939801718438016640342716
-1.020304862836001143723668196362767878317081055118140807730524780627613971636517067132713382633282617 0.41236838975576554989556231461181287659360616754539363773938458364841503121268708260758708454676956142 0.065053413452369395263125140643450096905153536512349496709373073117352960787667088747618983621806291786
-1.6190255810103318077466257024288552384958150134450949216304085994946935116225528935106678087148398504 0.3922402669298646882355729181641912953348119373014662039048377245529666615752507236862571751300879725 0.00014913795116733241012977308990640630881045458830448917920166507865102295336287934898673060959065949388
0.032915908258484750157740311126221837166715393734389273205744668083588694709529358189605757324643102055 1.0733333644505229384450481876215269259382963669325081332975994634313504925491973657277679998950110874 0.012411117416456998344032638925150713342181075896225482959174366817107922591687732290055644907867049167
0.10036689876203151221807323086012073355800678634701801499659452680029426299615433724724173683167557001 0.26569710505385309126595492202378694792011934706249944125989832721357029330869622566760307065882332208 0.17235206431910583855278937040757866967361186433721615056377360989637980048776718574458115628590021052
-0.0025430253211659621623039609923517263161322615804676379429589985556340660868999429571024210510701395001 0.84214609542453945867657395272050967340691815693040602677886180018145518841684214825422921956945490147 0.049067250606297333059720617700626587709167464497214394960896703977775936985337181716512783286454889285
-0.81670391172959818137792391654053050280989265265969962572772771226256245396598309493778120141381755462 -0.61932511807219458619356083218247482964681021186190114439472745532522873870447799552462032370115728139 0.070960943895629052666955380312845131189793679993901185114883217964038480963478258546296822435249753356
-0.034597328793008367027928801809259132695244634213108497078203107703512512995959228457400961180723513718 -0.2415891216385028125241287036643949005969838658751684471213862455524522636239503940922236740269761566 0.089004137867470945712898598560920888255750197734779235506967338627031500321850904415966669125974210735
-1.6406523041391635970968161414274858268200325093968716196820724306086448323529133229198459147174142458 -0.34696907892753379985852649108158486600507444834664383044761405707547711550046738679609849386537680812 0.019584818459194931341037216484236316379163041302851212151748721950318938735945299085299054174464255581
-0.52780457454595985393837705535910694868065132263464993873944068034167771895389531312628926621674389557 -0.40515546442824295971197456446913347697582425877548810465962115426650152798928861534473132989230994552 0.1311664532077483464402179762182011751047680658123906406556974543994709674593901487725572450845766151
-0.66808104328247460312032085320295512642925652855536804690791695875016154006797682714888508373059059646 0.052344320883843641023823355147827636049102619959592376371624362019089775121840473524909811378794115641 0.0071128490369351278247312164268253820642523244313223633615494888032595378191292714311536406776061402081
0.22200975323554609781904591543684262224633240985813383964237872375455287015140606039014125223532425255 0.10622135794444487630555095022381566542421577947690504331179174594040661705878054751456581195551532987 0.0039542143023775280335822469785511587709681067271956483596134010589401258202319726403090331395153799379
-1.0655121692537225980485419866189343420703473291763658217843881388995876469376887676227786540438330648 -0.051941624669879815342077210200333043404219723453462125294193575756212323988820841168669155718550316301 0.073993065259853423324661301478548543934507399908180356487230902166606334067699263746646918961060761175
0.24209037963868749938148616395908030603564868695611579390102214796432365364433909299871497865468497317 -0.23436886289892162656554973029113554987773747154636475014413357898652278147047113047180364667363895982 0.02657329624200983675189173291400169950288581735484297366622688285027724150231368806866255883425338482
-0.22296584066187048963876033893876433600760685893235722145736428492013980634697113749302713312755545513 0.86013378082488039340302055323383723382791543427681241064955231185496352645477901860550900393614697221 0.16217373980699494587222444328416777620779094230023869861278824715980016084884495013792877684500909212
-0.12666734763403538933261431090227345167326609416286819691464510602633737722676774899865264415170852549 -0.67243013912976783911817628704433367286056495563031702510247693518105674997639801662999496598202127498 0.082459715072311013444554598694903906157093600994826634410955424788426443023627476135364179213030557335
0.12928970391925705192662508594975155421417532946725709770316482223738452928309022640414427151092542618 0.3020088565917205285828857464037928095942492539753932968624292697286337189730900434352230783400007347 0.092944025739225186632810796259073681903917783167415102917383495444698210658048739069642789929000009226
1.4398925060170356532440600220395063487818216179269004920552174302074925586351329223019642060866381725 0.73178065761298649522668263193947666116721490527872494393057242200074714942452682899160131906478026974 0.0064643413866819724247287430550617733269366711197207939114099324152158660469503076717885515750780247646
0.63889102701343670499089024550365489920207813623683297896259181753433373229227709558509567279757672644 0.046587360730177970548508910177988691403585373648478352267792675164356199078958945878669015032274819988 0.15448467194680338960769661085855283139767178437924263177088752135238717053851216893363384793728749097
-0.12922007360882009127126394823633936192304343472622211705941869816581601916736512990923151163635194172 -0.18647145663263905891837082469268818754101549472154415646010450189788000486357227791531039920270775817 0.2022221210980290312094959375852534381350063277461206857978878851391972153019115083877031412965395214
-1.0307264203961634218467608456137109980749079237180980091298210115046523906991633735172630535753462197 -0.13217368707825917968077314934738051734413403658603344005990040878770991942988938171181801995303174303 0.050787569832638107300922721579463557615742220004644514443491512572949513568256621196428890691717706714
-0.6556753070565600412677444837170821170357071942681840523732707108558235465772517167338038189283445904 0.36491126280170076092280005058530510566879363649857365490166829798024654266296670167635165618774414888 0.020028505946738930234079398214559091320864561739110708246599363320061333099531902154828665823714203429
0.29343206477898948666981335360646829579371319815060072263562854860896560141680868834526424691463057347 -1.3180673030484069064199081149833789989452868727007199548171062539135410720378288728818746506036415069 0.19224537856642537095163704342652641672595869274635904563663773938353660171679703427069598154315572056
-0.39755130889968654221610665389862582063098464612540779284811701280774240239788218750112880526987886387 0.68240868295793791063964844144645970481609921422051676746542504833722052932685857455542391386356649049 0.045231955680528942527697354468142860931473405963929688989274499463283403113224095654018635826307247605
0.94954292567871180362577028072239771208854993957318150733646739159412061415274147792841678796270423269 1.1109736552000537806497603859529826078931795400162981721509107109529308596956879725859617221089193678 0.026704505469491808975684371955668652428662150986097171982683859478987931922032255203989902107586825743
1.3422473815425741871224255121653932934149274647176613142036058969504284024230782457512527848564307319 -1.0486357442736264395807973911660513165616639283343997399927640623926607059692892154283377200858435468 0.026405720836488560720364774225059208035662212330347632759535802924438567527970507286815916461103627082
-0.81103869957297453797439366733046919442489011710701799475308852996992967956832160301721083978887602959 0.13109303921483365824735764098752869971301746099370949286007875506222291234672624993282332310629104636 0.15663615046018771935521590452039564593047755293887933194107414302325285868709811215569052376685798431
-1.5219339972635440763380043021313785020230948093160868862358425677800030992133010430387522670723614362 -0.96407315442102200669436075994943941485486715549469481299908165448992011128203990324978888775334321768 0.060796407878214890902494809957599985399328625687222624560105066232357897689469099256604416993973597505
1.0600375346231964968052368156261547498598266192382385205203289339409966663490911502353415932300983864 -1.0814347575178196107822959019709003244381589164580001046918298742980187323739226428695943597974371206 0.041937906138250910514164033090865451078527685754256520298734726508747909172423234527613086700399831624
0.00016921365176213695403102305778304380999825003073489678441831465463137050986675737675941018490492899406 0.0011643763524363349314891734178189738086752053844435526175517164157866630362077305976415959160530272481 0.19667667134634630607126794117244261938235191334377543550632441476447403764136197045225862826330172223
-0.43206314649287221640506289553601399842165570899714626759308057083163003764852009232494462559885385741 -0.231684400302013005760318148031364563920599024504014865167942768577967745734450140038350336324478024 0.19510690550768195495442881422561342944421851268727900274322545900147605255149834833544116034933569593
-0.52236765987253815409426189883815474244051907497345933188593099196371528337117598304314088317704036623 -0.34080092316222492137686772513569376438556897528146576884603006605187794056267719908426397461205034864 0.17415298829865577233852830592568642476252166393004966205114911456822527210660461216995418135256231328
-0.25874980160724396022789955143591282033247069961042560455565716044200777312409446724203578134832289266 0.97167727572102166626708860155173620739537261543261594107550691682853172709570265412169563722140019601 0.01314520494236889983350700038371004316586203988471633911994595105354608337032225697514951369041150508
-1.0198565014648372243893051974624029690265248403754989671999959102268271597563373005460505341496473844 0.13430646916917908056343510747899919736788136736468228702640478396833601791008141260377005253277691057 0.0059370912423151240562997171978776254145855114725392541371453393736060776170977998772770373782740516316
-1.6935685988005912888841572639844664112997011012227867394629124090784815919594647613942251398978508612 -0.15156984718943275704230306082023047242557946070522097522648483481644433188340093015363950828886156249 0.057329555514323882042899503124554923520971172990437161580343572394776367365466300304234188094784634813
0.1511719118211298856158503625087949995677462044244087262468626356230276038101629012866185425341712313 -0.96869789831460750251996330464193578727250818661576344785287874005837866745603243754505185733026452522 0.036363932513179032960435025831136853089281153768133134219739589077695441065235563717571885819960914212
0.41566443321617160590216416935473175625431394234144408309712360171291693535765695847207812689188662732 -0.79572589519613376173113649294936429577455382322602768957316506765333173612828552160110983019714748855 0.00032526709576054470528563619733735020306018711549070445666749870713733670681948784629868975831516615942
-1.359343671551160772085461681204616207754337034328970623209374424141890159842393808308159271480576404 0.28566715698915539812224761476071750471537407695661803709507473038186538827916467283816394869672344826 0.0065845835242851316279741724076629106988115711606872783373719473734473265601946272464463832307644732291
-0.83434833287379080950656063595434481412689305566141406993685663751359295208595018147418365681736671903 0.26319691330548713201589363885901891958588806729076631496548858444662350940055485693768901779158899134 0.032235869775199588067964222751336203712687053183845618077512639317981898557951167632496974007392483888
-0.03720718786339061792815217344252968443929074296340375624055391679176952402884317117447117520354969275 -0.072348860723652613847257527053524244011176956449270492246996988437529937650262149956660283947646235419 0.15342573967527582244313185265605901278079812211624336163861606096930563120520296347076718766012664294
-0.12587232032919471772006712637883719180690705382928415222997448694173632950414813047495691529715871538 -0.14757536405698863849655748675843820180322130381817267276119290262098499764008518491126462692510625361 0.095660546818912913895901183375883591025026985349068642889709753137117207073740727211539234133682155386
0.65222616175287477723079445932913610424905742203034051108469077503132996329821538096887970344288104213 0.59846031010648413223061965116856038699748858021418072367092778401229660152727888216976618152995826733 0.11784009813612641934268679970530959966514939077579570383113936936247821868720519374855151450269511606
-1.7350035064281171436772764886136473122719331970109937797712771237178035380735380285819262760682487145 0.82286371152523382298316173401246989501664671804397075415515997466225283530985743770978987230575537372 0.13861762551004954655484324850834243198455221659421251417413950079103377300775092541971049555740381083
