-0.48617882777296094873434072910302589953891006252119110957801795872589951686834651167206426102803072775 -1.0687180098984302284227539524875306830360125173361256470083466897318153987054790333723304426210294031 0.022890662543030755445748621640731873457137249672826528962698071625341318868041465679357092303736809101
-0.20981422249376666773810563681026397214671243051840096783643745458389598223993981188850627661963610115 -0.38742608824066262899013760480770104072791860267441706176291389920330305135744194126372042358738657329 0.031129749461114570669012003930054890507265830722309745831216767299027369603660060673589617378980164881
-0.55216615174315358611437103499207440763597772765863208879355525371569034442937858679204489281873552834 1.0828707765356419758950024009983474854050237367986689096186838267062440895279919061285048481563425202 0.19095880404313608655729320309703760899405379481406107501703765598200627183567962398477486333711313929
-0.2931590824184693711414438529035482766514973677146834362412003218878794671539582852149677219032045452 1.2219384338338761179311767223905772469165423278176761068159234721784898773272690338832020304816319467 0.05165548302261331522926156904419443693477080995838179270753641630711763416519736150679271596397076513
0.20077926481204576765062750062805333060519044115952993124202119506353069931525731041890689529421604287 0.41346780516943594155924577648190030289112329502633910965200181148268321981696236701289777281420613465 0.16574982035836396641326084857061379120616834371327362458390194057334669144838429210007360632991683411
0.029563908277453545460794226738335690935938881941846303375305448226402902626623897810367311293375071382 -0.064865945800131362062306760989000067124027043601840951681033734957343779849083475049796722386778739374 0.10527578639477879479467957689138520375128574223377981276807129380818264069955398656433135124187127559
0.024321000015073136671684212255752792828422443950348751940747802003794092173267569011806859053286731845 -1.3585101576081232284262071172420355483850705282840149543244897939521826319109614415893185525238387055 0.18946450198032342092628735801012974205636399097991240015073022853041967544713552497872689431777563425
1.7142018651097496259224976704054571470246858688484641703971184356018003020724817459428990204522537504 -0.29578248239323045089480160544401624970934485347354201781855849708154982520842658696007193124023911401 0.045640304203953156896469126544942848007691265527043509832231292603662298056028020225633945611345296563
0.86018771444940131404712076505980968625486467055839195313680238433436552584614195667240773732324694421 -1.1957282818983165473318674890104960339365901032336974428528199026923927504351406631214924704656852777 0.1185883942927218438547552595453280478585404059081532695357450667603918964908911385112798575213629687
0.027388774014070940165193756319996162947095912393591852961462844517355889415896819766691964134639853258 1.0126997844300055963756588008076089680154247077939093067176851647083408457312516384369431220441861689 0.073455663286061026975568589027757976198946239790097970928369762203198709722522303203762986458202051815
0.66080056939144150572603088263793476910563680432236856559598175693973050789825290053443125052857562713 0.74327363063174448758563083569362161162941072001874480162266203566889766841670918808251008539550346068 0.0063359291029246478023630358502970215336828489480101942319809040494720590818788465631731638960238865597
0.10658073121099942488993771950229851899344854934485793116714001574807800999003128392284338673629674247 0.74046269734397328540981626137029327420261285277372456063518181817740400886645714004067525974783755469 0.092085032199618625209231589779840739480784995276767555296749354651860275029116700183540890634488506915
0.054027508419430053830124896121239278333586619989613392518743097282563394392005537223287356070878617883 -0.063254080576206123094386064860914238851548613309923024672356439343223607746716248110659391603082572914 0.19832935498123104435686234846062910456237579459233126580473035264226655119363106817518800079477425943
-0.38069727238262837444764384385623316906543038155704017807310701241189549712106264379600793229863972726 0.29371021976474007676014397855950899647424932844962025937822754021958456079297249992162515594676984223 0.20513424180965726701304218759284288729408056609691179294393250645832803739546627835347409633668404579
-0.74115432857784242593734559410887150170654063662235900574643926147426385427904570225335607261620979543 0.36171350235572593459515182932173155634102999736010411289940632250733128905285649497429683060695423602 0.039199550947408905176696062130728353704091248738203829755317649465869955394912101711743197211453323579
0.33844094387406205307063365406650433546708146506593128133089836243011043365950236177221726806785029006 -0.25328792304625738229582166639153828619489411067692365299566372284551816207599840306008268918223353043 0.12942043096937637048963103283545676259604495530440120157507670629787348301565122267762092798518894064
0.25233048832491864104223905273505538960923114118112994005837437197470237480533005602513840351633470751 0.33673878053872430189624394787419451853284086503554383936229662889416817536807011406805499318235833058 0.051372856947726057618688600402092807310263648999622021927562541258596506763557654460345422785666645432
-0.078550107807315235728504793642900176858117360908589765570882195809548493551806519036201173709380022669 -1.0711937447077514720322767800254941764665235096464039655944923093977610208425484911175808909055935376 0.12149213641466355222107628127222276012723084287827357703095368345663755753304630125164328470921299131
-0.22803423718569704944374302319671832477353889665966712851058458284668345471972436656712880515790065033 0.0028515947020853032560722619351928037298484537306810408673762594645621905344649972533542486439280900231 0.17773271057966153007992149830672270609338604297387005570602342438667499433131031400678750559534252962
1.2553352272009513024190057076572142047369607162514679908639017210125482505355534681097341907963977581 -0.25961098846427181566516019703091138774468144104528085305742346099811075632282158328753500342747706646 0.053708536507281706835282650891339224250830967774443822036983305756832838625260000676412879331481110412
1.3859480389084142778632239461567844148139908059631269403161895708886900924529590531146096113178744686 0.87316463625385888248036582363210886799999875828386082812200840902884804292202553180953007896930716287 0.12910905486209990210011234726187740173791679171039829707104909337322069079903806642206585095976974092
1.7805719771580700091861315520860210355733286079959033567756368157370213801644536093716631517206134451 0.20944682487344963716837535484520830465971363918114952934688858840111519911377419042277942903729358926 0.059759326543423217389024358882137410456011910377409970445073863160539539293711925782453332489399606733
-0.28029409611846473294387878208119529547383273567231432796905609656818892486774354360311530056132253287 0.79583533356547460195665325424636853037932359476877828880298053088411431680818694760850343564128561712 0.045609244976497144812864813177212048021216694520437940323114815117270540245801415399335809286086622183
0.037368918484862554763000823211246104356763517710162277236684982412077075296833493213352368563286794067 0.39059032092871167284368902520440190231711071759398709514475772736142877779925052511766818081653449755 0.01746299910636126655902595026360980855563855707167782755497032966919081012188077551301346463017452389
1.8378077885543600064996746140872480599457218768509426605666444326443229094267779972098534571207202187 0.032142013711670011707077344621159250568451420681243656349985823776533945484025729829457161598911476168 0.07568459621429116622890845928949185147241648958717180747474063900339716430001121985306414252300856971
-1.3492497959642860833461118434887805490811297259070956862646336190930479759750155218671626127574923495 1.0627272617380760023464361643253789443047947142694272217510202924822357354208332035052684857170499142 0.14138886872990822550805242809494405940880184606170442990650396439423573445373912396029127946975167363
-1.0596673942330908509653822661381440626854041097883893281625984249734280795170559610200455776441106216 -1.6416848546532082307840693139530088513940031755488040042806685263801475315898259174890693554665747414 0.18019448402200143079415433980806538506336291004143135282757511360571671398449573509241862077617608028
0.18690509504436812863819311054326270857418847495053849148674523172269745693021701652802115140235061019 -0.33680735408139385240790267183172504117590901470027704258193369915856727554153387530276852873526534952 0.14623616439111378463574677196523017737325819620308401930471849481987000115481557051925462854291360868
1.0901701408365047407407230391015710435422028387376038599584206151614322968210874951281933358487563793 0.80359779747543291112267029290779049030341625779309214966635624016706571966999759919258465273203076716 0.025744148010679530696694863215451955369261280768216736811709168514217637653218023128205455916990629897
-0.57205455535526801133584769636544667625104827810300438366174735389900929691860100219604771566820037711 0.96962200561927047281279187680557877076251226861995132896806540149795955775410007310651194696347163697 0.17775757155577133783333701849083404465461301739842262440299133786173332000560910459490699128271123821
0.27665068519678425628706801826904492437868316694970716628967802691653517912025125392663199755473211078 1.126279284738742936086289785558775842481186055039816545414980368897989218233301089531014789118204747 0.051001644627047564200179929610979897046048938886520437289463283783089442438291884597199928345356805474
0.12081729544851063728032822738486039592586967980691664523501281478469800704097340025272158715711801391 0.2228440567462084967568319338328882570468759457360672171140074386295458125344541334837148418830432319 0.20417809695815778690245591196003935321547368363504356691988981442186615299665038744740747305550246567
0.94703545322305059244700629687633743853351322411183351062940560312116284222468758145264876847901496507 -1.7280482242398384198065841847725223534863385485683707220900930645072161285458415446422571948343145063 0.1527975004351434313627025549668548122087406110875377063683430076782178732969398419352500796384342663
0.063137320471390283326372417645701067649307428094195117942188281713848534402441263130779778837804423487 -1.9766701301775842770433989268201777950328997338010944113676279737486569631152710209669015968685776947 0.035821786334171514922610153752891124296780097401417593444655564999378160594473174632435278235397990693
-0.36131308003313199877304781896350777682171458960237706927526506019762589585457062209936045617991572319 0.93314837117510190087345371353684354274722842998385837536841798689135091043124706235434049973391210566 0.047214484978924914993451771774301807604918253274485552790775602869422239800728156465675287465563092033
-0.28001213910058602278606587416055730773002177536358435098880505362077111410743439843807145283296607897 0.21005092723706416754626318993083359402786509525463091255478782815229681184659588096743129318652745002 0.026072103417667054819207442645798403372831939013528476624412289911656287850464462406743421333203855907
-1.9340491867273060059178292113574354953062743496979303656824523339174184695950012771997691586012132448 -0.28283669524197635515264728230559794499201773008488825240576092292909165317712872684898068955149786954 0.19053786390761049649394078386568219960158494975204959691904356667118130364474338389102074092670436437
0.2433401641071779324982500437242534997385093440337842038238996962002311005770797360079292032356745422 -0.017436758749855293119138566987870415071347349406222950350002230182110567662805693830208109859796016126 0.17825764382984253960785776678742504435521122095237431898184879710883406895752908697623913247248234705
-0.11774509901183385911112814533350296720043526282588697963056202460726235217271303780665316180961706409 1.7630268760005343675584274405278972561752522427523250527271963368683742509544849494338271978167759942 0.091930197531065453625355828193895742025047846402979555262438188554894931139690998199098269328214082598
0.29500209535912994429132061659115245683677467319626117099947813251119982503923676532839077058152660557 -1.2668569360839565385373355593322961564584321494373269332688370548496219231008690485450898177001659475 0.1424613452720570886865214046972944270097611815179812758903052601686375642626269735043512527224777272
0.10415569307636928232119157953149418715329655757527935214159360045489554268882522937234504700646791228 -1.2955856797187629970030953476135703242253961684518379657236877994325720181260798344587368367784508552 0.1696153387913114626380784050066505090396979826149565816964787802501327344866975678154238955999568778
-0.25298714638669317698209547059821633174365033693989891357303235812262966598888970659311062435289629946 0.0037367726235409100044917561917716451145223369824449906657435421359335312624951117885820641444308976261 0.13908860792478273292572032975344281445157808938935143414834984550895252110791100816856297946056940871
0.40642309144387533445860354336339803655894393169368966031651142908831946415544320725613039061487269544 -0.67509506050845013476047420003803578601255873248774837261736784333959689679668183353972781223213327284 0.10057578513442640778960251146738468338729003313527397055374587555187014666825095369379869396227128847
-0.18479002733974978054959177856141457666127293067720181502973253087978471994170882751454100392796854991 -0.16872778032594044845691819000689612233657689777835644047255367578235856699124717045449546024281792518 0.013306495581391282405126602448458302164280277068834945462405014367858770575353269971036594111209150982
0.72581643603485153382572817916952172582190538277913376557837800675267173621645909688335684683086459811 -1.2636652459274286054492956728333928119568678858337213607480888703459146191499355519904143667747315325 0.11607629562766077195557369051488513773083537309583951650007379274799021384114805194463756160447518981
-0.869124639317676291697644758542396479598789898338954213748487616429924575816031245570511887290826368 -0.79413434721021165360413472724003281448267775454603392817741730264384811820980816128455995643014889333 0.047028792563900185237590672044740258134737404729011300836386120706497709861740205835263746082710769722
0.74819930948111674742587288481833272055426499564184980829575234151546900108177167664278095751240815863 -0.47065041879160831391010298753863272957754956454101607324633398778531059457835829909735684442041265938 0.11886617356876434310792096829071108573948791579000915591886914895916312572161973093711864347864313759
-0.49876621541313924290651017927796731389204061139214939859309780815545038768304210575662813661056272197 -0.2709759157008021495422094573954204850499988300541845415006493597738414249474332639943989795297941772 0.080436582991351164539815806987966656763917232326141450149270571053522710223345404180886380609238187995
-0.37804608441380643669875446899083363908472374263355061986962358954600673828890682056325808946386978628 0.38718213845327971087115520677710929996585454493633330311362436543467282620198108611214820123548020754 0.02598934679627413019870744977344038715712117322464931625667310150589021655592233474570069864100120362
0.74319872738053412986446838286415324278692120316881285140863098090011185116430458284126007143343086717 -0.81866992492900428670212466818288846829447588144404281514622966030236457281911050358822759416768929878 0.17196258800281985007629073333644493404436939468781186104397763736046042040745139634324444816887237025
-0.34026969435150347258500961997283099303090273277205137124197754227264708004493109300425475560172823465 0.48414531190862095495931487470041032651608093000491807280991902810549007374091138977961727232395133151 0.16471979529082818412101820373943066847630059975865801905494399812237372435834449673087804958509818922
-0.57677550844823015958378177123414601763112563577036706539991652283013264072856783161132234518906280604 1.5916835080873255666771386850064867116364995016349564494891280299905738398525200533442584020261133698 0.19497794276957991283100000709661851597130594955600506507977274525227233537689493258064839838966806261
0.68462226593885036219808936837983814918018282602913912136643594908181127006069065976969028097613816438 1.7522302194882951688981004183331947804342370204071193860728940373209384909529820873332628473172269626 0.13980666574726103004396735654478165498238216265527775185045102583741524813726565162111605031709947119
-0.49970771113810336368595812180866327632250270907136860483258503298792006193154692215226798821258259861 0.70051875492761759799791678685965583498288257409492000300080759189210752313194456475909766507063150319 0.18970167955414007728625092466010380723297652279022499142023968191721500527837738060340733463624117752
1.1013487509333857339190558262840043629200900490107577018732044328405861862251691346154655119250981428 1.0168422106726999815266506128166016040225403489566565109842350957774540681196497442071857371659610209 0.076875515371966948735912261128960683348596196963901482821442044337617732180026198841865307362396698435
-0.24314545721187338110076810983639120812869241136067007129232096118948225701823037388017917235058845022 0.44220536819421352380245581902486394284451368468269305851686531679752832461889221180904769899664243571 0.06890035229531327567921271815026139018529150608814917841058976760951035579143335694893881089293801213
0.18073123166478595812605816869734681009858020499033344661235928620867313796784728654902712634790684109 0.41995745147206013682761041468074951120985269621313605065354369264476650516901567684795370334633877245 0.1700684746885341839920125398927765891621029570652260192859434944540920095102281721609547295456097774
0.63058321113545476380660782952794612898934463767540288426185521947245729911456011166358567383171818836 -0.12152659615946253757298082290480523395176991312864284132597052265823821736946893629587671539792802743 0.083493327666947825802066921047319017607397169541299483282571544848421734112324930950562641871102819783
1.4293947688474922444383092427449100509707619165051638252885882283292849970321972046027361373801476402 -0.098195689258489565974957013109350800550914898407955163678307749882968051637318326064125412359703026576 0.043601449282818395422286566628296282244811782845744096869849712279288423738142245484368848164844222145
-0.45677072929587943351839314327664523475043865730975461614037346851075077320584523671241631302161870204 -0.79896383708231822556323247252624926183021122238785588234799616746427531887093461729261257137993604823 0.18729014977663055952657324322469125401910151324012419280815817838833139558939822304164839906219282145
