1.2807255894475498538168521136386691724762832566803297566064046186075570310192950628919946015432991732 -0.85327467725382156633273285523215482828404251378036021126325374319598174086210412408101473804672114746 0.14689615820346062301919110485821553094621090967426615180738881997719058484628905240851208558249255737
-0.15573874601293409705254656793945441521718217613032184037960053010604405808418707736241091466887152933 -1.9642232468087339975602486308576365962096710594406995781022467115797190092476061965844002485866832138 0.16330156659305227595452650053923788456522929010964694434706430385904749155627384795394700542921252624
-0.051271726987606234234998700439312703362509281319455661926661524027215280636600420883383811329182328199 -0.36620452949612264241205890643658723916354399312236450173030730379341474218989372205018977731110893619 0.0016842975138358856527937028272712203367613115752467506655462089175703027510633970787056399022310886202
0.012668142776594803460021926346653814568181082585941357191470033303425024837721968470448057673466366042 0.071024115044164463892847411348310354503321249013791772752403162594243740356166606661707172142722780496 0.12539788921427499623675660848087697574825592247644072657870499369521875622860232177022768923004433535
-1.1497766513521955892744719739120438641213708607557027992799531026195096532226068521080173471049239977 -1.6088369750584880727860054975619832743893114396509609574679570183652884419659653582416088836689153658 0.18981149459731177714656489219401905037710767928303606803316385943414975775390515750228584279875112887
-0.39855268041946052071994491142330651175472461677066119201256140112178698762899361666486827639472867703 -1.1788020907929194380164820818010102423392272368158614809924526691569723912231381255588731490449261465 0.023231588612082768456788478015854072632597277727220807978898321585345741969451923614065051460006958218
-1.4682998877202111215749008656011700772040681537885163335552300063218676485276384157045653362485705393 -0.38177410579696974917082864893057660443935045758010227688772254709067364416960301941413282535644346465 0.17006400249736337796615158526163775638212819492686567606002718285785773321878489922001090032063554412
-0.37465603900809712887715804585339950636338472465043159872440383557245710881517845279549801815119721415 0.27220869611487223289829527669278597844188713696742682385064268001795061838176672287639048358776952476 0.068180846793509118227475722113219710627222633958312903503332061156686638854451290417941052710883683412
-0.063840557312750616451027161707193318083241279090203322162625122975545965562538487618771407009449333612 1.032203254010241575840025744079747683716653753676758328154066168474595525759823210825472007073079222 0.06009963303800298988260004121612465998322923439623835094068905217649859361848801077647775540404449465
-0.83752831933875832278475641832202283469767643083537365200163994402734670149017499045124521641941820815 0.71155495699288880994005363685521109874515555334047599149730552779950613040133757128762552819385677197 0.061174222828411819414581854765562871536996573219965993995073180137077366660607934473994072865544761981
0.1428389292387589075474175764624363979482857578848527110599558479096270893313750002085208235120376262 1.4672041357290731624550450518194386778007104832767065877296676007282392063533861535145185056067583301 0.075017772237458707857599132120246671041684809153086399055181032083093301976723416872212764615529469163
1.2662686766651522174056764354324791120983789188656728173808018424163668190687559541184511393726550431 -0.39990469483677874515507104889969401171128410276481174103347715323768150385368597044709125563993880796 0.079728740696066662277382826771900467905242498802084541057286494021023983944606436886779822598043787193
0.0025373039205130746966162756880927849621462309305436880557665640449129204474427974101699681801675667749 4.3352112483041026425214204712517487883096078254307807924514663969782044217064924826048701821429337155e-05 0.18803015762458890147975695919438700610488929581174789336203433811750297239675255423120225732236306385
-0.67990238801024257091445697329679782633501765218618996956874638783676774206002367252981519501017335866 0.71429834530983955729971886792950762155409188665037512220454927721275979721390924556918691576920564211 0.17958115899992434046603610141980921157105180755059693187843655216479539498185150351771724652004256664
-0.069990892197682051275595875560421780901117134138517929655387856614552554330254143444072966353085573426 1.4379925140355953444327320798820691953493999338087257819916929357276151523367588735149987183098556531 0.16433116188232383411558317371134173248686435433735184768124205483785227467321753360483278483231078392
0.18012101061307349923204135644991272188985594030246902201755749709660142870767586536577434767200040525 -0.37903517647676829485937656967982245615855278498140014378535972543095586999650070938941673122767215453 0.11575486399129996212771367551283512606385946608631962575820038099821326286245404574247354318441927325
0.29728248336034750577031357243619135824113611709073099180543185866861722639778212940867557251126543826 -1.6369971622084453578077500280927731719123676695717937897721283945365715257748270676187723659383869505 0.14845096853984937051359839213008034503519225851942490323197094423709013540755157260331516189939430826
0.062210735187510497628337664278741417578757659175156449472515633324753570116896754523738772138500713843 -0.14131129521104752775221139856284954157312360430570339032998548766861586782064096112998763016601869155 0.16301037800700939047100699582297493067889458604742390497587938184181461065377912409275967776884833992
-1.6053962100090056797026016189205452036749133148111959684059860998864633249233870146488222019938191346 1.1567868682193703020691407461075389920460905883069213034219101901714065963817952706971691546708138662 0.1337335284602880052856383851213332755566179861757930367027505716535182748059249077901989525390238656
-0.18868448122199721430776446685326819078021888618446699348231454309095394223069704402967404869286877953 0.012738615818410626717282234949668468876415306111968019213611420536107359482333233523696404151682506592 0.1693924169472884585221192824946974326860318883652439526229055192910984688752497404471831554292129172
-1.4773150043239470012373707595880533111930956350741963092605643693708345652940106627451245023132805069 1.012836479227626554514456254961076461146992783047152402247120296349234187583233302024089530708507096 0.064454823455174492831183121937575523870715415019718136562169693997441844962876545649632509554958280135
0.17627533151324391716187246844058077239381313892617228813142590367855317469776919866581100441731374503 -1.3562685774581337161297457957999918967059557469210519138716212701825775698563658860606476508392182219 0.10785006096963450688619331247466021072197806582177998587778009442579914257762659309836177912498767984
-0.1693398314295623036294598468389001352960705258159062891147080175078000991468532792267217790915542332 0.25132932304401274421936957867742958902660513108804540117210943308338666362831922971125576373318801074 0.059575219115675180835815596372944815657511953621805480261136208239577013182532457133898311289705055018
0.27507165041592176431256935715569042714239541946847011084608809673735371315950490430507771516643328697 0.053926739103064617590489523473072887556849196516819970988166090093595040693606574215413018536039169215 0.00017268946122687694211827941554556282822917932973238236640035232228256285554054407746472297901617445008
0.11212792017695641606640007629962092950395890669212830469132918449533300503092184428471738916510923162 -1.2793545247865122320138143490725277934936100029292645574459897665998970423991529471058848907034058761 0.099151769033324631892765459980371952011121057775017298774085553866968178242952531892337586655424698745
-0.02498616710637937834018180543225546991154744495744688949854019543777992325504813163816882135029229013 -0.11834047954249002713228514617043437372539490941303645467893074567391563229075038768724636289816523715 0.091464720719970496789832187574370126773157608239026023312348792719189406171580600787866470039309368198
1.2382746121211302036241692921607608606123637637577588617757118162439729663897130314122899695207171381 -1.030420354172171135435431524710390781353462459260207619852500864597576368581154511159872978599364999 0.015704530137590725155768538482031557627000520635835761180397282023324106253758946955244145334108726054
0.71446961668245120722294040750405521815744217039221415282841843900336675250886220060689525394762385588 -0.22998098130546227981710893452841666974928042462777987034896773333974238121158993916345892447607406397 0.034881355226824773655665802928848468329010140089972980916518453567012042339919626561699342583333540586
0.079363744352662212582928704846325403636588682324966400333296076024997755533475081599278410416015308272 -0.31531004428253468552492182020961310873121620238916922526240550712415843894798017972601001646789017589 0.16278916666890901401251536920201503562383131901739060238036145091148198553164817149339007863435409369
-0.027203721158192926388303774580439094045618790861413839180620209828579678099567007022525196117022983341 0.0097923174095510182920330221081135524692511879067745204479096408543986824204366102471304523612634155034 0.16014265482599120455929850522600777119828261366617241985109659922530489003516903920444731085686678635
-0.041375808975518067002219095355188353809738789314077809382266101212668681363154562420835839107242747754 -0.083044041463805499914685114516436367253009815727864398794616116197704815519120461998280556731531482514 0.10422439542223721344507699368973869852130594527521622377070949872834856010204541180251129089889378787
0.8735217354649116414869181745919161376423193740632290778568489241545294903734073370089276360234766766 -0.19702216559119184330911194628970675556748869256769657988936199266981912534222872197755947358466867638 0.09257556360474856910315469191063501346384409817196806792376585092446818529630603312575543981268329451
-0.51794162288280154721333339857254881749616290281017126863260801340539961112431272214354189095075985872 -0.87409147770756155224484715486599674426044029126821928764209298758776485906999839295163166762775373342 0.15903437874358960174958483631337275351068398529587225761994422264653975299092800795124133702053712409
0.30983422758358946528835847513113666473075383229241532754346525380951072645941750842255486931619547538 -0.30172523846466911028015329818741933267616407124666608109665292192552669994057234280865509608921672457 0.16630389974962842275583872489078672412972707547345576006667745253637973762958250169455199044881637877
-1.9182170558962263575893409115588117018766806160485465359428503785123882694624088781595385553592343834 0.37626721346635087804102085267917873110735199554917311575431405140500211627398725646884900779190699062 0.012645562799661257418602565022702862647559402584585295692783022967834264784776558023820065202813513921
-0.19024963344659711893571714229283078210401743626091478852452217366343699416321394097479584807388551714 -0.37154190711266618434967202050400644560747023400925483500124129509705599190393162259572493665217957158 0.16042473626577415115022890739313513305374544482756667927476063563231276239732827220213921486938634847
-1.6365890193717539988622061670795260607351999741062095727144910337699927392935165029131584642705972936 1.0805937036303348580524640559725984239932046873418071357179339461424188691193618355143236135181124842 0.10576505791714579670258120863078661813885527052577562326033358290345133200429950977981676629132895958
1.1988159829982300444030042028494952576103069582437925462683108666879571609765504279522383840244699111 0.44077605992678827758920001989775829962068935833979331997902118659618513560668688017687967677188060069 0.11862782169186589297797535776959756576848398150775448217175958483532542335837648147649688199179901608
0.61821137532400654294570890902070259854087954741233279697146028573594433764244694767916752456946679033 -0.55787359721756042912834471657727596072246738200751592263052446471019642183032583763081078405439373785 0.16231119063784158701987800187337028981593021540950489348420973036950885994212314908020753592990400947
1.2099698825080477761776559568426808247674693590063875360938379799967686311256700611284117614208680344 0.58541462034050515491100911120891967249887637054068560641378692490866655762956036391159284825731666527 0.03927283117772272054825996871894010400096825903553512922405057663369218220889122605139065728047110639
-1.1717133466799345573282405561720072168010133964923511953592497549240822429274352799603615557255984788 0.89115612680027678204668465469736326255221650620998895667586004274358448298594914232087869681877083476 0.12606521124832901856148617476578449502777491491025284118620649337413968273997014049083881098318246204
0.081567667661967195365513164330219493944993467445833873212517577413456226050623971918481413729462223727 0.043196418299724352732517755117948117383262855485695092129852423318322186371848599104239077746847143575 0.086271654939597031281315775798230322701274693591563436130183195588076121572660067794434626485310737219
-0.73529102238005769075368436110940103162800622263844645002142495995895739570269992264568626116321058867 -0.8602619297856822542565627399431813988952893080719278516707574806628413664027167697280355517423285529 0.043543469313638713065567119526955291454871291268615694879099466209645470700718832414661203411098860463
-1.2206533642169704552040271911480000062517127454712842332561305406264605992783341618993898155693655608 -1.434430607113291738729399289371026139350665991131406627766953355377337950875894336053820482592767528 0.10576699346940211896157910532837099406039484607400157735160266770017880867039888676106264300538863586
0.032490094872389171319409191026113736102875210718085419147944317062993515054884478746596537660053644049 1.0918549413342637246779646601842233690681880156943344599865099862814199816114157507434842622462878668 0.029695725882362989423387000069324783529025837280698596269092385274220652894184188784116218859970635217
-0.47404558940344048832201349042821046994379835383752317731896938681681026272495902206436441211613288767 -1.2469033215750352387749879815255326448204219688149761374553424739535287998843462169875405866707318167 0.081313973418058565443065259567246656943185843209707984493587825769459132516488368605040595624454121845
-0.054977746603260675773648329248015466421864087237147838614653064072484327505713441852636752814546113533 0.12092044727831244359390656499599767766851935281689624658061444752388944454065087502601310078970457673 0.02954294082568795135209799886056698172814273943115973349984824400100330352580055136128775017694038743
-0.49395084539830892008494040073634020837642023883710527335649269774649739324040770552115247813840953755 -0.22830232933389651777800337015640662425589285765240207691220219291767353979079676873180408973735999616 0.010179783229443250953320127069286634920707372585666894565186100195955647527046273423113456522018480872
0.096252399576189783453647036396415195391285792241368496216339908962660685720938001925770066916029981948 -0.62431326642390338743054045250045759464145387337901458294290066321097330703018077403651373935065849935 0.1661529696861689157074177544031826306100767891280660989278854117395022970547778705657956272636350127
0.10987172115927712692330736131493885078050506528797012909212659635253419652151031735916301664731226706 0.33860647782917996381705668366088384720795613221175865724841170871541790911331199198855971916213462614 0.11010730438652012221341097505872226649123812132303481844430156218043685584707622974718460587265508887
0.50712953471630946773432258472036358847143054262678377649526785679742403819748512914102762933449709025 -1.7461573194423000019615451315332890532883677525021007931378889483553281128817442650004830459425273887 0.10580068570612595739838896856331586156879545375986167320179947557150267397162925086046021685522060203
-0.91565169492886816057119158898570180429368236888272737951006584063930108294689732086506695557386435252 -0.90586301316233590515000536378803108552355986926702024921482349236808635006854134441338361044820354983 0.14256775369551140214739034460639846621102319709547372351147201771186973875660463117103776299018937451
1.2036547021394053785420775455338405908062792571930028185123364172624606019789058288886227864926611665 0.86418533481444752959543146987451780180628830688138909505952709201614829949810013539084233145727919757 0.14397806420950848015488766237161962390707207676984626910767693537109697598714649043280883329018470695
0.71203296681517688316518590718807049754010053172314116779803355002730737571904365255896228284790452084 0.13605652956956075757928685110223083699034554180436198059391717481520400131757209962516696522531576046 0.14603274658557560306712885480583910169392875889156686596654641890107810637297959122053897963030278117
-0.21335545519697084234136332985111227601657820792599020421418347273239745276601079199500197209256678418 0.10367950080945198237942815873650601408749298806870395036783651923755331506718574512062113438433987982 0.041572456560759195090101062703833530504887429452389243533521487480358591497742575180156091387009453348
-0.10079812826054338780057374510408986846505667417110788602716461476473571855886971825363372526579672448 -0.10742231450054507296860044601129979252340685116500322071747793767583998874505772265764427732673811555 0.046461449443044174274819408790128221743697421173135162383955464382167998493917902014337532101182892363
-0.97599537584274515681286845780246272064347108656989803469920899308178173399920211844369854413659115776 -0.045946336011481025554001449553810047008054529832737788324359717727203089884653175021345702723611532011 0.032757228328880695777629927118108744317343080806445409903076624317559733280627535699225201477025575125
-0.1425844599334730751910562366601940938038208265014394691180293873219624598416804858558250999453031405 1.9278839612507687821184200469084391488358742265074901218109069072127215032286180111772017762826759315 0.088994137589104576425625130780213449505003716403618323590831505098238576468030008009905790579539262431
-0.068107347371484314443307313906344536233422810500329101844351421778628107580667890142300681080293200293 0.5632724507253306646691852431497546669276502625466254483845095337466970267932866598791634267364335764 0.17701000690950055394248985256539897924452619697426167249953239380214146479684504235615742230459099338
-0.53548422908611956562040034372278697465952673869090128752062240123113366035731897492766995055408412519 0.36710525098910107865929058179781454370796318047677120812410961921915426401118301191198934940594214295 0.0075874705931568572263008576076281760458808197160123728301699467289651513153171372566739085524409621043
