1.1144916459629233393689654538455439992051433542259148256061109251558730039117929971949770093284955724 -1.0860326419681389372105437790442790512681258907576561550988120788460118406674223747463003564068366313 0.0072276052529747980549840671748609010737536900342970732544391673543319462597317117786208184688517119559
0.053330408407833810594030281235390936548515507482880052943538058270105864973499514083445510694323951372 -0.76372668360889051887944185044701410096998054488942747030647039836199383714254825702004255319439305289 0.19333721998741937253500252828026112574250901407614577921056912473581517128534148707919925615196083911
0.033050003514339898701945634012476311120042496418408296209850945961959163903264028273497680852795071014 -0.059918666085693513803687501641594023686258631715529745901920179171720563629385519380036930823306494259 0.18612020929496401415217968719455301413317796994536771467288856667144108084433070430410714572896527973
1.2803311714180103906887217960894770697159078684752545633336278226168845165421450006353611971494160558 -0.065581504089883217711894525763761704373517345809960100017190691820592452692479787271378122834772635578 0.09676398728144625532557998045965017276750849042227863240581503930742288685626314940188342571083603256
-0.14539418914010883564475323547784096706295419003235975172336382538065505300947107735622818613990143593 -0.64406702592129881857499977514505587380367904584901897124233381573854342270690905638583728248796873959 0.14510477165853487788659330716613143313343080023352300788972010096914622658093176410195291925307742249
-0.21817621495763408810038084620939166878286353592113882529131661119314977289283980447489497435278797988 0.59167214270324702169974946903036500367543103132920215288130699406812580633138792103258223522505103085 0.059891364535327280256808598823927248234893910179563138972499426380910648570518214159878848514009479091
-0.047775151688460185476173981958506557066418741677018131043488793505314211707672613711196560376676931783 -1.9619311506433061018883321287686133793904407624319047685268810973317972078525369071286756478034575053 0.19306825236942828119302005316482205082977098910991803741468796608464780624454096504017250600078660057
1.0196524982491293072984805454239827700238064939274929990575843467473470753027421756049810993157258327 -0.84560983040451511972075823846804031944953564486423743540933896419729308872831742840271875667486769857 0.11373098178974626661812114107640154603018025826917808168215711239887353268847953147454137940803904676
-0.35327441643746125356417596256461556087036764264164387980467827867324148601429892817257467116582380021 -1.6679870457540823805423750357892534950515091941496489478868578976883560965610603320358279344468613894 0.16105057897114079936340150835424668619349172755178380132627149732207104160502389689925763352229517498
-0.67486868919961452311605564859922627404102954350907790892521407289954835256276746868100884233391887238 0.65232865001314000647718965090088801853605758943646372783342593242109117244072516385441817091371772413 0.19831198013177462704294651086505385456227785702936093666367426521772537098853000826375451930983340114
0.051322244602368512585870800970210570717407210954739289089731105526381112020544835124517587231792447261 0.65048847639946312901805865899643818345304026921931389571537585934096964162956947929980070999515262161 0.11313004136359443622926278538774558201735123085883643565656374470627256891120046311443888351977731298
0.13695880607549687508204442425648159097763391373889830079874948790306921144353184626616023123496549545 -0.46276487430206770466435989582704055578271625895422197636665565090641175195395268347493602169626776781 0.036332121698869148772718730075240416580078264739433485355183929200055014466617526217761659907769897547
0.10993854069770265600904594159779859464673179528916221142818522637671252818401842436755241163965003192 -0.015717260755025469847075480190125833336986047808363264030443062017013923689709618264186903221259279767 0.15331334709616615985335485276745830634823111527357903771553384738507824046460196749166722636137614198
-0.76919341443815549004524958324838727640864090995178597010520793761512144560866421330277303520821853135 -0.47544204288710516351832394737643646464418079864375664891028018082707133652878185262118789615458488965 0.11096836835248702534264782463044568999644373647382040913617732900641417505964494884267101289165207426
0.73723187317967426220748832836789899560886068943157212974941438161018961193432190585366357875401172176 0.41915161366719260384863518733562503960385672011387831067654567014138767639859117797490883408544435125 0.10678007035750886829596519906201471280740349046031648175503762551700192301864691471018446992087581426
0.64350835030657285853112576896754198886499704680986828362707857625130857788991875739067992182656292313 0.43237116434680691297088095981204208051346703545424475241506158703442427889031563394917195279382119347 0.20072069118750066087558396546103266048107249983334473184489595783381867916802088286026388492368559376
1.3787750141187927541738295476140818138747174706367099023967174943702784812789378127372815017311828212 -1.3568722201455647824987882628928900458399170236654821874366023023030524021683219321898135262988890213 0.14366079528254523924310822038673532965332452971181030444177266456753565641350503721408381761166961584
0.68871084637713101569707961558603691601442983344012910999434743289732450631701285219369764708304035774 0.40817612963992580333618830395144147045258076938556817143828663770318050170885721519335426058933782788 0.039907730723186196119094360196233566014769284777586416093698294504380411030677940241997108509786861819
0.18953999133122224859501459221583285441053216831953329425976396370919771209758348973764864511142853458 1.3524081319014847499979202934149223407377331399063413360471250221898773670476699238576184839400240369 0.20346445278879370436298932913077524020757784507460667008058044776450832698508134556997190540634345487
-0.014872737628477616923108606874174166835244178151335969207022386010368427062726464782998059545980841938 -0.8941452522012496687990625538402905083703935529211448176619542317882932189492974038294105088124022124 0.010904004270089856534557883077738640623388051057651626867773812610660552067135750424749931318547232297
0.99927709267362067370576433164470447246639430879587729032988123012709451764691855485419368943937831396 0.8273847150655349800742991794046952652241973009710923222869619569629782476577036614173935127863757088 0.076563696460380087269423780401443358949848754041923780624096369449531752396108593335663829817577354106
1.232658052109353401287726634736050577082918779271719335573038943889553036369417512540527904471608069 -0.31643537887947272632605138238598253055017029155257472994983598264399134622687260795954896954476756575 0.11869774189595565136623956133805182742054815783304336493587162633693647908087416024798053122468929592
-1.0980843344406354821330765845641159117671732112796649775625304430835664845047541420384019447275063345 0.56748512536675989224352638102645569622936173389614038582849368074279681103614794079236857225847564528 0.091791063066897627024498048857708539959743786068450207067808100573080174408704109058604646022607097966
-0.027794818810503457058053946803716649122499707710906739963160354848799513123029834967211084317609464238 -0.15296814163610157745677329689832232266851453485842374640228172726792428578570714903675225629603029473 0.050439577223193580195200726002526851685737462177522837004891831171441206833992394919355814081077680542
-0.50168754261816259928967753665219478796067196151369088463097815788714943608040871635029042794032366323 0.42998084581297617600312129610726654312398395808993092770837672155966672841088356930702802042066939739 0.16684173445804824293518010473727293355118794481608083285795705512034810434640992602846544860328514076
-0.0036300741966528550785326900745181583299502747992902898385157096477307936348066137903561226783410029273 0.033116329942099388874841600917817253573363245218653659711684675369754186569240578392244909108795272126 0.16648023305671272266984439696853289015602488398835437407793578684670621686450621682698213049489578656
0.088554153775066386722043177491573353135561817877531461964917220417164932137873721816530355619799451801 -0.15009535526302678784328283699891827062183759653251995772483067215605637726528750835034966562618467736 0.19646007027633470369938534429513966028649770639699886175082289200132729259587735794576966701363702706
-0.89049767158927792095448528282893934279377903294336701236546854987768733692068574965544348808397408567 0.69236389629208412924097034735143806916832398432456415479337912400140651566110691356320646764485365828 0.013208609128943882685799397552337018974956575824686358290387994973339927075574394449489082241388769346
-1.6671522994879743182780775064579919116716510438905757557772572410521129011668226015424823194676481751 0.091939890534596615104119499421893454261118638236172032504237138761372033195534953998098938693414002879 0.14861181190153912451243926568757889837547687865450990154185268843211045695061572872384852447986239792
0.002024265132174726336871629383018462649102355225180228457662102695586090301750138184325444761941543124 0.080266436691836947085298547707397997907614758848543580051606469202500267730772117430767106328733167227 0.029574039192569644213159325477830736136607218394688620951105705616544114975166618727418881587256882207
-0.015761034693634181260302895865014616316703981063348847841336620899351376261172530157715689782202764328 -0.034887368447031844748183742607837666526362958637427954013672835359836331691896004835395688730831844825 0.13085858872112991403185253974045280571722305419917754400084410797755562258755960586488776138696750632
1.4945005333809033686847546909149797187931013968714900539123588840978678109297037664821109838036377831 0.16245364983590746157175238060645694585959617792069518727216030275887111665315902992554055196877669905 0.15373342359461378571595542013577903391792464483551299451966861762752209631157464032054079333975471889
0.4842978854152836438029409754871775439245271220420265050338367095332441557350190573240567011257212379 0.1012750365780081401676870450183186791221263046796818005455866482509798005508323815771111644385069512 0.16093835298012325193895121725465650259762450132952090567094986253673332583093229472989739292334328873
-0.16274279083143706264012508740849005597148987859762746361423333774720034346288436111796677972045212047 -0.87904771940556644618778806126988798531199829444652702653479506300593283965995131421047660274011658277 0.12534551504147910416083139684015932614051804198771076376687603800942551567220889640765832154853716877
0.25520121675627695058600991325189939546922942718246420746611196200446826193619214789367319824580376024 -0.0044640436771718465162550323527247157097711073908976734245826160354915625405034596062075137213134636434 0.192514718171036363052642931625779300257530061411522181020756126064106926315438370290729498098276669
-0.29973819750309767451088609784731427850667764291331301842079890188198594327851424176306588332721452696 -1.1300490503332959997364099258793494623065931976761744744921154372083177990195558243252044175288977887 0.048582475330679427253236791160963074713667610996914245669775874688868670571533755132287665554941708883
1.1427777079300499941037462233929284899451329901988291975926350727757957079789580919984011186134157075 -1.4964883145391763387722698965963874532263540439440936113730984168647971433918753234872959844922735092 0.075184647844255909359446252799585356979236200497246329768687500701068211593412553165562004402673211785
0.10446928059720247994216988688708471161524349573519206716354134477045389429691834277280979021043553691 0.10975645340925603659507402936978799920453612280491884868184141087334066135996117984037704214389956016 0.058875777895699213189246502842550174383512866164482283680645433113360791200536461993266010040427795996
1.1347226990947303793200082457542516108580689223432178736075432414713307756675292772508135435633629337 -0.98534398404491384560580912865974831416932742908672921542188595098339185737425989804714039148091724808 0.063763953785649972968735697840368526504266749005450146129617160689198605999058062751019278812234237758
-0.73294735969522114268294760802015431246774314643120460387519439081363318918843394520240306270673259282 -0.22701358060579172664830163687249452090328296644503912632053012369952188628769369213157390024203076942 0.16607944946395413276114772741701258611676666080259649376549520675308460868591065703588276972057008831
-0.77197236017569102693246036772357707104442108073797186250686687979400011911566248530596938007046322093 -1.3831228734605404223116441588687267976353240692777489060298688489304573011576532011795891632983483502 0.05171984312412707501402988675438195245940381285722645775457045739585262047590718415549279249905414431
0.16196435228340542157699772703331614104033424976234718201737195845074452545440296545866106106642939608 0.16428803971536903441135587673624223011524298634564866099809461957757504746172310337467837908219531267 0.17227460132762890376631759467048231725951567559740296667988473040411154969529195826087808731685557118
1.214319207632018703396243277775369468040976826174906833615285745108395288053040047127141555811390878 -0.88610670524699297404984110528853053003688628628161062456109343656995080444286845323233017484570804572 0.087377236856934875124464409858208124900453477397277994457693091513542489726243612200661265889204050871
-1.4019403671304520070148987129976305626956414229506043942464464717584441024723894929508773507926466233 0.2840233125577826607868591226718381465530843703753515529629539104081456378595103093772646586318554835 0.037939903114050756230733210478849202226633531144881959452401710306987680182633659225700346212311645446
-0.35651062156240444874169537806302308799048529669286620233952214195081409413034775018149213326066311128 -0.21234999903637395136897793686852239152652118711884634990106150006890289160405758015494909394126825725 0.070685517693368987481862648899753336475812135582564911183052846164558295279924795939914178515555910951
-0.090213860033104992615136852521056982310724467299040241064490289733736178646808226611003265869326405535 0.35897232047394172693741437373108920128795773679373709991310690816707624056305825128998766031299426157 0.17531926317381270275511088421008876871598086128965641977783671920255230285653739724417627876824292798
0.57915724449764764884027769067374284920372787929648037583560748510942303402405036779223803741371117871 0.49916268293859822914320054760028979090205173707883936904627987232320162743652343427859124600056120771 0.12330452796544706404481038884693909159173850117376066176351963528937319371547178549381038043942637087
0.72527094042902743493440395677255513041839007342761113058186250463241443038846390487924778689928248058 0.47242922904003159028558127280924464574528509783417660053190863169516271173868972236986863387134178866 0.027520073961187763426896834774712721022403354081401101491227685979609459069801216327952875819215030851
0.75505014941806774286635579190827314198857488523209840911688221729261976663734319886258222472989210724 -1.5521232450102569366123555845069820270492756707475584630476947954518772710249577932624061246107378637 0.18888744454236707357939176129762047674900799743333120204582964791109817746607148174206818528437027489
-0.12597870543163586652001831497252029427257145311391370246729924865876457769936739915628326694821791395 0.55586743199101971354783808742657357575438718699945792865191233228675914883549178267775925565906244007 0.13547451511039826328669018343072392450780480814350286541548469484367793718857423086580573486857360888
1.9353122106611562577957970565103474454491534976277569997915921356355882097180666074257504712658653663 -0.32515384961100904729737080481007257787440300575083122053112688286264498341262614533384308215749404833 0.0082743124772466336975254743444307222964144097696130701661352338000835459628168031820111722695969048694
1.1376361256269824071480550117055747654428361902193225726331065321927247950260632461386713446257065435 -0.35978430448939752620304289769814806668853645534474191902731454722417656961293713477933739224286965872 0.049255652466112303349309862888049981826596177448103324421854418197536859960031832051768416031911515031
-0.0026547809244739518637092387351401504570970334586725849973421715070940012690589173095975173919626663446 1.1339822248449854652606379200308821766979728406342322425577014817950673133450768400063633475973884096 0.087446547541647021153195419106293246283700663698482820406121670766891784928637716350854986193344376764
0.89202215603100478868003129834479203978187709383170046369956729952751186770318457350707223662941691852 -0.65547882244689746479787011957999700444627572080699864754388582292158703031681299964960657856914901415 0.16037170071518256750313578785043757455119348289636003219797755322755639082841729297807103364399494169
-0.83204007696049508621738597787108265066453416295243041080735983462240463324596958746825429058038596416 -0.47110658625426894992575971605593825368377580782569200483920083719483105138687139554719115576297450028 0.17539257645744927279313168700752879741919976931605793268854094144827917420983046761523698739319347812
-0.074940370305248596310076190101580118285334539652815623752031563001771645196905024452576890390328138058 1.4656028228379089350250807093704583318235849718880308721533760105570270754217742459924638958544407684 0.0083172972210245220598656819549517966684953254200712217635321456023134675549126405054085212718664002037
-1.2345219431991606601490871726737636415682212312071184480302075221694612577141613448410563089933704076 -1.4348892354075269352737155298242967279141242355740694510293403209977912196069032737781089937357696965 0.074962565880825741246231786153397047697273204170931390379543125013226963199327628386278472491319992395
1.2038885229077829343379213006886835819096115359942837664213072195970388438298315593583677957955461013 -0.61267929427538275777646243659012339812649847063583802719019620521411189252256519809366980127184235907 0.0049998201890379117426872238423556199313971212527365832760239453009042863144544485523509340017486280813
1.403089150570370581645467483670028538892608524383675268608748994617994289861877734676347700918555609 1.0249267274698733991753820207263839812728092345998409062604213146714070463032788338611576405263699225 0.13679124229706075938859687948061302331770709575966029459631079548842250736065798265063318095178786609
0.51763152166427464125964451788334924611172219425733827791260111604414802514035865681969216164652720216 -0.057608553058382027720694256870340098523125058149952727663761297353447046675249721924656842383373359755 0.021943959644557669809510625858339037224447055266647687510666352681246325943516073044327500330724634107
