-0.60428473624102987907521554751834349272541608541714479049340186164049983900068975798633810138846598546 -0.019062212394407345290944921451911063722525281715357713477996147958782293717747261115671041651881993526 0.075725390135356590512593618250079391139703512738962318637808672232769029930852579604551651274223743556
-1.206422968438073084843463621883014949799594544684897200144732748587328363006721919118536662416821691 -0.047256457831568463692731340563012163398844119774783732990874932343891763455710594478539915522517151197 0.19502404471525883695830677807150731556345588022754834367867912938523729636251322092695181626105179431
-0.054804564740470521165185470717133112771434280812273370901517197546894090662030170283330076310585989806 -0.092832021852673913747986425703650815886412458016992588557470240689784411644081992403626136712473627419 0.02175820276280819639940121336296455719699617091267915371243289999659195732913870819029582832515454889
0.54425489049711581803697558478372744858971615225666420209613516720031660806015667093444764620507993642 0.78905471643168052699378859085513499903435726613520392097124588813197473194987321527114232716927053013 0.0094225741314620542901692628737720734756725818700045861591335189227934832247979008727065268595097930937
0.78502478848873632897364208327114379883722361696167218987891230782731181616793406876665614445432687438 0.70352420167664564983982160231831288089062282292200979076981865223101760795120347938077266053074878149 0.17253318760252835238376295251118924485435802330162511270612094696440891190374977953342088937862620344
-0.031286097427281835349818400367042368881589170056606429278058367291492783384558497656085915520348002954 -0.10007053975981598343135823539501535074389625732775594167033646893436335044895900666683247928274294449 0.1531213845386181786991938618769319130705843203203864042271897035691818596245592329594078354402665945
0.3411936214472760708689762502922466393082862312281060208845932362336975078928369971234120887804937361 -1.1390854067794402104186957822537919589710066274409662857277109127088030284297693914410878089409546934 0.19929155266967626761842622771074350895041989104564312214087293978555829811046035507944843173805706458
-0.91183723271635363021494822333749659918602998615677303313011721622791405361655820686015487405013542379 -0.35632222764897370694797635041358087303740448790175464495122803054532734575099642536757083104244343437 0.15216752232147807874454586759461397372119093997303697126062978215044664492897760246725782039310680515
-1.6868606631784694395910398662200316073682277496485701009700328982632553724004463228106722384588929554 0.74696417433569783007382561245383963569608195539308533567555087881549234335503254662269547575233411764 0.10720970163811110997811180233794807709989692861845929161610173485952639722905084311531281920791047747
1.8341400358508477306226165227200521808990743410611587361468753209321218804224985655325266233455549974 -0.34530790225280979804107314931628321006678853015339403632486492756866922673790384945898576611886033849 0.059237076040474799736445846093630018770097031908182991332863297451895218209797249017096559149649879652
-0.031403291605482749594420318465574758749930825051927078875660733145512882668361703313812717645113179679 0.503295210596112444348067504032390181230551119555364271692263423143845805425943591494405593682468967 0.16446524414181120338944696593212369391306803681428147635939955322177893787258651925595042496714127748
-1.4050728215027520635727513267288201994742328580226256112526936768890992354275065377130474276327598653 -0.91185057267110843296253456485911480397075614282336478073945019638976826896432104072512334849712942723 0.11085828528038753599536250183145313555228549207739288262703414611941961292809655193832067141823034849
-0.13633145732786817753308799630102598552823781459156300142914939964099605999538284517690187090772184777 -1.0281451796607962266916337824499253752628456827116660698613728938548067014629835636668749747010153531 0.13510538673826409874987453741320129910252249690630460145256562761736398534213556571239186650101261325
-1.6372845789587994918029636822215177097720910807127959519737622037513443548129649524577189317749247152 0.57419158160902201161344475865984577046848107628407794072801545288447920668877351063930995832599608524 0.064647487049507364212730577453645453524520705461965443636128623704638652298480714430363589483648521516
-0.053962520839733366711842356747291670516276158190825564846781858311573101134773880223465008969667801631 0.51056803513967140299358771557654944424841904088180996083755155829993261401459559867918854062621112443 0.01208005268840939773441589134380394691710733204581538752638574098382177093596910721730882018182763946
-0.75633381769454832421510735470927050770912178168414062003240501793458307436116555351162143774028772927 0.34255282016569923202217607547489938841600151770852433136344602978591547668762195403987970774657711162 0.10079782845688445304287224278642449507544796112159851436481484142919354851124066945676367191962332179
0.15134674248182081255113826932920785862000097482261675361436048712006800421420864487259202519612440802 -0.23706165484569935468500018820430765496222118129145975911968888065616366827723493068587420241781696642 0.017745136760674211705401878192423349318276299902583490167856595810606485226493007269849126064448299463
-0.26522863171217054022428664785584475654305516217369160160419420601648088448119442801475638509659890754 -0.90607268173194480911773116091029673692146693338470266968442146063680898168096968432851968384774157163 0.056133146669822206901748732589215666143603783458925657846747925218555036243069527382312754748276289385
0.066272802914610103459858244774691077919885422727814946602090081672246911010854215661803243926561237362 -0.18971792619097347196828008918384331299335423122005094509232461749465159086761810444944111395854320574 0.078547043148595460258563273976036506858836158804980396516711947801638714084859270483286389752602165683
-0.27500591049953605341516851929960881659176290118552447700519021789682159848554374235120608641258998964 -0.1495453127585446013760712775464957734189635896241414612261522359235678096186070843025028868253015406 0.026640535674680065766256514751568895099892719470955604138664226846425123852036391831912285252664316931
-1.5287336391025682444018447461861800751387087370339955404070957301112344687839297490467807612631252238 -1.2574669629231474302259032235427038853494686825114306694466997741730210170989818086805134566018785687 0.13584504999503203022592931577646040503855055727388600971287053188212904939885866780343972673891671522
0.97331698395505597178311649279770734724925371144967491260065257709725688323396518551543254134713821444 -1.4620096753908677171255422643436844393668449179229408945530677210945947781432270194255934235013157072 0.18800237319989828737655579516303449484509110116406633218568411996120992998511625573727834606350046704
0.37346208057014416078998941639359889460512820350604466827751761142513688881572694938057415997423512277 -0.35711199343145549403304195467127074523187050387407726526596118016436651956846919321363509824940465863 0.037845878956408118679259250166229583643055540839042603183092553672814827417036464620610009360167532717
-0.79537015215539220447774524593158920806362545415110974347101970363364348565980304934705585268202179137 -0.48220252093018181917737606803349037200334869641999977531967112266152632836026016122510820880732811008 0.041722640460226756909726647925114467690865526834447253707484737131497594228632174264456561272058045801
0.14522405824259138703815782369582772678568422391942845512924460189011273570115711556505380246022386402 0.066142071880339575799779533635924134953282228762951029863430284219958709800279608351984986048468103013 0.20333055448035936335976185791873378686292659927574719760479457292005100766832299343537026468856895759
-0.73815126006480096172139625106937437479625094216013568989773133147594959644772843228684385986152675199 1.230256579758547218720505331882184317477556429287062342409320446956109837216832698587852537535717365 0.018943521937307288303917058393288488302906519463626656582701504649912027440077292551047446401856132367
0.35904659949029330202932297181974041069600334557586475224610274167883358695282120955859673638447688235 -0.31111717129546860459304264867033571503820947407887930759056708029105223207607425774158197387866225756 0.010521530357029171546274172982315191122657201368842356139757387765381739117261579665672181056440729637
-0.015904029168866350342180270724487982929205208459927441022478968706732017692131773726587475862104098039 -1.0805146604053398106289819742258676627657998772188016319396274417487181727050734438374576163168797605 0.096185714885034678508168638310861393149016994427135413663268180150825120650986187542005237932458400823
-0.78952180945694471863908332155578060257217916505068965076978816125319363040407552618578200425179792762 -0.010535587021024142796035499057318243817065676349494992934146381253566619159253264593562126463862138585 0.017124161521389944766371192078487036974632778342760317296836209220580146579578291360315622637451427744
-1.4337319029489297305256978431880192700312462912675342640613265397437843065469364538345989237379466301 -0.96151803078434101275132639524956732794165862695338992087610644374328366733413833134920584049276866399 0.18193678582950715769528068864081505118097118157252483071060365488047078403340676311475579551889697114
-0.33725044517852728184263250445817307417606221950667414439649480108306186192737045522463191891057918385 0.091750518576289661242352447214027451348933947608476834979459082368333610803191500803767772807964120768 0.067236855938096363647597572656832057195927469871619935297454745328784621188382542934136070465951537285
0.48410919284103386108707409487808473332757587760150787810989803498934796007006798141465844949978891644 0.25015278808702052670209664984532662170497381790949545440767905992314821280820112730778220767250210193 0.039053489071648228856546144044526248730454986108210296333091080208989822610782242648892244493819577979
1.9067206080408947618235641604293262007804123011407186481725314693899054714242255840689121975190942555 -0.17421753428392416578509199108971131726253757485884369975678420146914117548249833993597932445509263977 0.17346605413760717318748785005142614502222627735191628014901885111507098810930841300003455392609906793
-0.31651331815805571030110580613413929817087663318891546775305083035372783485567621320816011029435498666 1.2945861292243270916290503956607133817638371976038227367786828798452211632774588681292221225657705726 0.091461712088111799519635325813783629547984437966106079835049754456976464816044457505410995332641477775
0.0045455159823404827212598411506261905179408744265887270965664779953327780922572114006172817767930583005 -0.018305191149201884017236069005800332033330821630832190542778466740927952795809133038918972142149091501 0.086411350612703481175560091996598834391352608712261256166733163246637569244325122275678820608914587979
0.64091288529594693484476057812835640925496918940387153470621753811305534655276976416241468062323326597 -1.8448184009718300834529534703792217578560791328756372086130042887565256461545723206775652581989719331 0.036509109870950965766374721592706942762906847153439317236756463233045456946400646394384469364108820513
-0.094029979884574564529001391247860042451001592631468921995985878818368987206941609739779563421434943924 1.5282100825749801613711080350304857458967320959714919305073794758591485033833329752896001574863399068 0.072835521830873488637362423969936598616560590078443310492590560642886325747836566318918898133131551827
-1.1534286945926672169304868584926715691676699160625601942429196881816949980151281017303016357526865931 -1.2719988297396536262400606575380061203779256547009289079455203672615231650251338971587027401409264832 0.082205544325116657117538421148873242923630783457348461800277286462407432099501205201225937825597432093
1.1099115259269314495221867333937618760681809248726363505029853254861451956931993671425355411266420398 0.23999090912030754377593902217484550813921833761792609334143417520414588070324180733253024047096466765 0.088931688794983874406372154839372536877280013467655377730397561630459951760827071752751662190398633427
-0.23766706562058474250455188226065474184219718637759147189189039782896042015357867776134576007709796438 0.21992820865944592025234368815353666555222667484295773562998365215117267973979189813051638629129518072 0.038065939956920801770112501220133665228814182209759118756770772516147828670030849470557057983488395455
-0.22436094505870644685420790152746961717469942871528349327841895096658991860298981876967509691684080797 -0.096332372158605113966223634966123920117375751006189555792035546113542997059016118879326750202655869673 0.14617913750851187418529586680476115104092133847315070125238162968527994843773993022693314005829101824
-0.21878824199623312076812696647282672556497590636960777862283082423257178388521840763957286466193015201 -0.19933388258889930912821112556169999667917921504962729939635429851496408599648715962875550437533951304 0.10934230901951575230288322056590691982898626139701264299336394966361394225035470707583395184743848146
-0.10497829666438293174290545929602162464471974020272828011209982577310200266138418443034369453901157776 0.4186781230648369888740927659216377379947882467161991669612325597372310567836061547350862089952196495 0.07695482275099653154914451429338939933395888586023681889462630050029961913210806641586495957776135766
-0.97824398470139776442989561389829743681932554839425124394299553959503714564283761944196471110446700639 -1.2050581439315264149778589891021828839414049597164781187005234335118087220321769595329581785106164961 0.00021150066450568346597427749518454591540643128760349696995901406466551811103277162001882626310467390207
0.089297388998683159810686594327855618984301717282312308532321536591087853065845331866574812897656929956 -0.46687558459809685094191084403941584131037020405953045898622917106385421850651244518570254143651078712 0.11160072080603917498659943991087997299868823962771005002513087338930325760345700436607979524266655827
-0.58898350652020386213570656080657319997410886248261138513350152022933453969839930477183197177576151415 -1.1469266763437772213356590589393456031714156278818150709666481024924459752517034011353799834325119619 0.073016772970438287942527406584012560835792191505405475116154601166294072707785518225853612033211160611
-0.12725735448585726546116548905563714578639717959938156562084463876685258466205768345877143506024350721 1.3392757834111451731938136742032213683468233467259644012200692565397571953444068596709514738004530052 0.19098553760159079334546158340129471671818287199666928596018329566816361657368657400345660889321957104
1.3825198528151386815144147162856867161802805363635880716094014588275374987905304706924644861756290441 -0.46482610678306914505588436922518629615776183729381092994628900940269378247487844810362511037917024371 0.035063138963137036060500329956121535715138305541021846343556040341761708511358208585282547134484496887
0.60473618556581879148329187334771095845341515096004655089769144710231579120787600114157915908012641127 -0.02409198277131020818795245572713142232152952942007314710432752107350442799761303057022950428571279997 0.039660684750122197551952288801293246177844764472273505685495275966740464220425693412875758924278858197
-0.29435379003567598360172748712593782448280585883382761364752701498100175611933363282161661823945245049 0.0095185871555653348299230552565554877804701058708873763929528080491086672047736506693194446972892345699 0.073388291826501999531988002794315749560217535800752579849359905224400412100032790385238462048273786352
-1.3654419866304022325936266776230000751388641707962237399770728005969246724116478929725080066398094729 0.17861933233252744637571253393369054815997045457593838378423190589549351696463822079070301601228852792 0.098883132509530262794184883120724713784953783672528880447594720757733223273089927050113852277728991782
-0.93613383731113863483118906202661347774153797594774583728212191194088116587056889497267029634156993866 -0.4265616905508175595803140500982676580310995758655942518590172068908962317251632482263513494509038182 0.14732078193801586243435350350286608548510194237211522057936177570197819753899534592177643283103737887
-1.7326367519753390809289365106369148045682235696587801412686293998065319592385108691733544849375709746 -0.10250962699098195525949220378759696269213063424651912308919043584981709275177926100693563835931563929 0.093124977809011550422477032330434775367298794517633536224440878646450326265974379835456139614315518271
-1.3843425659066531255054557976008496747415465935108789546270816410542431297911819444623385544714708745 1.1886884926138525479592232049479762823648764768597887027214383408132663597788373347406496822326404207 0.09598955787525821748851794436598042781363298644488923117033044841495619120996637996040404992648376343
1.1016690133057801461290715755857294774318069227712073339973757459050465813105843492799977949332666672 -0.69134767136379552275434533636861403516150811985060486420625633057881020213934413853570115064457556249 0.051637728069892666951993234138317228857535051118927606753373391132052744131365659326981873771196954046
-1.2352168218543661187576265081265926630411365307617871757470133659662547683436167059443542515911706454 1.3415848568563251722336539221210938541923844183340010588447977850601161228487333218685781945315474236 0.13934922518152067767323399328781671741922166527644480265183146630643118034718526829854861625197707956
0.11645914599773334132601130920007111859788354813279941179144392986327812491052464947898635770081690184 -0.10621451385299168020480808053854902222674348138668764154923320256887861008708088392466797955993737575 0.036383665318615830162077855170905963540212254602513143462112717747783521437436188993862013026518749199
0.604717131711855983551554771353036102446933509955869804279566421993237566669956683385617765447873929 -0.65088359050556174036062609456265752570244804203026069942854758235056338728963984852388888835811110944 0.1176652181727474257201886220523037103789555788376665026512122125739038330807411798791053671968391649
0.28164262766184111327483118847149999200648289121592556993542585307318169208787808162706859271777194283 -0.19190997782569696414499975370060698183116420064589925846729680328711968733059637907626073969564952768 0.0086665389043390044787695662611668718673037886938115834293958139271392144721670214078111193682608522339
-1.7960235614424919807963238239536954746716199939021688946028879792943768195240622874680852841100926249 -0.54913618411292102210570047747618457483961066838175550051126015157446927136556212276258251568596459103 0.078653409526551560295679515568270654258688395322673510696081670276237937077746167615317458186676097526
