0.91721069948326405660526410233761924959887621457433876932305547906381509681848983688144521739777203845 -1.1444568443833339482463690301373364523009187474837544249368153981704655485528408329447715436177440636 0.17898257509842877658551134644499684215864420870473033844034233945674398359353131886630981558107039271
1.0152977524962504526148849814291681706195204510929299998607652036029244053626446278863720804411269 0.44812777180751305540485523295321486295538109066637357638535126655894769241454633406519933871543143191 0.099600198734898271887202205204893137194690118608139430979520835691775428673245633165751533542776307361
0.30899614855184575128797089060242592002971524469015844950286849990443916499002123540644669594302612763 0.24945706377021164654270531612051991004356452252009135262980944625662341190621551905003758526905973942 0.086124325665250495041395939954623630232833756267632435250431276115798670014847120034965759805216492787
0.22847996471571087207306998492030663229166543180913376782519415651111316039300545508423419836038566593 0.15518585658644043682956637660858819086547587157260647196399449115718954692372590614584442916460644237 0.20193825966848910999059574364038681832335083246857287957247134508392030558112580010349917029592112213
0.14801223574021667922139525442195718469777222330393611844487731107732900014198980131707824583596774964 -0.19561909764224783031986571990564649193285679518509127425351995602190209080985426251227335295272409714 0.074912066605727781646803622017648765141064196409479062648128834177005086233536031777686055765861762043
-1.0151845359614852890936988980915092302468030936648222033063521886772919287935714045148589459279584968 1.394794644516849108143204251216746776508340173759746860315286425258487629438541454059664552779333233 0.17984434796217313926226359988648928342007162402588901512049933536971508222389047640484158047354602019
0.07654441600822816242104253593059125653801748159591211830403696288261121625160878059502800395883954072 -0.082537084471774878597295534346414149805371418056385577647697085316788601617269129716181375566083624415 0.098375120293346226124559044362580446496742581390079789548507361740132806651670912532906986914652821546
-1.8946663568626340012732375783807853325411866899718541691665439503978195210117466993102085757885885767 0.038335205606784906210172499487682264985342244397453419223431509056330003303017766694207374032410628493 0.010442821162133546208009408053215080057475269394506665187869731497833660418441548577959770769681221837
-0.12590204804311138683202177567394178791500436822293063823879857392509851013218552666757330400517204366 -0.63116202156177244496328325424918000351685531765472952189558532939397223364098543875335099295734484076 0.17378411488453132896438136804893872646082939085601037910715860232454163967667568942803988858978438623
0.4726778888169406559783024482099581090888523430009459921260884827360918348095273809298069007401709874 0.28526893302556652056868478357972187828509825687284154366031543067598032442776473926868135162656423813 0.19772714457583009961590696084540035087972067808968527945617181896195828045879766540050032408123999281
-1.3880051125144479489694382351823218489665076905174009626406105494099719575401478778915427492262732367 -0.40242051691073409198457094089544056351538040829341743834015482722132639896829396694207426799957760474 0.11346410207193822533872486322548944509959422584060509954950810824422838208706588052396234630408416497
0.054025117409789036861094431494572996699597180563940067655081409826111985120072002941938300515817521803 0.17070091241280586095298663361470004501088460134719344904030168731272876145901702854737153423383132954 0.17925483125104564506561341072553887207773150721827708895428850629310764948616972253577171415656022365
-0.014904608912124250956915666635645512492738822390690371593092544301424830865156022804180257074981891082 0.63240366334478061534685814211589021969317704428331810191001741999761731238766119916101047252480077113 0.0087250760097731379564478144776989006862804592199920700625665884155731339460399674833913208120746532356
0.10579836745181975173986896597055653439996543370276796131510319285535736358086051445305985294759004545 0.060185099551979027981226221956914576867478969459880217921591622853364340416371628080330537468486512507 0.093376160055470582623120243312885586356431041172938478164572654958045990089074186032625773265162994186
-0.089075333579833998383015266516406923243631473673929186254228789852850754554051797775941463116238170356 0.35344655396063540056173529222598965425943924591285514938616602165613921556528313241312912985987294279 0.17303517820300632282895217604074043787491233880858623436983813678921429540298585933437192060301668805
0.96367900339649035693467286092016149666416834704615763501801054174429134122811320845449502769224547495 -0.082269559705141920325238018493384944778792712625570313805081876229209553603839861894528267144176568879 0.10661985171166198302481680516492502496508725661702670270672561697413622663202644908552830039757764654
-0.20659982114174072429592743949802136213849484416220408544123463046696882173060987437021523725258352336 -0.12010096890409862509206327112503639981592890000226872227577293173957539194637942446182257396176439033 0.1044478290535524448688203540032998064451305096016648502797712520722757920247712388685583585030194548
-1.6227525985127277095006915972169273146564454286576454413809637126738176281499966749992818880931215174 -0.34636844629775697190475884008716552937944758452880282837984501425763450022059908709675331627526189414 0.054803729939499259771309388290690081843950902200713027404965324470151466378427090012504237880930233799
-0.71981909335181217280356414630793021284321833874961615682359945690621558944852140823799506937243512413 -0.065691389241840083725273198303841433085451401182872259561482241974525086666033671193492200013145100175 0.017579407999150567942695574440433152840732569448819676070951666319866415397254498942207477151421417014
0.75666339824630378211740210152071572619771781561557841766811278624563585754269045979924030698249644481 0.05655933879002947460205320248455408272552404320322634278153231600396945314424854556830794445654242037 0.1245842722882457082770753212391404148170675674757512141023185096125131633976116930286149210073505346
0.25682436427703073600116498357343539279643520010850430188989669964904760072553291709183882526423560798 0.40705405276173764066323886266038414728000439179498774661971371801022641317046391494356126261972741097 0.20002061140820852715941291041827968268013003173382378555384185820781332389419996628349427184720986876
-1.0715198750487928464819113459942993600304230241425621287718091079745527488509095102936910943159557001 -0.63209919684071817895498500928693701254434985976146747824423121139765763043343793990844536271838173868 0.10852382356498305580980219571516331322049652946666364597621987942176558085096515393700182098868682822
0.66382048382713659224992201446990974890394542049136683937202507171575987338649466444005146813915767746 0.083558210500740925272097857532240540936811439717634040393733439387281676279855082775637333583527970304 0.095965791648655880909769944334798390981019779754803610085251499529126468710788772065774020182792965688
0.87043754468930261139189179759575523672117914496484708233249709804896528456644122354843875200730446078 1.7818917093926735760787243087123526097032163022657437150379280590733229436903279935693885764023942292 0.10497695767268003144221942696573764904158110883661538596498523439243699675849238466000935037633496731
0.13386251975885000843397750110216825940829262824306078320831183764615641615801784878719541290356570032 0.61012062627753339652220580614320039439462436762677478055486615054927064811795644995695195599663965299 0.027778111948355466481870022023570469214983272486668024089055329589243658624920368363194207101911412704
-1.5405429582428931425426486012663799213956141568803554640777768873614971827122945872419072112391970341 1.1329054217045828387843767689699890897651629141905542156641258978412989628160046705019475782186218611 0.061740340069097022652616623575426040731060023380631806936972563806767728965789877704419301277186488353
-0.58589391089882084073223604446648482049025188683469520523771798594225746163249388394400993120114480742 1.2326490262933226177835087887541798722288919802626122880983593318028227133563525516419119289666275802 0.11204260300920426612291874387223113715568843914397746598669443627580267022545306872169650690949237036
0.21565577900162407177444917077173553511938792878668376875096045356403113157957864487075410316163535703 -0.63304788224187513885314251698801657240939914595409729336869535871548458510861724432782405293248462216 0.14867746771607624499947012279038925385106899981060300039172287768918682839197346975210500611513107489
0.15184152607448498385910959599373961729021200105133094460680410672601614548331684727813130594567717689 0.02361185607861752652583883107979605999791449998661246722031785711576138092000632934861844811695857482 0.13643172363664364974651221096419750122558852466225302680590523265646162156571565181163760980198465502
-1.181290519829005902820091625974492415843682243548412228329755585558460992344078589741654148855658726 1.4695863198660743682756014047027168866116692289173400664046851590141769387387712343982235385550859036 0.12379249717529073971935545257879809099768936850457086167036467431151649702538384290128966763272566509
0.75769841386120647301980107143414674744790183956540378542986987823601754107759218527179987271227857918 -1.644697223477747008069703159508967384577455907893311572101356769067822062086047717669344215363702793 0.14244453806114064957390454659021981221971174803603831650706713947937246105275595123658539898712405467
0.84653548725902403591252410773083229880120566581132795479559618270876772924168217201156559350623934994 0.32619312431115148391387277788370775110160386141528955187292342849882460892458248389259550211826316535 0.10655999041835840856894235782606386773768105839883097712856296658600603385501406210104263660293473443
-1.7919655219446287440198617500458205457697346313139015154379923626551047725515410763112061603967399593 -0.83960223601720814948860753601687590413679479879718340885418149362077216373536056937344171047773858496 0.056872337384548462558363867044888135711851085725096756767099933144120068427137997648299915149323019124
0.060977801881049410213114398402694218911141027692920842924049578484792214905643291770357326098889334319 0.15335393491472310815449511794870013280692857831551979940872767330316223735364859764991867338210857345 0.01884308255210511359733353416350371137886273290262914715612199233944074542619053579256604588745819864
-0.4423965922114829826604838791661736227832396352725523031132143153198230125962162768211410163362793332 0.18054539559863719544198273476193874258464408289445882287936863600957591920219159921536899903282525454 0.022373130347419681319623647980990447314981437569455141767007487608902601553901410311968437025435428581
-0.24082367021226927043871663436271983405479305768873296994398791827848234374291252057360009246836953987 0.43663988105983567467833649855101109125606756628965925735686314002897376108004322450047159201386711919 0.063326018118455678226877587716483258064169721105594831059857537696245950729291423264482990531124837726
-1.0967690746973994079544917671047912881835920537866559392307337154848774531365267826491922992848511126 -0.97139416528336879529952263898751874633096462020558329071425210275825452854908841249781359498733024816 0.097653431585560950743376959499015418901077672003014240810490789586911654572135914846781596939252847426
0.75980352160723890299698180277731545422088623902849024554624089610355209353910690165320540009773858005 0.14497946338793413421352678622587592227877106562253652901060944595415941740061496366933569334097340809 0.17588568381274774481258920425219787896543428509972971633027535733803815678067327695668505299666441533
0.19759992153211335429643087194285556989811882350692763864148121569328827409373228943275743043806377942 -0.16704792951618841101619138080177973031340694182010363306533534654479682089938231421767960758111986159 0.20774056767232562853249476898661905712889395045331114117557092559529396935332745527614734755498037119
-0.052219738927298806849779243285581169729794633843537217339761159935131815864841253467067450076826832592 -0.43850712073012265319642674497786869714386393404564624732889792738082543370813785064877164564652080372 0.10404909959189366440650435412787555052424881857131349464693053473605800624861816482302639988842115137
-0.10621754849652437414866057296582131023332788276891476238897242190400906002460219623984010643005875119 -0.67667850616481574026906837401171181469556958253280693214679218458456932914163558454404621684379326695 0.13486252151492084655653907056285117101299991421840511335253547136329385885811008605679343284114571262
0.13657777882015808088245787517236139899634408178855859678772922608784642419026046290503605250293625496 0.58487707704855474648957134947669787892053564532149998826840362958822705400282696946035945949085595982 0.029454529717986891284527904303357904896096883939081667322590242394738454542337908284184426816308872989
0.87398746471132916495393391846321986437745947540788137105569632203046793391661848649009411677256628943 -1.707933462284088570195196990927122067527022883011270761171271730484887452918069805113840214776318834 0.013632006592128277833449571691166962947138992524248824486909675673404303873830018256893163556131223849
-0.55441057555277610983963009653033170425243892593791678873390620305047693274204251734805939280940026824 -0.031144918188944248256746935032299854456721472041174997479757136044308257155616397783340387807011063866 0.18943818237196713761351999997430060377312498468310958740687933077913406821135905177510914962626826889
0.54894959784158558245763432899762658029995691581198545607865527269536710395786551923936861079922015325 -0.91542711657810582261750096146826705167922876820019802347722856256788142530045873294500722798971502118 0.13780234358400920392581471484922294550559491362138571766718687196704273920495974063180300200816265953
0.31599705688389557962127191088109258207512586764200686925790971949207257588428449939122397699964519021 0.99887146647767518731041841792555899794045753096720695668583473210046287436826335782100403836187179527 0.12127901974270892408192779553200522569809943635995329965874899487732008076316899393442344566913567877
0.050921733545864217573922669184824058218120286960027193469603410309617274354911966414487291284869873737 0.11386280329606012581696165567701200984675578951837067307128466411375172021560375630423283696370674053 0.083015818253154848442616398859780095346668037366950709537343433898004093658800199063086768261259290411
-1.0315851085062466516568680942782097596500460607236030631077649507133671916426782543374737062083296231 -0.23941738834968863045781495299120913562072399061028901519926428664901395630162315170817670235097411479 0.069050798468525228575425891268765207914826663795095358747316966582658304901862317137038344250693173243
-0.9404924962359177219298352023533536715705306627913823350503369817635661838032528024859221024521328466 -0.91212849963931513749926227252804285692729621186467781204401132398470179051955989359482717105365159348 0.17261385708265403248728151361279087510210385875556583864626978001521235696017152064103660377171351826
-1.2071962542481665231965096421967141654620540442956166722226663270421788072295530718620689683586969657 0.48787581755919990237503533194188801844063970638792087156445563872760529686663403626560640108892475004 0.0079845381788710383340701832360490119636212988869808161056970850069671594183738158995324554554420740333
0.91600309331928686000614768540786358712966544103481462539684623489256581455691835915655579034733732485 0.7674220640007121542464402969983935973437655605123860515723229734288042180580974898783670167006127135 0.19952430358517948831781147787991171009285948540367129436306187998701289604937237478324219844455849885
-0.084343503870206421964947876856563193045586663023075504313881950232602671069694762117121197054338879146 0.051678270239371460364508581381934382450049653675466360256379859924532050144680963763151575651577583455 0.025788587886873570577752738018394116657499687025343235610896310401782918512530410060397118290760531249
0.46322045874396958932770403473420319024373130988825878988011606132754864786959012912714426706096021987 -0.94249536170588044149669686646976471068612083580225563698406326449772236355683811603425411335177322166 0.064560312060328262234600750632945661115801767216771330678066187002973228156653165440730659909807629039
-0.96901013490675745527421460891272761362089654587566708148515117435030842993501754874496824653841716495 0.34899482750357336592062179184098406811706869928509609253329737074203783018223265230901799559771544326 0.027611341718179252159649116314024729830124357227533849575750312817795525270461285227356979098159576242
-0.29224972260693747158463091598869602771073420188457122669952641326487498496458050721319469003030950789 -1.3302006242947453602142953526574266103865813296551321078092312282554430685115987942001821602192167808 0.022140513731898744903712681503685740754122427753642702134176529494803066864568473500387212233608618102
0.33609718215429785380462780689591266679529363662614924982411884671782826721710997304880024696054584385 -0.01764632859188120120003493624433564768602227393850332667438097432834353357616585396427477374156687408 0.19228033318117774342265712332696318099537151974643358879073212641319273032860534529737643572167307683
0.22426385474354601879358427958899711938391559846741016857165456336878836541894369224795557169422765249 0.21742105584982040601099731394630789282233339704255726533505365655165716499406509420650274434835755446 0.17542919255752495334805885017014775603713699880928338838568069992649387150962529434766157608387444982
0.74984063528288359289730301043260106602795732208735901376900557962874209375666325630613456550251243708 0.95417426691281062579749690946568065390979681074121189116122753377412115501331977165310370647000172085 0.080369911221042164547390993305785627773869535273933161116003329430812623347800768123411971360368263936
-0.07420347856250377636646471943896011161236141136825574180647203138146909586979421987345527805247800676 -1.2413000303702543958422493500415060278070030968121916734419583604372780417361762751161249329318148333 0.039798165253811498359936408577948435433044191899231673670165333367445244953914129055013020745479088221
1.1767470987942196347607153635209479848115801348872449226455872233644707974193098199180062090977992603 0.014264843945994471722398145238072333344464699681407500886793909661682792963295731021186885261772680458 0.054182824896899711204043983631485760196490348844878537910875411445725907867994500331519839368810352876
