0.8441658945008348760697675265970061962357470790705881323518896491066974421465735410496384068979085258 0.14815646706044410314550873085379592605430807038366476103173136927136043749025126526759299536396918148 0.11039295704284696857810042910033191633890924297920145119102138182631604305031999064603258454289950612
1.1542761311042360692261977739733649040859658876717118480901691157682814853054770555701127842253841608 0.3060534619201649884502305792368626268526125644948799437114116914698487849771817594016724783335386723 0.024900472475789019862088107760973487417847336969111476648131936776870080173654251232226116659849798654
-1.0667942101225495270906682656679261172559229222906324709142724363782601765097691770065995502956237639 -0.94551221265026484060356881087241520657708230011888673776956991065839597676252283019378652794270306671 0.053324131954083229261391347296879973668310207447609164159335532702126251569717303514386596556441756664
0.24614258985038849174317247524971537755652936710257027188076747016130534686878035386695334250204218368 -0.28098376051884984929133063807438990963126563878207149035096606771008790343197402886259277125414459387 0.039140337358685091970002147518387098667160900430074465668662745662441820893045188520760126005799196186
-1.4912300314568053313790847164982357992475619836553725686181605533357736020963276315251612389542133475 1.0382536488132122151323436673912071926447480987854925317493580936159670579529886755527218374262887285 0.19561506471827065893630948958226018543015167536825704650327796008641315299136224899943157617486948534
-1.0149799854799030747967834772591290127632123578885547644180646006412282239489183862557725193061440531 -0.43144765008496198188040356272598486804180691134688917869782246960100562440232348385475498683468665371 0.20139080819646703985374084616960302991723761179164277534204298184310557747154295743602001743425037134
0.10760714760148326531321816105327504162336915808745670039728179345383880183014189230191701289006830574 0.06492953300066723007265605217606946495294407373851975159138021104819212771298992883922089152192179123 0.19913315639742442959741939126082163072144363911576970335656480136336792838571213297316624076235275208
0.30728144945390966368703690840500977852323846318572649267089858547819856726282966341804872006414646721 -0.32208340088466715681411898713109142630907562040590254681207127025458012169898263916955780655060612128 0.10879544554796351902082465551068863933821201986108617735854733240134609849608309455648566625064868398
-0.58193221516741305471915664737351855660709801326266538969664740867737883108407843183326385676854986176 -0.51698546149948845865606623355711416438696380771966308491794790327471186538300320736017485275186760286 0.062505825302442709207829653937168853749606615828490168137868086495209169833028844391554962278379198344
-0.87907024361359402947086110436131136747807912914872801676066835079875580772288058865913509902630033425 -0.83456870038431617876259937600827349362373571203996587804096392856246165266323180208944742000222871671 0.19601889766219329335080619896239016589202112670989502207405546796013820293264755318577253736717757457
0.087996743083097183525207332028652184029088773105432764041398679335600362958762500725989600772620277671 1.7289351721261499696757809670697000168617900822626163574590816324754534109227504195546579712636991647 0.18339960024088116729629485378533714595155122025307251550046418666803910560250079145183231242177348146
1.6456700683379551616270290551984280303439740600925817003740178851489377981623342649354174279776320456 -1.1050295091520986777354891560893596940464282775635805189904775377088368470217055841405771815019030216 0.036182218712482037360216809851452782953362867002869373872441894950444187989648224847166330720961829411
-0.22514866890713990238520811459082206495339833270969919397287714796659548530297217253671158569698841302 0.32235833094654850943604891327434578873807141481916979894204395495397670856837929217983618935507240492 0.17540626544300275748463505205718069511951252658683391949222406390849918160505610995453279982471072191
-0.03082533404742676419039585670190565504393978808430151134063459060342466225746289225793864829304843726 -0.098670267779061047641193377601676739140658691611021110854757298400345322010355337248428227609242974307 0.094895709535741679001346130315055722513751736472921316899678261363470912640325124619261711335366431794
-0.096305542290805957392464527347829642421619975047235169367606918437073951475984874507754326043074831642 1.3072052846529205080597881279195257006206957759492975363965795155674112177589632392116797614609293031 0.058782745456377848924943011753814140239281405439151276120293639280490354468806096356773403569891130103
0.45026952943810315355581796294318780282839844299363638658226500407309448226143694983829704945024409872 -0.2060347557330809682185383666343036913782354085521768536441348014823568519768332326434023221533495093 0.16847212291059283525858582966747217568420203842536889344939418007906006326131244094109152837947906246
-0.75993917146150131623317512826283381149529909644716819759892806462891724122944185547115172221496845711 1.2183951929779252229683906784574918593409950080806859186233083510040680463958498862187454931252515777 0.049590994378668042277912824156982616720732941736730284805210915187501844978017469959126603461730471677
1.1903286252104339753046300780316450939845026676164375971552666460767578232460655089506349957773787046 1.3871674263170395932062774849705451247125503820240368882313913345146193057288158404121224865173256225 0.20525181807373915076666378171057311606839007288316848674255878530167788087061394298533195398297577686
-0.012813154711684015993328195814987877167937089473328376109550243215972340683976070170262223301659175944 1.8837709942567262375940265783123825353774528135016416252543549881447035115709672264803236133733429509 0.069356045179671704421156037972191837721507915527787016724362199398349083086399027396429912034684011365
-0.65369956395973512387415500759823568759957736862608281287183006073769646626347472499539476949796492594 -0.36117386143079846956478641640396014247163376358670685320613764478285470779966763959452854779394732679 0.068707499451188548596170476010176028883209878963312154697709558186448656377515732692545765145627676035
-0.50768133357794068073482841482256336497996695337067733370369249764607738037193111116997895047517122149 -0.087533543604469022765260356936337537459344311601141997870435799738788127085068543274203196033074672753 0.19203782934122279194635273047562958141532825114808309937176835665169520339968896110390979796371377987
0.084421637848753940068573393461784301098895375202755936461082471167114139655390110574222346743563711646 0.047893621521843682072212309882403878292802073529368817594188482490735164373452244992782373768879030165 0.20059875837405050922698682760604518865594766798605186557808129911284212308116545391602259996849712897
-1.0043185995421800427765225280998192920793983779383306726568302133133394676936591708836937827059430018 -0.32629001136056204270437294748664156963333800998301948818053486088782568226488990129467058751716660004 0.17159035605526220448879791684104878376860334739921488295432885601526226997214889930229818209414656435
0.77760071824380378226845470032699891840752050712066950712987837610336268358187826691916279175374439846 1.1035820295711032530195500824066818118292049493764480415197814141065262558396038484402841678024946023 0.093609114299146469692919155906030812821555946346132908341090609899028009251109826152799666769151277921
-0.26777490678831519693227195080166112838721990363070413982245655764495706100375622964761151013378381218 -0.41011826132756080634615818739979324472364945626339755091647655683806503636711817905512913439375263998 0.033682430055327624967487145273279227732988751126249818543448045374788296934940851448357842924770437845
0.2019696805446388570146056828473897075516416640272816305191573312811045070772467933052598161136180152 -0.32953115726348362518876855709421724137790374177246201921221537327426188947871346630622475906076537077 0.079979640834265512313951751952106755285281818312972571396606899539198089023434557212178806606907769194
0.15195845068134240851101127576760442272212694276084124928430530746495324016785052296986042425811304668 -0.78099664483687209705024056827348466541503610618478339745169928690974839014940393675581716292355055933 0.17123493200474398585977893435434125743754890244988736465598993412679793733708014825616820503117825807
0.49218139793465429568933653737955482977873962475371608508174571263124398103603679504261307737564051075 -0.083892812458588933325603790666659116487683571740774350359638005578926424125930717990177564874812268122 0.030939687911141042197665090169457393360523262570480155954590642231133775417637494878223870697885109585
-0.59004540482310051921653253542100102251967807737076823779493798124729651829922281286877528876892900908 0.40567684826902279638911074231400109887647662683976756496844670673977969143186462159630859937129007278 0.091690523377163757450206422164320787224451123699457970354994839979200553609473116911141569377663712027
0.058255007286043709684102806860937322143228383220928509074499004234426697053092641612234864406014021557 0.030335188097700509612748099342338824130647284381195360403389768432607459365495544904613791185071547761 0.19526697896370217244478349119467554169440333748790261663590457196917153820215418557715080140118084361
-0.00062327553790554952777843341713391905705727040871605690987249696792575099396660137587209967841727043843 -0.13668853446294320668316924821189189977877192013724744423152791300247788096070917220611074883791735007 0.20620717581565619648570911156171068854042576100825216234314714549450699725453121186834659030842237944
-0.72075899827052327941909970988496059102614518513056216855395438903790314821294530096335258095738378913 1.2305218600338634715868892726425761165777302788754198747121007368133011657052394906906019205222250127 0.20421235095206481580387867772443830339931803742847716071283403536630897973207635658506672158633826153
1.0608337530472573101023203594502466317773229244458031982806503933853268407694524384559352847844393123 -0.27830121761203688481238856037391916535217090126267014306604515333442092878260132730630039810379129952 0.1364942366503274002338126925892849478308036124084944016051361698827495508480312106657394541007701644
0.23057789573504495748492207780846046518018378691324213821013676741031815487324662652831719814301539948 -0.39827925324028998045684414112008918781504532669651580972080538969044042739412214305326701157406692934 0.01337943079860043014632290714986393680324208686245315370447800372288491459790452277969142181993490208
0.67702171057501520092981604325249991117344128889999061812113811250079644054928246086105674826746980656 -0.74789958665642317940756691210119471797732516899120510681000438848539826839277665003603008079674785381 0.038380870502255069697959659836928419183071491202049965237395488679194436644009748640879837126073112125
0.090481390395247999361061840006663235689484225287381288402185221947989017466107649532896938992490844422 -0.13694884506029839030034739956616862038526333364536147046900104724584954231099040822064127278317831486 0.11348899462195126206601369359834866843205638820966259065080757712929720475580889997638384977301742429
0.047146277751205264837830212050228917606698771078559221185097432047162384375604964604818217470452043895 -0.60584215710758876673278787803245407363347163912271503497616511925532209660413122204715403998726171384 0.027236769264549994887347011699130977261540335341507249172368980512738042063113556918403280449008476681
-0.46788897607521660752542368433563942928119950215199539464901732575199609118740541656419027168533722337 -1.0892660426746419240956095034804769803014948380494332072211493335857652476417024075286025632581824955 0.00037136623054503083246100063539528357303550773967457137316613897505559882772223320995841129190673225316
-0.61990296953545708069791295189412625686980030476399506578412611143952686077086209761658496543692911926 0.71164045907007848327401030272302442596834326576074745186596748137261790297493106816324401324743600806 0.078212172483598960957578714078455666075139059806073298210680631478371743662642812012403740985226413673
-1.2304099260185447501584479444406849607242055429226235984843396015801272125115548548389460271070738753 -1.2776480083078038553214836500328483191198786054959377257807098113060087763574917521900958543749269411 0.0017037496312105153966791899857381785087730233152277000462997518401499348871655636084610372289129163122
-0.065191280238812720494407227253363775284564541259466807327013604010165428274055671824180326660214728711 0.019004427743938083880323396201095726008815561611552190193319621858614712307858829325749616751820769277 0.082560510492213607855125517546604080000634991768232432677102378998166828002489598445607834342151398744
0.5414652716439461264754067626696769557348500476378691531989426856092192457183807782766902479324496 -0.64111805255056174436570099738336651257488665025289714598474620804325969095155188945176261547279039719 0.047073928783146012714625155701279873759534765541384197919411888707989980975985286120719549652161460027
-0.90061606984527387225490432511053804076954470110839911425143908182970330991843871915744633081048709841 -0.97906940353118221607237139830806250698848726799492016057364783648165555514606610046602050158046950521 0.16254624041016600636296135178866127522088425932812039022903631399870594442417863653685958901393606388
-0.14008874213168857302221264927198782520803914529087922503928684609455476362361562242466658997331156978 -0.14625567154909571071288238728675285765956120945358149736916569240705269515981887491143670540720404347 0.078500219140197409256621087360833031714556194485129174655362101468447967594699775193904844063965818462
-0.2483271290366569233967114763436451247599839775013987871040023058384100422260308948608932409514975867 -0.065240859646153767812769914479055560399372232432097742781550471247086073777744168216815225932214574474 0.079786738754774547275990600317618234952447912706130710760942254638393001129888858811557383308525673401
-0.62631008444721551934075979976804008756758816273668919800085784591606098488695305861069354228350926251 0.2707279273201605964563876126193624569017808789432287583504204697775971186169806635873807436160651678 0.041937016695383616818858248952638774194874491236701965665616238098141469589045586957249266353282504728
-0.29038138723292065128611338284677561181949856518602782021888370508109301461491053072331283059516225372 1.6459534565541140460862071846381931903295578124847871598802815324946364483094742813834798821022288858 0.06902461586236998831791000571576962700440989609148582908916501146159729020203525659196629782130915726
1.9217986053233990534772666160105523749750074694517124255020200491015183502196401379717200443118934293 -0.023378955565507760795550909632699757382975996618940891072671204583715624317183018286231344424645687703 0.031997080843504372067510887172199448776664990466450420959889859153455368129224602178054175879791514838
-1.7991430019949268948042241135991199302203509318441019392687424451212948807815646997905590089924862362 -0.45438151864086178479943529471998794068614813301938839307844284154967508885410615713477467657092135126 0.082616562764788802090785738554916917531040159571602439942595191748488341030683658520079466836213285987
0.43966281361336349968103573685394930946218585305854402687577685250918466906358628447743086782165097683 -0.14814898818876346784882590550660437190095704470276107729954285549227943285454520278089170037147381544 0.14454954939249367399837866558051299855908417421683708069655542483357223480594366856430924642337095262
-1.6946161899665287781636879945915170562254621200369642632986218014165395526898685368983643156622299264 -0.58503793967248639280809201000624237652417626077157793480467041737903454545331475381797184519362722991 0.036622178681608866491577455048292829780209679467655307544944257086156178271844039113677367010703302962
-0.63880158384976738225369129255587779234281008360337704491468951019902720969239198281608388589271197316 1.1645378976926646134820358320685604476198422162860944572606034034380998022293305868470270298475078525 0.17180449546430778676754543728193121121194454379570601823188693905428463299900327802918597336302225146
-1.4262984007417321889859780984908676543644544416481478773978338062419902247195969307556287383672420932 0.97446013736077219807117514411852241749477443215647870624874211534560593252928179221876570523969485083 0.10088003347501491988031725809020540299133720004652059842248772956793982088529263716586330625515562262
0.30694878306469897612626867829965445431422497484146135562459606883301989385242178670983480229523141769 -0.95299045037238027859420058737334990206148747461804310530616458791298835384517805294007998332647448746 0.13975773393200299384943156484596890324107252108160390581838839764489212861279359631388711694842416959
-0.80616818914573567087991513210713663710073573265646314049496005276944760324495861977243931425615542691 1.3166485204029474458372918275038067231998094199952445389997879854810721315362558034778259326853106575 0.038374390341205690356036153791880569711329009557608762738583503657056180482549492399544465576867401208
-0.007522429470665187680843810273987403319793370234263978405728999430367908156358400960614039297985867688 0.0026804272778640271961188765174049538376712086991695577874323907232392816788347505662115842288157317277 0.014785261481724068290096622043937483592188636443938920152929417173306093553181330167585751045053725964
0.67307128997592681249487437397808929277113420300922279490413194812815754824008298848803990669910871407 -0.88069418791490632616982587866657564855682707645975289542912786320801794297174240183463200004973120859 0.18513094704906821387363489202024248145650823308677004222683389495310802659398195792129829507214409688
1.8248822850484485387230534218781187750662398435863622421679988249638910071098898795921702594738932285 0.14039202620102546295959520022597349038587911603208418279902752168760608021663741169830929876808103504 0.19693509273555555938564962877740521501583061476123632016633821941013085396839733842288515697563550848
-0.20287892870281875144910823529008108061379396323781028166739009189583931074627654266903206271097243172 -0.09688544473274155288557547166703680287318968013081024903360999691320769322807843061262028961568700505 0.04348293270734380466415801329059448435980376763604117577550654649042696560451638137903695813021083504
0.28628770134395713607141492239278163349571433296404491893326452356733946701597625188899369555701219129 0.63601237212716363461030679896322651877040204940295470764109425162841374054683157338297491346938720877 0.085662218477571894160992908837567937614868233029962570709825655040412572196576955236787492768922268995
