0.43108392587296859086671211116112744435167744210395380298865382095775399861211629268224634122501620594 0.29772011851025241818633266760434399050446958415413669053886695561523442964342843387158109869118953595 0.038081321062557302822734115058849216396075247512470129693242330508709736733638830748492804960574939691
-1.2009183144116691544956382799657029938179350764446802915841223606410197122306068998272600942846825318 -1.598244515709740775675525991759336362288029938947383454155338795068022180064502011284797234393159971 0.074685863955676018867349538182987864050032720126232729382945846780213910947976839717531388706464892337
-0.17877256161436221388810321085311259643280522270138870151396169996341895042329432459976945449390880012 -0.33567119507596629645934075210629936839260266664743754942692593303149584030737621961106662330411084492 0.05752049254283504441137205054960465086454826291010585899856001732878801700065288367297812275048296275
1.7593680230405266368151321793360266263284631331934286873990697330752397665125051246764147319197664628 0.22214448377141452350366511685500394764501525659897488943502556310570928533894518962972560918028124999 0.20755779135239586681459225091669390736010738361722644420700573200081006203237535210273797402174313362
1.4265005244796609212095954047375835577697847784761292045436400181945154116031175854562437695296541096 -1.1446456453308285570179805669331407457998711050142519132830999567777326554672224140043480092597250998 0.16064850254213173291524948943250769316738197138339356217303771516462203344673043562551023418336626929
-0.62341264333067770202622122532441020386910261660265264036188092402869677061777817227770390750021184266 1.1942470401844155908758797317679639639119814196170903160644272773604622497185086635262532044807065741 0.013041853500571129341074690658551373549744117351331270946522678513229342294694545635201632074671775283
-0.014483875091710412344178150603558820260667972531839942495293852925124154931115732430620031303953550908 -0.37366990507385502835193352687935970744289813722374776962740988692325890440212820211201737076702018339 0.10590147181791248043734104624550673767877647471598088930849714829397795133233100274822062593161689187
-1.0764588475670506704203173880869353564806638833101058666335066887731900294698690527062204836936683292 -1.5943711567845459528695460347348506065875321466212770797774664855479101103240851124648033939534765803 0.18989816453152816099587037740958960053578501798401487448574319253927854885216042544790411227188861917
-0.1120250346178963597769901519100355645501492559414625024533652188303719643953299173836823516451547237 -0.10375412963765151561413482347327230465628352407200570596510990126347918873224944679682942668759102033 0.064614493602757839721499898361889325955000823133094931147184495650217816190063661648304901573913830496
-0.1820650305403907777552618462732177012731016400984023704396186533772623655896002358028013174104847774 -1.8159487753226932831260151179901667018469537505629002625605677446033465082576486498244906883685404617 0.1037979248259654783442244394561987336414803863703848448167527521744807881884998939933518974232506277
-0.12411946371755850217503401052343823791974736426485667965928584010406411315324151037963624117278999231 -0.16610566919409204034109750376294688571810045668071686413187661167884259657700100817334021086541833666 0.12634256212995483147204083707522152136650913218272352637605828153482679268958576779206423698979874042
0.025280095050189703921653080263880958236456982204313746542623172950423556442192265974323781930587771817 -0.23782936633814312147917600595959754825053609419688221856895372806294924302086926492791410704954789954 0.093598890535002618317037253755157984612605309723486867052317323732495206355003727535229063450307869023
-1.5698842446869128304352833911862093299839893329931532287062517416854968380966232673660529561357923802 -0.7769127960983632185323126650524730345647719914867973294695892412418564744136424884377997360076981344 0.10078559254473946968769615327369661777021116662898404999713672460486274800304210326599677827693648669
-0.15844321284856462052962280876269538267154232409113970430951707297504515025030761198647883737953876491 0.25514053263800127603762561434044133623714441978947233608494973526184365180656600106996603543270360164 0.10337397048174702874681229400367035671840368928529162531898567320525107179049618995784705558444063285
-0.62619696295830584574993111955398565045916298046784748675798154115882954184989624527664181071556040986 1.36773731489664221878536392464326540434075875334473788385034415969190217336910663506103339132838715 0.055826570971058719528138452564818963051726865480313287273874579247154866872576482901570751982444211095
-0.053710744359510095403523517167132033186494931816808972823693426948025459829011842948881202071884737263 -0.10353047178059337415995215174874366906011061772210774107979088715934494058034516932456412980841669496 0.13484713633269708379056456783603284817951252976551128701358236790461246627479178254765317527657913471
1.0605857103229334441958528085738315354245080870858769418681317529048856469673059067628787021802443253 1.0026004679985181018272958909525866206521816198137169937570659743970519870030850451257924722288645095 0.016081397491246383188760739547389187446533003147015936787077583035464842437623522652150337975017669009
0.41175645569805150559699499472853490284171926359036737623896033426167951615349036617395263321761749598 -0.68062858778347600041545058510824767634739355830270969431664940546863726374223572913590279667496631455 0.057088078112468168584653593659584589228871398038449615808249686407940635725663842947143233809685470685
0.32451423978648227134467308913488516360751308945160557929128103397659630877912523218384475298633032772 -0.38635859495561318315656465816710394116561390652166964186562726164350970482191958097153598423829181178 0.12740214988496509242712557995250184464178877553396670277393514764085381771394575057569811955604649697
0.34447146841557357990485949982594821648326776806922738860280980359972757899138951547387794664188075109 -0.98956294902127689489900353586597921504906360956511499656457673536319582635451745432335437439033168894 0.1958186814214481940381302983712842111359854948654037353609025263476072299694417390996088410657484355
-1.2659133090302517995690352735278950247856877007150245129110432398112527933032939082802329230781116083 -0.78103293776124928560182431974034477723270994708023044417121165345982894017375755245919745165648831828 0.10954636328701320470160738974437377412070419800047987731953456249761219101333348097003327449194859608
-0.12911539129665799458869331341751582492071645009915162754296231533932766465469368732049980721452425028 0.013420355222057398063520180732568907445700198028970152000283306071941729667346569615515313016663411022 0.050518746069772736575514024381235942824615519544164531725307920960281893002245637270978561913108780669
0.17773163199735021768514914066020644265459322039251588625505690948313574024556258821065529426674961314 0.001098054051636416670537155869289565754093411105992915901289665720057258926213930541763116275391479144 0.10652874016872055906050788232949267300986626955514137093225158505902354646037295524681093446064788083
0.67944250441525307502471366040429234571761245346211338129067331406293517062481016163713958756469244972 -1.1908906141288045009397689909480817095441157916579318921983223179624677893996127521040516953178643919 0.18605197308740534539278950332324155933589665229915520258374405182018431642365012821808173594771524968
-1.5137660325278177464060353533699273283161842605401376511588931006334335855679721825617430831672210237 -1.177493280285933598531939267694554291050090967671018453515880135755779521804179405536781929006472649 0.18023429975415814504113306174199902747552714398715216840025317332327678335158785878904010981945647516
-0.21209533220403270281740046642511104484082296836480187393342325375712506282430115466516604758366175489 -0.14939181352935455799196389177338741839279954623716396930487980165691768096284015355273638976690110388 0.13832981374472484679265343382833029464774383103497347460474489590231253973686318574519153836559218515
1.1045609710834740220610606562089171161825692399826505960322694407541495163147557822321503912568394976 0.91180180675255740372151856761985959569561146800115810843381010661985453421457446435996772753316023968 0.20608672580366054774283888667453446963630216700585813577159083781068853451867426820390082636681687404
-0.56943044995622253590575368134004546053837440680048092010507199917382360695973616973131387047883601431 -0.095048006693284135713390301101623380971178268840049129587108404506904425512823039515142565786090331448 0.1635993493272410152794958016017423737967250064307505479653526555084340441969413133140964086564302903
-0.44324436446910342617539893228779161472039544853893540277938638597778711231249343693292883882659492473 -0.11800350814345795246526431489274468180527004035460943740762989524427437095522170714691319777379596638 0.16618229234944204831583323928753916456618006206669543203499131251410784957496304476672487674866443847
0.36408900252657499616297839333279885693217380423284005610780406632954962608518575655066006756299262623 0.6900263351016523489004403279484847155769826218962305660824987370741697712637790551517175291061075563 0.12280889315592934579295905593095243123062081040746376002341934109215552623610345548926673470170536709
-0.49500624995113480535946543175941913003642118084751613321894722964243411017169275592835048118625744777 0.53697152178937448014568313282613332303845135235532545867503048319734394122163118884417685733730391527 0.12355713323695883787681756215947398886383975611312386783865878171467235537315423117590037866302480806
-0.63365584158001258595789626421901948653486570144130458591903827582726489515806869417805656758486099484 0.73700421989282529492217205256074702246694655836735135763871236264371978101434462061423972691549567728 0.11686896254912228793689491182390306126112869720640808691446080328065551107848591272801138018401860884
-0.77246081804045378819651114897630171204800149900143599309850217110354885029909135133850812429646169849 0.2708592399934885593209786145309746861405145374876195898983408655588042247988888157579091155951985524 0.13201652983624138507072201691126951791752225474341229308310800410091830683112273470985939706191149377
1.0177235108229932519393359066463139871083790373006916477281833458061757646330276354703390838876187505 -0.87182315321843102547691628782668139467768303330129577089335480661440039723169881858999562052125984723 0.043908539906515503497604965261089101632923831042362528070193876495361579581440490989117867733631815379
-0.84513671796798996465288559811438881086458858584475979616085086076646177117390393436934519211100021507 -0.17204986293489176375003670383418037716221678648839799696797886344135184766271870226194342061681821677 0.08200897875874822383040851170753399793107829199028362927652764198733268308004298015543623709625062048
0.00055028813361243204903681814194042503502558679920501931826933538690558602841109462769826550852429164684 -0.00050252045386400292218834820326674197192959149305618308776482705992419475121020746894436393577408575387 0.066795996173720216965760872187063052706358483736648151689209855583757944545954409680391911021145165496
-0.55101649447022773703920811836649999582201894934585099619946905660812888771637098315815433693978179674 1.351938281866856403774625104964565981468380553889313194703993341401343435029586870177694266540437798 0.1556588991619104379848994954194575779361256786478502528902171429953086433541690428900181229357926876
-0.31002334787551427391023943711596809271590182840138897505831936373676221841328494756417625307405638669 1.1523166295183914156573134855424293297196639735998262133940679312738207753864188062132514096957653523 0.086658087980705642559912424040709946193542241742597706175535849094834792572567219550868529090327314156
-0.96590096779182515611275010942757040847825772086360680418733833834041272744887874339295461002795600473 -1.7210447736765598778940959286529649687848935967743904452757337975146819349487625072895454485986520442 0.012773903177788310458484137995389439282262587900666577540934288398769969783019562275763878632286210669
1.2031312913141243838615652043095175021386252645915315369175003374953047399556800663894173213873240026 -0.74981465802155040521124281398124767394346066272844851102204833363053949805438725027431519907286689831 0.022945004964798925564020329021124500745037599902432940419929069208458917583436828010395222737912123388
-1.058669961348917702687329621110118702058248801260958807057148401281136192906759307416591191706253261 0.0089725701480034053398718009461813921733769305734249540176025505589853990842674531292079578311773715383 0.02881164968771341129562359741691200766732412947151572332480087615387385130252855721266562168856299015
-0.77837112262584292701870302289889942119505115949322278727456417173189057604814093467191820855578391845 1.2817073271155959893856783319031178754950005124016842232051829535177782064146346636470099700800489349 0.06827402594626430455783672205483072883492609873212943914998630759451801195614191434644000551074637836
-0.13169134584939153891215049362085884104705355948485813765263331450884214998528448195806678255993013268 -0.1630205937901095152268167772116714801080703926279949384448151468717765201457198652267678495715736739 0.090864217430807348534960382564248313710135854556500625115485742334448351739798266274221412821301018049
-1.8000871729610759406383278820182160896049321981766978355787119637819588209268422707815087439832279001 0.13369940616532752656140505235056304475908296226411636907916098051507137550607089913872241111970731293 0.14321723186454179961859513530473176684524334630868472105240297108106672111548182841365918093707556037
-1.8876833020854493618559831924711830178794612899954644103438987753773048042569952201130998473906225348 0.58641537638015314354987715375499386380817581862123612487691285921921354114395507783180005579288130397 0.030804847681571326463923542001774147783221451114036146197830641290667254106176582870259154919240026024
0.34226565792953777627461179948960601737626337023633725635378033531894901022695454655772439593174913033 -0.68891173025695808765752332471609806770889485500042115140365908832547360718287287409343247465646467344 0.1746957976651976613046654406009994084710832378819206211938671244094636625863730083201871390535241138
1.1163595605372048748937310014554920773808442682581969355627024851696431470185246221087693912065954489 0.38874209824681131894354219988986556810004110140438062683890888290615396616265592341282042160533724733 0.1705257888768580561810693718760318051190392411598644456123059648079418687920528121723147613220734266
1.6243463603800776383103687877790067980079442855799345414285658145781149038133961458088246985080222892 -0.7482179343633583086888712864155309788246405252365302880866894767554423553747233301448731514581434907 0.1771266554145859950488555605028659010454484545994653028650823294627552592903719215717317121290853018
0.52045394235957602950051994152468737646903974632035648770011073345524592127586018291326095894991096351 -1.4470658711145248765597344307367920814358719819549209399527492493225976064597131617045266744586641286 0.13459675576231755779499114725120979702909507657436857776648708671594140035203390255838300373105614027
1.3798487678779740637563220008478433058134267044007018158955629685966087820611203266582541315727163723 0.36510658646642356115556184004237322731750833542076134932183370673749622337896688722186789570890929894 0.1904456286645997728539772138819701981786569962060284629257363200618774924437452030421386369421694423
1.098454749310960298235036413657692884807473093061775897808748480931971026366470984600890677745981036 -0.78673176163906719579838116645661908124298900854071911600588527550204789399736323921294408947296642303 0.0037769860989809368229518502818671263483532304972372806326128250162021873564193121295651938743198438672
1.1235155285783349756814394725507441915712474882155397932290188289760936001222970896574005838728443153 0.13666666670030775674716185351019832739231716012470017887133342544820496363157468604590624176012646852 0.086586687489357471061644723738114166046753056976755759659402351774561780528476769064238558398145188863
1.4376786710242648717253246251484953617306528329559044138484260561853928463748979876271172301058121155 1.1075424868355450427929885120314094637069465296692160724395419022698077346721863873643961395568783799 0.17782994352097078202608832054539509413693065436795541371287387812516338466678563766318371186653394626
-0.31010410814009016607674219742587395317928509484868868655902560268620343419280957902617992952249551361 0.1200519154678196256199617159392288052248415445604303516753307436963259546993703507901048506289312651 0.16189588803698167488542967734528120195311513581682024646988581815474374928485035931736252273255217429
-0.34698217568422748187643226404734887725082389616282923492977180699741853844291645118655445942148634796 0.9239365978050627367935925413863677091538255160798403064596054791976094948028144734739367835833596342 0.19333560605006581201223535583482665773010415551679850019751636525677428801793403054823564561579831142
0.31734340767879079415349767297547212135859102741906734224700019823283146735355903753425498343387460906 0.14083017687361295048541692300310754034155104722263894801586423342759322528109907975283426958056262884 0.040187385547674352917785013859366533615527919392661242679997397887020797684671249192024766922395297495
-0.60435387247244864634374157323362060422525157659523954614018999078167436644436946039561592547319179176 0.55799449237154775248141992702583732011158648344688835435911034964913544866285510372668844104959742601 0.19147177376032979982726087450637752384581565442331596511918893345628405030414479856751594569268016116
1.1478027789781063833913226798854380657806910978973346606018402199795353463530276823293691698343865147 -0.77420319691211142143315531021264853129228204869343394896378103894211176088873277194274734518378250739 0.14794929249657730364577773590606227250673791135345495161245714269399026538329049206882395429838453592
0.61984085465622348947391492210946079022640893148024491062333620155004197656907230387659309698509274247 0.13292269491651368014290626356777926280117707689554588335895837467373775527101235579715834358565951009 0.022592664079858005630654529138557146893827019757301232080933994637950815668090094217285687449458999584
0.12675059452348783440314633902373330341056495662913126569094618469307006640825644419880910784078364343 0.048834643396437094045771212779467399288870051846178720321048000050605229995968225400383788161880969519 0.088699312963455118213185678718703770967351577704285804524701831924707895078756711917697926432229408482
