-0.18601800801030901715291336122162855620490318525807938329565107153492740174908708574631449663139669687 -0.34707481042522983623378176929688515330908340318770906123240864960631211189448076207669572942276492908 0.0048337803024823677617500714562170672408196104220643686671930980681894827154522079444447122141942531253
0.64816292410039892995188520851760882470258530830549237206994858404001605727897223055379144484636416554 1.4377281210283378829790292724275283141446718406260275087026159276396364701063664466572002081451572955 0.055688601640127200115195858823242335138679793467294945429851451611322184022516931903100408599819858463
-0.74286161328185012571412967547935626864425086476825450508552593659459498818806400028565571276624206287 -0.80192864149213302143024372951150355551294624165905876305914395561224164610904430373639101016149735188 0.20416137078324392599599162631173916021755383209394127886726415791662703969537721741314449206757019181
-0.41722977951659261014883606685107659145541536907477406812699330325915854503098587651437259969278625225 -0.059313739804750327626870490294827379512922398191731199949735721522367477645820433344560886773027596128 0.0020123882284989988061178924543121859518826624083558716093765926170010169125139174653345119155042966369
-1.3050422636917329577652993249365053880263401343810228635016674424759516130169330488301130952313994387 -1.0678655651314844360377326480297034076623214026727162053241525968815823819622414301329055540174767774 0.051139830003098331595025998725798367857113919613656872926012385536555696216977191108955062229568231504
0.08981357612610512049357178053378486723439856448697138555086217930830422277280452690686131632944790582 -0.18452181137948139071189837783681865963004232503199731463739960284395164695709047444205974061173208777 0.10984242974827293286609249348525918847543128217406875807009209698947226282443795958796413819618762198
-1.2128685098476968742696446143055175226097837326243010974474520319064735364232080028956447128579216596 0.88855554362157247506124887813925694134303845203395241322692073764542961089871017806027467080705512628 0.0070459211506506364883040096605168105459675239916001251350196872315889320554299777799182811985674861841
0.3137336736677650778802610192843600123835754913690317437367313093135445783925400114537687665998203794 0.043932933809527987810249192679940514414058363490033617862605273005877029240671243912950252603857154826 0.18556133917037651053053167846822997841682303292863039001353869168768283051219309868542070479061834066
0.66587291170361357633795416619248459858830563935490487428940705780920682945378399304935198623045125177 -0.41192673659091209638216567260487083775310386427594930426930073376024002679589979794397634636129310477 0.092466094118408470619795502879562374305922722836102994006196792238488736455581587485200213350955398333
0.43139751416013172067975631273934965977378763023854420849903666091974417478013677602138861652270946594 -0.22852535326521825467340837076419405927579958395850322906326104649708045556166439938549707491736123186 0.17393148616164403783507216099820563397250757686873565983644001335381860434644961399939728564873615869
0.34337016233754418793198812454599613229116617439712358758674263675463644460468736178465274102348577832 0.31684516636989791797404310925002022322458028672002619199001077544846740159152328989128293646472849462 0.015937708095906684519402737993965929405106565626470968901864449294326543496130960065490833586407484195
-0.49780696860304765687385333845564072247625698169166080804457793863090750300036311028919401087075495068 0.082094835495859291052814999316560648214425883611374885845412850036297317655912011398221141394327279862 0.077173794278776039652547275012519928393051526304767050218605693129347151106885078885446310503884032616
-1.0765901598053706048793374297082676859964192592779608016150241198862406664933043300130300821237937393 1.5543399292608875584162431604248575905377938397696000253847934146818627023628363782019805469135985985 0.12064951891087099739420829765208406767095990204021834183046364727844551491144938868949893189189183982
1.2613728496907182666776310792778213226030475641899240526881685743215217984501733966884907438928607639 0.71240657579476033271281984292332806994021679513966160267316511288964264334593259217206682263688952945 0.0049030997994795674083229253986796064441293181219133483323837230378731303773459656279664994755357073815
0.007382394683371913062627223020849872165449945637050357708723322104011488779428042760469128687027676693 0.025831715388149617289574108477154966184654228482283180980286492908954348713348268334492601513605672719 0.12651268476121994685138992698622773085380155965531309774936350942837506379476394257853290498386522327
-1.7646077316092759293871478495354817589211046367140272713742030072711083412314055348953559517307263283 -0.70783544507184781093790198088466233656414271860649009098510826312395762489036416468020111180385325217 0.16734248496678818690861847626384774804729845111777457290708372216380139442442752049815772190370699185
1.5055566672824278869149002145811595955521227513400433107159377881399892848201562097836703794304840099 0.96334551876187922213392681730272837613788125380718233952607031204155785294119896195860418313960497701 0.027718049542623477719416975686178917943877350463395240746897731041902489199326580062721116066473883847
-0.13209318363573007321675835179312901023432802315471052888762291638108615229826191571850963932988899464 -0.56571321542774643216945436315683618842616999785378470150746908154403637211058710322744776880739062945 0.13840657149178572933708607331258099323798174139514940985271352832133276612432599095805716760492989254
0.52908951860994389750195412071304257202150692151187929750984816356985240571927695465661115480304253832 -1.8918463314854358212345893129743078173761103839749908660202956734035485715000662590481977780663987472 0.070731536053419750775175522286301113814978557191087860092350832284774219842846466097171614961213519886
-0.21197677002796881107177106531962849530273420306985309261044439815511371364339493146457981105527070589 -1.8073945468451708423949004512365273858295699687596372778413269128195843219359546022374039708569992549 0.1811688639539195356928877696967728527165786015433235004854877511076156449998738800810974768921240016
1.1572660189363501942997048787265838548806933497420954291889199813205909035416882851201888935814106334 0.37309582960668809237282381056813753759883755020189757680898848157849135178998228111702843214642003736 0.11444131591599303539644155944927727426514706803454312332416053941698504274674550793314329755069647665
-0.93657023395008043509798886285062780612073479459713395124603817212982430000696999737675078493412586827 -0.29813349257405125937698913696290265496041357242474070472558131434183686138505144854331362215470224263 0.025227279911059744896597273362895597796702621040085134745546460622556151646344245146736265918975266958
1.0916120105140404162853179234249324434513960473355319533655373289981879011659255620346375244872576572 -1.6645467595980839701379033196773968276685669229785795170636488177866937773074795282589841683114574167 0.14575299951926366888727390321258400035280899344431357953346786523155091881024595541800535529435092287
-1.5450283790827010684726489492644920465365598016240869834932073262116207683109690331353231386800436736 0.91219258385412405682038251035170681919954121686953360399960217959606357871566372882944459194292298197 0.10342739200014544304425903993241644130003306107450509790660713461833719373479021268523722314880773239
-0.058231381987892824452702097959055094187381131589334193298154354015150804180979870963390090163093150402 0.088178707951030575323976236825925040811165545333902167735515050435319185313752621341992286418228321178 0.14315064827019523275186171584997491681646123667704924049028237995747616571125198896739918055380449596
1.8105636028837400436969354174858007749755267924798603526084343549310199638998424966663726575783241187 -0.75781450925836542581391253030470147270844212268596957231728089045427529807639839622443712199339975676 0.11128745008205898455997989682511356028718614923715615380242170766052002888275012457472658649189847714
0.7959601339135870933160379273235817596176976937801146552830801462890666966245636416159305317988054798 -1.2448797146630324555051733933436316179575203974865094677004327848965247600236177032421772481872991246 0.095261615030479364570245994588466436638196352387381766085083726884135481924914707578967535632523046543
1.6948423589534413545522342394277489660171046290457759026887628059970076261191562909243570673925384863 0.82824179006031244681471655847655551352378095952237308279958546618358166127083496613917348458222175632 0.062227434063389152646629789787557975175719783208228616440195009064144212313953082313117494139548233411
-0.62678558078375220462132233944878971624157136797801278264377012618991162913298505387034311885863523346 0.37525574574585171428482846098494264689016639157528061728995704155920612972529816335002965650484018953 0.019247277688810825640338770792616805371856852782257991829398900499218380471414490546787698560918213413
-1.307390187924321922405105516270299131369225152938376516041337664340573854283891995446962741399085831 -0.93054972810958375268196089079292097135700846097903947986092015649824635989981039478078806873419735799 0.081367248147082360463002994674894150124120514988143551269420776903535261673162673491662992622560728387
0.39302008438743039149957508602501499014360225077123107926654332202827582882564869420518268548282255192 1.0608359225636310197651934773285616858881410110557832973369626196810058056060232504421029719753438405 0.12175020512216054209359684549045539572177558834091920715726314129840718298251037441250135517125078324
-1.7230834775907129977973553109755632994717704439145827468567832903632975541414488792061072242973668443 -0.11672132185148339136054746407846145752250908545932688608268376881692780913520199890696945797470801735 0.16939496061220311766896942395639281637117565713662107608260640594794992512729796345730976871804120783
0.46228627316970163671195964421587515623819403738923094232879344076993553821843386744344861169951804884 -0.015138643644209453080395155213344175663188377905699303587069240976958743677657163137034774864497662339 0.13249165434127328192040537070049824877124862114897028831933629947922133605438899626167485386310699058
-0.96302259480880363551256562555896375783638073866626815438482972587021396185995214284100715241510248068 -0.85684249507504785981666437232287597486591170265049695791931729270687575193594757596319584526349463282 0.031239250006402948706879991536332711181345750502221040842695887543956408857992769192194293871137095601
1.0729207846110026502914564046087682570046503874792976295009272488569396350729475066445553799104223911 -1.5745566584263840314664831201650972176897363726719870936031034603710871197445338976082162390151144057 0.20237704350274184880042912692883870568494103471220618263365037622142328945709258729588908118654307385
0.53409381189506497621804576920382996662504163678396970116760715062067688316087764345848674714270786695 -0.91844021470288945079425058952873670522518861271927294106766562363549924926082370897488130628475343391 0.20017373308343244218652152362082207655263447099704497405802861901017511816244979687658419255727382984
-0.92019564856827923982160246643789561000299157248613312145361169086416612370379137743508907268217239436 -0.39579189497522993850581589009808969444716105169430761002397467397768627923136336471956102207718706114 0.084277664262801477647368538702253186734232934224064035045810996801410702239507615981779283574250035788
-0.34455745423743613219438644326332437124586221098212110609723410880923001639661631879032656020795543759 -0.41910961362390065412683558751878373980076165588781070180702539268246254508261205874861616500412521996 0.14840028608366487222081064443109668148372028740378974283953857741151823531736050718117197120030297255
0.56458196885699050374109716858036969410864800369334826762940351641449295548600536760993616050570758792 0.60184621974679496419866432022810617675057106876722942608351788553394565908943359750452797812051137882 0.14661746356492004742528932486055989521642181599726597593713561724541578443913816398605486582936004399
-1.0013767584265343402042956467406055170967341101787892899543723117550630614552234551095191941888678275 0.22865428109476593906596629886618712716149870172573767848373888623761105740436980064409280170106015593 0.19646829221727394748554171251182470859027608743907018255819304557469359713686574838262933431950104381
0.20016888849033945769559971715345669827430859479590304369985003008077567642976333313981208037647577606 -0.4346880958349404792686135575825377396565769814460463619814588595978039374548206354081525026471511806 0.093434527354814702177449384738006139780916457100015035670847411198515897986719659682737357697395678521
-0.77128818358375093952950144708567933460174290253345809056235910844131500684901873109640394509549314097 1.8291305633572306356687025365579392548329679201303932456904665535509063987744558947775658623605909502 0.19551652560073325341280171189575366222050368482107273484554387714157337790699476871745143143117932119
0.47657866014570924405695480874049601307666459565030621469244172608555435086987171967978698389894728969 -0.8562127186805053631187024298655684555939821698243518188589040965093389636866952393400257467356584697 0.13940567755547474994273451752154467544102813170605086551764313376006311385841476872928903689011301235
-0.67553748899106194758372330770999615666420318961919438141944309616364406348964811973337196730972583388 0.40627082826167331610674011690733258393197170741420669058626321366193728908801520913910246023189409405 0.069839458169402499493265305197552409675840090890770089508469392058234432434826093957231203710311796963
0.82129016603669547282215314333027957221145638924724540552311739989038665303302773715292204390692220235 1.2191371039944497940632757579625395234047226169033964628446057850949585556493256995627521901293151882 0.20570495704883278218820780056665397732038338303797641064715118072357747501553823178816947778000965254
-0.04523884859724022690266093430324133610379402794509666548932277738327776818415124982782939147226913679 0.038435897198103922056571703918385955364902818965756009909808455234828388274600736741795892902162735939 0.14345604448262138766657284363123335558825433145544548305916885566881267804102334095809089524096493051
-0.68126472550300509244130174896595444174958360820988644628155648956824992355032168287618846280968238437 0.58862482426256369818581794950375414034019643035048157929777143370864823413681568185180639222613536206 0.17256529686116633128635120150457578675167551426387598385536571579181887741108119468128310452863358498
-1.5147311675108486165316321369440447709013907201830254946039734653966056801912643857580731664962344255 0.56961097805112846192470154045650519016124672705174175635754095195593829021842365743786740069628053586 0.019845564585036992320564190919589976413822370351987687533407055721180284852023032791437126302299305864
-1.4539564688446013067437139440914553929306898445843029735869506236596239320017780561030408090937192381 -0.84431027563163871234839452948031715347622932275089260069019142454496659073322261041776772252934560505 0.18733600701600007141504642214188710693273088474444709685010820753946449566215349515876884572774594705
0.49641857764226380014199367663490875226246918990073894936212220160145484585380270925893391808532933729 0.30369260833119846473195515587568342215126414364863741905772468591681295017743228857308181755819823087 0.093746533390508154910215049728094355224195052991177125001294705383445497378650327937739406883474756521
1.8317950435263988804741833281543259002909157119072135098861489487096310214792899642807416055547785809 -0.74706756537246361978692118777107894810559587697344308463298279741867890942633475212931116632192741989 0.095795414334704170799023719933858775032805824458872546648130101700333028314796803706517506903081701067
1.59654001225229473872912767663547722615399843909810360558816540706047135186959320650550838980697104 -0.51591710620502673702413478296908277613614824605381132530524634816025952137452145197975196392783850765 0.18433923132609943540767629648580514467932530047825731766227414367295856285036940178339161798952592914
1.3223832622263033823193346685404652551800150412370741007491200315252752915197195321485135686518599309 -1.4530570493450475501641401655850964177915510755668030938091377050604823070883706078618987277683854502 0.035826801166002120060449306938092291378159904191639661726716196691373236115139719606038189140914913087
0.062853469865795473449259119753510762997423886289264758296990849077097847647613371211032466053231628166 0.10284813200718701890924986248129130297194881662484747519280245008797524222492959180246625010971014611 0.14954759657900793560291114148883110036628633778096354560715374415440315528903910997074373782941419539
-0.46543104233240657897344591748014911935221493153618064512320340640510957122486567477798711258420379482 -1.8110510091977702904552857724745187942815155521743358791314247027964912470509147414216425590575113191 0.18135151067336806835017115614059544756146506537691665486737303394713348004819656287233012888294051328
-0.059277710260245292778063555308388044728319458595143640819273296324741446043032548182469574512594902666 -1.8842385893955226233379411020196336373936850797005710955253675322004234451565374497796652403089626699 0.077569291839290149167683966916354241352553215760574797835460486084404331654214122161875647694226015939
-0.00034553143761991119565591334980856522350270050696568908183207161096339681523461686182480637223060659565 0.0072469548808104640190156544741196018355797593296653442283246186047613245863403949201672531761739481905 0.13920721686324388910001889012749579929307381267302584395887991309538290963010308414761225208705025641
0.90807023924957574663991231303835053718000357350822113770894352010106400998903472993750741761811256293 -0.27979043021706456525043168394403896478098430410718371444934628034086553464166465045618508683634414443 0.19141919319686523705376996439147811359861039226510079398572826051650530911627973695332064424226129404
0.30330294666727290254859324240977967159012339176381642477781321766189354082926938759169289322607776424 -0.10543344893898075123815596159429895363149655992524996177542299941826368883019446415551631551478438265 0.15975186464601808257461736584051003085571293547612766513446592361605457467430943365243950527451535257
-0.25744005389301278595213280595244469245379512850323831644827769233923204135006037420386433451886700573 0.095178475664291475318676473880310982166961930106912613081871034197676745327040905544052331827909938731 0.045201031641349226279556989459659126105732305120886991193194908780537029452073799538208271945106668119
