-1.0169866226691385285313107732501039943661819387123842888278932927774771423768316947017447767124083679 1.3763271045138682730764585095305663747484786206663561698054596546391221035671267969740302757857592359 0.17615466390993918108137274318675644490598012221822555274177727667683394743667911500276173682972411251
-0.73196786655244758641162541232695718347917639790008875609632360274707251431352503253182148408178784076 -0.089332619024483446658749746571982404870729690140504729077795669024672312685121965294295690753615654008 0.10760153384587019358106053217416896916729228945821396156777494940562355355844162510378373681198799239
-0.34800671899047579290988607788976212235143771717024610750316017417197197714668187605361439568333405391 -0.66024906498608311007926657990769181979880363460660688689195979794840716316899487185715173962556222697 0.11743169121586801517900600113396061163878848356123515341971922320472580620924904880854252078525409358
-0.020299180150362154780606728227941387854137205982951609860218403383002585590069981828580998129697476898 1.8541161187219088781392095199651433300325439311231267467267552330933235905780374526836327740402538108 0.16480381069678477944780097815332238717217884348378734699932104812531792659730606414451613180068270503
-0.042490412653065478130022323908939197875276669937067118811228093510498832475776925422286149752709683787 0.0086997818277202819514655511891507352242176198145229675830588537061542944055868815950254321998365195515 0.092755179738161118097087550921535823267798250948516971474168984300003011148001849828904623709781876136
1.2811019681751975960540239781379378758335777498154361263504730644668808192809330660225430201882779159 1.1223614901497585072741014261525145054305431369403039546595315877573791394098501220645045716291276235 0.041082200136525603026198863508081379874932863912802664694827176008847311392011315808501603298012835594
0.051801779962323758489243288450345999629537605235239275032670975938238082788658998114737319859561907375 0.1710937619164038178658362089436277563845768561923283011450136914494389838755161218942095813640203471 0.052010081125863405816445013123615495585073929795319636854064243054436867077729780163462807485557079565
0.16562541369313549221821200697974697039723947988277408931698878197260625726479815783650699336305011457 -0.11689415764569286944266092894912651338506230488114826346075793191121078061050789073379272743906848616 0.20196579183003590125631588192748500288016315983130611316792615357035449291364120416139598318813940622
0.87378222043961478579065855659057731380301204414063997712161348010328683947051109180108011875564022315 0.85743573012091755742155552255938840975456325098652666174492847984155014244561195761139539195618986234 0.026481950812435287456274847954205355018382767370171189423464778358734193898142545925775534000900326024
-1.0356810353973515199743174308158644170848965470549349813616682927798101977763849861780445993726289773 0.01246705426273604869986613466856495419616821469075546494884762755604378048450311664012063518815379005 0.059534669149264153197250969021549176527665667807046250118365717978351780208144945630919687045079694948
0.56772360703656127114032806295229922328293441977135714634284364728968654689597183795585716552831782245 1.375456341570456733423101545175916795665369003497168387212044966104185283249157960900291866432394758 0.027240925886262884621796856641698551959802217054400866017690494592266604957896951755687372453193022292
0.19981197850272691139997807673952682691728685720916707354835960988397074054014366183990779972606676466 -0.59921103395127449833350936629977057588660826669510206075640864684098421620368795100669978992478447884 0.20109899598213215423347926857368580426990628218763033838734748108228823673504244913251542686775015957
-1.3003810529343752343492259070085779425724554577764070101685945247384364191992289539484822593901187442 -0.23622443677785568322930935826558613564495795368900503513423478641696565200661922590809022643573312523 0.19816293914927678032638554993342631373506177123144124232410362919460296602641752885513728037698002046
-0.121756256287625139103206139095128915794007038723084648811440983715610252053063723017414747089609959 -0.98627991412681298878647853604488210962650040263370446712386764633216105975474507861979857565477107483 0.1112941869104779976641466557189171864664265840630846620430499912860142781206175141146002694149760973
0.63871050991755661249702973346251631050134730979843137946840541349210098297998015954680676298548857877 -1.0319472473718878311013664261572760531019921237912866032515933600628297855452872090529749843265771907 0.20722354725037561697836779946708026480476128837507987072172713538032708742971561410760091610614941064
-0.2645181306730737891800411240477284075857653639036353301515066336538746622819653623368954132082035196 -0.027826015542029538901749526678851715135000768030332197938398909684710092058621438637123797031089562789 0.034599739091789253171520936908398616038711812786056598338727357225782600613996127657949140994907710375
0.10345758505643557178019188067362058286413729356400464944300027841138190108391627303826289718466026453 0.84856461834349518782429568087928350385617309594200797511660239325114306811340705563724884255493484033 0.051180891674476518817905728716197500079987869851348280138836923193600937243035077145182676674629768841
-0.27831409515914899751937188521869036618048520841714363357119035403211398137249790205405596344366548985 1.3888658699053103729004604312348101010732500858250252364328606642887822663555083973866702324108442664 0.096693384587833235625437278962807667571074616683995269530336061427287637505552182462124650247622355155
-1.4058755475377494792532818425401797201610044521337534695771566654587422414219673376389870412740545147 0.72023707247817399260440976804895403226224119068791486184625069061935021221306909060533700636119708564 0.14657213841305301506629185541513961986377305132482396497502460902987440142581738082495293786499532064
0.81007555944700730192677688186383730260253891898576155091855265324952936279498001325738668166592335201 0.45518817989927958458394311593020742407727479023417931072161402864775710949711906681382701122123803307 0.15846645907862050062898986327721029673035709959919062249296838406668017102204840515769734194358423282
-0.47521036112354545550125539606782303690757895428525358654060931945566707646293810310125459235245787392 1.8768345429658333483157260746263320791365160422600083293177503516681571873803543694540207492404903941 0.20270479716856796747913381100355192397213325917665416615438751307120940577061975126585058707775057811
0.35143706894629482655579016120312170900827404699100977786082686773877479365916587571268236280562342001 0.71564324705752897956124052656536212851793179772284416012124801273725251970635598008342199979178689679 0.048894820488409122011335233038287120440345718198286762551494384638666020347354644190023182268197898405
-0.036581818218025773716141428135883236261634234356052037752585127497598064694891378697215364429597014581 0.63306307606886724198024878302332146464878976799518347977583207752336370675992241096227940681656435607 0.1623607257811763575536778933936788113971504403305751616877849180866068199740704416583785580468473843
0.45174597534318765648659053544898558213762193067458293626859288321727079140761545355758772041778712151 0.85189663834761234918088001899057594490718602122798002104503556543774776665899481608460953553838189941 0.14809565732047964491371657628634628629165672550585984195288223428148761596170070039100604767804938005
-0.67482155184158225948082937841837048148054875379725162334450728228434676060909788457183537629104874144 0.31881052314172813473399417178220149896959363804280800899725469585234265861913312792035762062103790075 0.14473060178516314745916169151153158097436898485045286231274864302923206214907020106594873948805748094
-1.2011339686768775681484910618020277706106821634671220597805975273743510331603433928787188194912790079 0.84885666797491778573051204222692468855803376780100005053381329027448068365071297358275279143198234721 0.13245861640659907392503700218045975234927638990188301422030152117789628333473882842518568995363037354
0.1893403486294650374242519766070427401680026107188271744885570568082368452712716672587615687375824545 0.58386724308658443915863767097741610446549964101549796149353247418550731152021752389591720325637268621 0.087891995356425521256099388648150811204324090198553496685695161065910291040231963542443259209265640708
-0.49966076178620624069639908737562537293716204907562652601545981215667552771365588863098063122971992722 0.30496078804675756200668914720819989874595350854798476953833431660235337047166046637326371964758716973 0.18793430608296016910718497651936086998376723435992456358262982939864367760976910054764686550111122732
-0.037294209384061463315637600089899494925294750430846078334936408545923613313601626505435828604637620182 -0.13475553041085588674097888149551269426662795063265036739967735242384037051556930296663951897590459929 0.054851687375303096961003844710876410273516100583025678033216261319123126419208050310651958810630754592
0.034355595312001522949761409794698910674167313157755851223453052357255514168158113405773447503946946184 0.00097372016814423346155074681015952996747206476560573901688592805824113890738856081749985550654463772947 0.15906418496118836302288281190700175822105088721373880240609351447504696686638834676675315789467155432
0.76691019611931853693912513293615420257520672499414195095349388793648918453586650420006499263594061101 -0.56148153740688008692905296792130530305987768330206018220297469781255374327701128447163675306829526966 0.014949731368549723578530308416918377237474671168781209400175473384693242941216243624839378987111467844
0.3693493756852397003837424473963338826228302011199496200329838878752742978805652401167414372535729727 -0.23888083588645712184042382330983300927463635375271580045563910116842096540691209635254013343040073382 0.087605269049633782504014816424115651668507011555659494489873235869255299679851204992585299345447281909
1.2411059774730671743632845601837134491398238683926592791124178559106155312003171026080650662370710525 1.3505945645185214468082173059313060474555411493835220160698778764094252416332021176125096896335005125 0.10271429808319842645223749505483576440702235816349982464081210995786894608027309325910873080368911298
-0.18802396606342192104918790152265152869193955688977101018934898616628077824903859952324586033666738534 0.1353356066627882177419808205121627664073291857867962676973384997510224753255163950382182683753643313 0.10280667005786226715530893557981932824062524632979815438852956698781527871824398372710845064298697151
0.71916023141291854179565293533284075604930406933209158098124739166080153849440012636902046659137182109 -0.68056681858488229918717107631947672905819406682099114584006577074038372536766708218495410035296820068 0.11941114745783411573864626939876637141913701969047646272735949837769873887677809163093837271853662684
0.22528925243689555262753301224685281826653780582931667595986631935956960774608179313266653947932720964 -0.2128291478214680753530112260276264181169399445002697736724527660883289757378789012712975159170081099 0.13091369762890428001206089248168027000608047349937258098960325403164484331590084756069483551563078172
1.2013532987653909341402734036984878304364639519896720026640646963007737405499932878623061326628814426 0.094136757063156646907168948992516992184819403188381582123954971688001247973986067976958828273635781872 0.10788419778901560468782124066469566723940309615884778148509355851560637161801234709341323918238120145
0.55910365323786840093103832838594929959081150356224028015822992877044596959981178390115230719030414659 0.83852281975930527210291684201256120855662830473864583447935040789697415335105127218203490025492566873 0.1978345992125070389357059717854055466448043455014012178949933052722128183234973492681428829246149195
0.86555934656508051188230914781869114768098454401958456973308771731991660318785157174127025839211727659 0.64630814301162397270153295452195558302997032139582151482109574365944032473569648380724739487107605788 0.0095813430409010048327937183412527719504413553901718766396587548961824445423999511221153303459773926507
-0.59396612366826950947213580530573981708285353409312109513889263756357474017898645140890970018187795888 -0.25907020748170534944819243125537090710931813870168240682077091646820838094221560034524887877422045625 0.18734341911758733581052299217735025163553720920858974166862736043391445324416789487949738737210793133
-1.340663539116264156582612268611980857305341570152914078803705102491915952369813163976659514973597232 -0.21763733137027042223896048471358100982500170617086271543961316043943070232732522677951873715251581013 0.16771859150057403408215726267637296224975146071444202959966247295090802557453901387199056760580849665
-1.1048512016466490884822198813192183525161735108125220642089781768728586198930157763570976159383367871 0.48390136889832592290749143821899247749558754148544847677718159989265300640356789802119625658745040503 0.10406736552104564933265224530128743835002493339524917751740797265004113859722494608765557193967902153
0.023236415718983727348549162972704280663887347699145810529435689666943867153604384146312938528467930761 1.7526231872826967542014337504405913556584641348142486026282047775937008301495398809141486060195997005 0.0033692962293463587011567568798728388398614130130674538763698121985797011601103021091867084928535384617
0.022934923860344498311729228067818723162559238929803429839703357782289571805836678528544828472355434739 -0.016614301311466820703307246094123886966402028846224878916720791142069703580815838681243336347949442348 0.051626951446999239176022603131825429574329171785577857596458359437765580903898522358219563010850345371
-0.39985131076991421925774726145049925767557541414667034294993678730120932659077455427442419741997081254 -0.49304680750256333146757005545582345780254582108276114771553670529307698395282310471149637470117248896 0.032408766684782179350752914066287778312430841846985503725797110820250573560002765227461712336124133843
-0.069760528955735352004850354216159975503474971806692025105040190162331964901655606678779242151935200863 0.053752317776223755536059091717575339299308421115307812217534637400660878669489054176087853910512930906 0.20609365872157258190358108115482623141868607077057174922489553883072150965264871644011806223306031713
0.97509459025853034137934926237858434887900373225708282670112824351113425412521719672429885493282072845 -0.072044770211412890369474738254478782439438166813881619260886881138121359868290900627275695418225668185 0.086458554422332283224297317218010982517654082518839190055617714190982608536020215113967793057538218194
0.59976506320242259691524585566338320628854327632724412256220190433284708735024815657308527697733015191 -0.88406207412424419418993829973965184243771093596484623175697218772654877561096239800238615532040601459 0.19880754441310677746103270727563689454420618835174700407511442455799336154415497336947954383127920425
-0.65907673604886974993171456588962614954140815661823641588169468534000989371795070349585556395859127173 0.020226193805830135722321146113297450174866864850589931296794720864085981896375031691636029593486388727 0.08494483638462976803144222346865273028056815971246160253906697522602231991791507425375204687181275382
0.76517069928126573045632660231779181646605119060872930673224912585051314236260082244063534163659485314 1.0178793621572216371939349400497829663727163827207029922744998274132396376745430766444164860418518873 0.16392713898938089436997567557021395462681575771868785405375159091660426287566075647674430590126238612
0.41930450867382845675628587490771483359631742271767717822056708124301041969709265442200738857846449804 -0.1634825022583504459670060844080731912220260758033269055629706103438399237902823942103542805636376821 0.20929520521571769336993876138247958605781310985987696473474770316117810973926808237903310442016112916
-0.046419549257465043202276699481616258704255675237692276724959026068483270641034308886458150761523585033 -0.33504746296052678003095836244000927746441429581498677592510245803164757008255398283513577891286847945 0.08151556085172773751004863320436957903619243320847103291394019640892309467877640963049257021331940783
0.70072539724403154280905536706039503612260129883175624650965695409810318488036935260323497923576611403 -0.94089663762926357770682147173322790319309724263283243080498503504391867607948273876163021372859656196 0.060635342881856522606236497620946621567342668273636288991249988732733549697323383747873637691840938667
-0.10950282472855289516504478498607259815204840552733860324585540771182227497664122443523827361386603313 -0.076190678227090293463350859498019009173969588961226842916085269567537982147262406728727176073624715364 0.12487737788164483060107507476392253587821829955682234513218220811706280067346653880439576495829137804
0.79765590601783330847726196970897954961558375881559652464874883528834900694876692019380943385225113265 0.15923612370865053072312461981059569358423934042783791023394591782530622998109207518718073861734430251 0.10455104400363662175373729622373549178839602094344232484971097331708851890908767911049737518527167386
-0.020650452543441970753223215108506973991745508894225130344515647998543155025613026463714974910665596914 -1.328761101209269193449675314166822442603125275181379264094440207184667865905547569551382015659427199 0.013757675711709720497352393419855691213550787390447376738660329142104823570785791965699394570471658818
0.36353172294993039610689855865291686475030355290922974170483767706703514310046611343526689118011181214 -0.96846038687327216615944848137019659816208267998247554725507785212270309130958939340405550542305399595 0.033401415242061908887369762186359836367092002506333616717600222324769410432401400527211732195701010687
0.35087146876255955255234572277261042555151912027674905860716726732497310971156978078229866412431369474 1.8403233983808962480737780190253380803737187286350848659017698759970056560753422511131693283648339428 0.10503194154211980380170540055419224762721455419578061247422645060291851624163071960239961244132010457
0.40576739730639290013093228176519322251284431493756827891078166082511462985941314038716518026135058278 0.10727704496567537574383634831258976082624463045744999514934477938076200331385232440878198050573400163 0.03592421596197623043319791480002005481168281808165338312290996844275170283670397303908102942816229538
-0.51628999381739640689412678701965750102354768536224619306615743680648852247743956336530823043638115461 -0.031701567528297420420525370572252926739031651492297444520179354392755585325612082953731663281874746538 0.10955319295571537211522381558742523794128706183300269541735900672607748154212339886581335988354931503
