0.80613375487321558062100052043304492992403464344590883123889121837380946529167765664044565264188515619 -1.727194685024572701899160179738764385335068138712890116766864237255780448654386654120237877484595486 0.19680334687763515377141303245462371598969182023298169503722455247783494069408752845779325649514432896
-0.93675120693368361856413474391308389627888092349835177028440157294739055771225973033216767174713438691 -0.94114269959068215493425764999867102893316665694112415251626530139376990276400087413034884959256210227 0.018933395102288300255090312003828519374357841128971915848542369460606059461524634206414807977469668304
-0.90804779191948826092439808282410761904389467025973304525086071257397266302947371648250044176036591073 0.22068530529030387864497275260133573601895610482983994283126828875999324396385749508654135034573654378 0.0062280588362177081287737229622250774716420126804512800927480255316464278314439382819677951272803156219
0.35497488962089526412647831116379097740661035095849167601323056721234896939860634893247395362591304912 0.4756738390818044382909979926685953859526427767323421231695976962409831589132626066763784713147345264 0.043850597637302903730121693219154908009448449129821234544973510987785913766800332587540983326138448914
0.64506476726791745449519796408391038606307383400237650673421245187096719437754301402393775796251890267 0.76793667584699167299255101161808848120450287550021673556791057450748461030275548340488346883005398297 0.073466472956879697923362424859895945812443217702496696608601302223090243744428528476394428389645700367
1.0614350545594849322838534951798713201147674875576398509254924431990997265473140397356210358787904558 1.4242006802030822618025739621417894610190332922592233591031376445921489154672705403121568193702996548 0.016549967830809660639194530626559816069562209359176925361499636230374209012792632839556585656026430929
-1.2863883873638715034247259623378526875995453370364628218749664343526711340877516135313605194872107614 -0.051512881419229805741984717108800290188268265366295478620108997848733179266575600027671673792016830025 0.089236317735847618060326616118835007085054020068231191440248588604742198484820213447384336233002013717
-0.82400973267739682316206237616974681171727363916619304341462887668984896819904875773234163747322951095 0.9451639321692476026144302639626980667169324417215711926677075620271893594821111981912105756325284507 0.19151703377460362952216614726994448570082132326810611364721684049816791499762547698140137977337026123
-0.64994538945706421226278294101270828709628839758902661078786394983492635457649823725197704724378379424 1.0158774067416454165565696556427790059304641591652695256728206246460108660829270912631167276398584903 0.08504016907560964138961234804900693091887821720845020216378259565088579525787709684206230676645788589
-1.1763795920187584711051637554102936408298871967815282610460244254858983658717723210748951990788417096 0.40671214197769412561179905477745452887848740112279419045055200491046457076628793858430432721805072759 0.020097356014917829695040937035460886770305707157737671467246102405166278292734342870927468363518688556
0.39479356776193457073240931443451125242269478436386537569033415355265632633569710241532304117067510789 1.3485642153392926977466084364569986111783985799495594727959209102750854099578970120668335874312502459 0.11894910831434672550316442804729710420237676332249713076807181905075148924836137992020861556520375245
0.9424142119145218005581199244717359039203758151470856519074773576935611954272388871275969133819315353 -1.2266012509454197081152830175996540240233144373267122917713666630437054533769509685414359694814261879 0.092590533593123291068379148040999604935108094330656631877219400697563650304853295260800905281724146394
-0.57081662101152041201470372945501163565972398126928647264311276164769929848278134502922280627124936253 1.8954826587926304463289177335969546811230618587914483924174888249998494826203854749858287734081211689 0.015529134788792315654670727223172729573117272277855537483809680016118001270145469185844124020644699133
-1.5321359507336752151338956434281679846588370518945501961246140601532440722186719117871187492055994075 -0.022738197610749076976250775705757181534807482701896906725524249608397047979713001955815612569024772604 0.12767565024202033032422810072714384159930237048719688150488549703588958400281777548114959522561612101
-0.22999539436739651928984525785963574439140427568273380716122321118919125863234665068295945317228541073 -0.41199849986056822427380587069456152138412569922744117311437103394978431748601578426078576321839956863 0.19024482689043054465964167455525979123899399561396656909738367370609343363203363957387607911672440486
0.98545717230613267102975809312473838633029360557289984827681978782143951838988043625331368214701123388 0.46379058178822682511299515934228797322972599208772443380873673143050025173895620004977209433394394706 0.11946366272640906226434846358830397023794025634986502296215117201398827859182522562839012984176816861
-0.30883972184878994116401282108024801101356440588849545726114143749027763745267475207653494827959638644 0.07094311394492639647418986217828760085265472552202923982821965865879308832994547465564125182190623757 0.054755924326613522659181079913378512627673377824819539241992501641604115810958037505671261988384147629
0.61789488066012659053119217509312237500796917834090507951755276573009127209986151738977644531029305039 -1.5035047923224917706370516361397547600304546922223840559316848024244203305719111288433292485693968076 0.048916330456692974593678571630310160913855700573166840639346254785306540234027861852934656463574067305
0.2341076699350540980609848259802371995436506648999305241021368400239322024497806430783320322626512815 1.6124425942946848376346224426818186195298004596573931149364461697785668563336617242187813173026943067 0.019778070361690697616841351821587128422421557750458824925764371185632762724574908770183980501896089742
-1.6326904817095856355425988472811520093693600026378288214045906227586740004796011374285400737511747461 0.43711978237953367846400136519833517411299406146023355574416574797537977251396628712768717041882468154 0.10817983588986236256494858420726930825222483797465881958401895761578685119533648668774927696043074655
-0.13152233008152180318814403506475286833620305436668989274461453582225227223945141607637386826088559527 -0.24122066141424950831776229329530064704418377442658532069643586812665369214332059864150280186250997998 0.0019717732311030909278504555933871202253779153094318234546870027946462849898780967672316561391436152131
0.24927265772571312367744690095350878456594864786542267684508230014607533664713622636106584921698787304 1.4791227429795601248117801847795044501344907766730683994545070898441677402144280229760534220403472681 0.084711241495750114807998789362895044634095686365022031076914595709398353650994026942688302508583077233
-1.7265820241330503130167117023085410001280966913033149491877489928256381826506246027652150963914562409 0.70915358833405775420557862077236467998682042052440973979849293727281194856968118286635896761568225301 0.20409623570952522435421352104699113157519030246366492314023658346696316057636021467854846646012495986
0.19386488117855571664964079665706490411150556451638061617446734897187728753043484623911265947560795683 -1.4142678237544493034856522545715867253897070830174240247185150136639930219383727927656459843812171935 0.074755190698510750385705210059577413751043197854077569170307792461552165649677613373203718718153198708
0.10038828643684905915856920724952615400576155710039332053928283229716918486484385972923849834802930958 0.35346663642573220234378842839790478258828080076566628373412222405326350842972479780098700452992527227 0.19278929106895695371864156308064272908330969780537663967628942536518035741644784806158813498424850837
0.1527287783087091959394850409139247177947654414596600458051879433025506845017036652647004659736858486 0.038302002248557399917083200318653141928326238075204113596738173284538611957726949047599128151592072731 0.1368361596668386302331495652924678849449650621664935100761158662449182000079888722301425021897128212
0.1385982258923585751378065832668589031313965635734159105870113427822992851602188499999025565048748366 1.2295391610123469063146288815317639181135141654595911811992383942516183767516054257802480853698465395 0.15754836842743767830299561859631586286027957922921048986110346044848398385782683028325766063792789138
-1.402289042553406316812884625307518634965048816446483218569677494044368194298038424266275971758997382 -0.74140368254717762531238884276915211268096727630885014538326014599373576570908914748323922707168219245 0.12820202636995926865627408041885563634869617745863859283254342334251684770669674085931464050231306045
-0.036855903440167440762807129807041141779538695740558472159260382150595768960581309161569588441619753578 0.040602701337131404874319132264973338570004330688399668834427644298262228715252584938298736140203172357 0.15038301029635945952180753239441659003456008049157624740857497585137189677683078260293815839013761029
-0.21140898379788859183385402387385540387010106353899621023157399297751443800861776457911780835154013259 0.25812384520866580789897386077524538856017279940585491427789206582265169360928918314041270244469942994 0.1095272969538541775419001945065781987188846457391635812874431737700659889283520347048001921676864059
-0.079622712388245627344620494554492368475527087997580210686119048681085024592419688924064264248494366097 0.9132588463611494663029666312435428128820115938346048873790045846713683922214876640712098346183737838 0.16202307792537587838420901000242918653224459064126139768975017409615664798968045179159679109010240515
0.14435294803229010707072168448203685243744372962847673071052661388506902033136550523501863374674988752 0.22177540391454451083676731984482104220666926111292256542254331804434210960920445803304314478532070187 0.1576278037518779250344956913660167013763671170765026368892722449715250838702734182704021525896690923
0.56991731877687812440120393433729475282499347993677667896228559467137052680704131998255170989148543202 -0.43692689429775454137005075779412321349584611045878499024677330719756041078502583620593582026396549052 0.10243947335781709024417732522437867910968912972458632499807061791705253531619538271789677951587254293
-0.74544799725415598159787589202566623795563840438910157519940058054556744820886843508079078186797807239 1.4336061656057796826443025071791230350784213446160920306950299520206810420529257102740848692544197743 0.15778733438658520811401550370617440065714928837140428075809206185559455406745504811035874139973896546
0.71004533628338611135518482172635045409397333142516977321698830687234337738981282496609664270985345955 -0.22986638393544186880770901164405597455712721189037883679637263021287150372939439051967081060506360029 0.031446914491229303613517132919192924048580017049778909468182171057231239248799625298181681242463307076
-1.1982788783585330201722523729802181288960833432833649813969416117348738495935895243209418462464740111 -0.29437704248231621865236164656737163495464751647516244302860028383560868514285098916187700323684474838 0.062144373885794802516691904331244955354180819475242867775483787926554794932045754437170004761272256185
1.1110337231368451288880406860627774477281372367281770186769987029080767254649800301121583655298476336 -1.6473005709902105996656989277044327002664049318567515986754003800119376693991359783480936302420114622 0.070496618828057517430893254795176802124348385039841438410278305218796460469748069766882311003909145899
-0.27328574365862965668505488408443714698792366862597776981028833159034022090882006305810393188638078646 -0.12182407741789947794977439720665134271761294429751256166577169395896048058382555510540033199076789812 0.048704419603258945838513289657778526630816322388590467145179256123016449680271280138495620967169875893
0.1013270725360844669706993713277864568829994216273529617584488094325699801026653666298993363572459171 0.70229705886693253416402276230061490809802691203770392153969436082553321418867710717655722345895927933 0.0085841233953274084400890056139412520952727357071955213753686485561088024043423570066990512431475924896
0.5052522759855004422332649961331737742007894015273308066110232870485496208040719800461448277186902641 -0.27366149183822931292190884537084160115080140585953808875487887426135678050313188472113920927433407082 0.020333152816924742928632959692368124373414053330866872461095406605407388058841239418528594981288667457
0.84381017666851196300436574301887393571025924219239566493197997950164205012614131871810468271791581067 -0.72959970515688160968188012583866771262265322461762181980668854101637375167548123299351364891272427128 0.17319967018396356177782402464473674554623697350674370479070593753788934882033631087306321271763682249
1.6341576437526769732089568862132676371242193099712604916899353138964879707461309803437161217759115918 0.78820191125299568550723436089391096166457497188369857135168342244940695624520627973673695047304075164 0.016794663964383803857530756663402727036726137325199950757312130998421265613589111365189822035889590838
1.480046564726161160256228307713888890714332225339167377957043271566337322519544355959158712110301845 1.027009732153562529903430699226199965305300049499463338021678797156221611172440962878075386616376038 0.11565080384416020679381680290782116044150796945496784855476041514611832252859860120523903404312039026
-1.2900350380321676408003422929529331677521584418984969829600126832693679064947427931176648408189437799 -0.82597576183760769239710495703245126711004760026817483908905618980773687390529406347703915279940596393 0.19008196989630281359789662425264625494535854705547326506104560300207326997667520484242444577087752074
-0.19740433648612820181439933841726022950627607720827724783991981045244585621848575188696388511277776592 0.37624755683414810024989708135240816758824133098168834163800578008675890579615395443708346191276439474 0.10312967555455761228106946218863108829842620568591361286393225542440958931910932691523968579536952813
-0.26395222109663207066753521142535104158825936160253117126335494785006137487562893618660733625759754106 -0.039828341502248339670833055296317766144669630586086469249587997098368335149943940684362012124973868211 0.077258991809631911598648821528173843387143709678680523446726665597318969069483820615001823179447170606
0.001744213104401956991540680560243360853778828539493915073700362967168712285471233444286739730686184757 -0.01683533417777487095551777882471896890388163838325030333103087609451020754221878550169778545519760394 0.12668609604228967209288044604082617289259971942288016728474283542660101740537574338161062792416984481
1.3039848712778332633810616953370499799663851487776801540152781585070665081448658748261060876851910496 -0.1631594547236603181477671308568336077322465139014368371671331801801468553389555006445966853612932315 0.1122912869122577268194818588048285664300060732226003763729776536562325109836794993928349839366879522
-0.014539616135903889215130443951615229454544984786969273596287998232033195139188341351230667650167706801 -1.3151321682921052471564996554801272363890067238939452468761457745442016099529325104107555678673949798 0.092659255381683718703201058944445026274763463647271767319297984875403937081983071988653991880632696747
-0.61534545808991633145946167364350346127813098179214079641929919545965189331935639012049208461639800497 0.36777529624605881992016896022741061831168151043129496852455830577185386714272160918871370497346775124 0.1528401701474795246501040671119955199523486058471765430076823576441572167115877006094548335055070535
-0.91209675397663912425876501173095507181617795867056820049750952109721882230675441291472365675796637504 0.81382547099461922461749073995595813247170430519566316807856058190233334108711548024834826200571725261 0.053576934887791191888505928057460852879336471568215229339839987408205525512883396001863666001715037536
-0.09756680021492111197536728742605047580515645810156160487315117743220476453888880037620567534045422753 0.54708398418315696901294016528807242898373510278922573778672649617771149223629233017808074762553937395 0.14392442550411684705121790210394109188198015211689184192892328379789520265185944005855394182052263968
-0.13290588012718615641818230569670935884573544457728453687212831633847693515940238363863216159730398623 -0.056527180847578962576845719963360815833278904803678124838218394477422253741536633402269068017003481492 0.17652583201081545452661793633734513618378833655655487429490559664690360831860068525999268969351108633
0.16603057747390808866222666501916725454075017116241996657302954877172914526068827921858729288482795785 -1.4655035802740557356961730060897232219468688994374869787401220200864408058473319594176554518562205326 0.16621547772363123103835964964318613266209395811271172426609382495724690513205705156474941987360007201
-0.38502794209829021769069913711387407323252777927210341944579181769355054790228887527863530081300297851 -1.5009769733511022229349914664018347609936352655680460220530938378699442555959434797844295581878123547 0.13762394665578092555061561254375168974501423690336749372134536703841197740507861180700127047839822538
-0.1901193928672566048521836355320154323014359987065152756274001089603912184524924377319575306296635852 1.4219106903457110458513706559022278872118697336018119161773740694094388122113182032078952317426558683 0.14738338169672963385181479928368626571823496695776467576705234193066250476406966499447800175416865675
0.052816530427473221986857953959874332197766227470257264994940637652683272499878681823089373198066722514 0.092507543823271467309245179387347522712442332203464784194840371730766617793775331545616323759789863328 0.11903309359479550252478371279489406953019733460384905324850399961456664763867689435943945978369896775
0.32542480790305839365481071467011399119696243897168294749493685667491676880636879689043343349789107871 0.64075041799329855907085638179267523246316239368803507392476895085696160945445492615681147306459176668 0.047657600847166730154096727720882371262786733588532602100233762523674012549025498398216501672400624323
1.4808097597421215189414245452587129904153379151191367592699819286216920698552217372731237917793112903 -0.10843681199102241067815124254094020966453680992306165428135497775613108050001694927299375520657905593 0.14622551921601923540191457342931030430241496134522312420613886764288748140663394933565455596631972976
-0.16746269501573414025487481985422739228586456739305056418217881409625749004462038728534287261144909865 1.4983351730887434200788735598583899680869571653112418616406844007046093055937944527115244936461946502 0.17140259453846123407978496506602915788788740678782542383595815316800263055702250914050427347558333335
