-0.42213963132122721136794466939823245296107338598636987408272636146007122229576301466763771287932880189 0.19889384350821535042794781417050413435340271969990893819938225011439151349750686016197086456167021986 0.13753298803940011401887120488813466984399640262079241915506073926672688198015883906237183045947990093
-0.38715068867562644935982320375937486803489010248482247876294939059942083435097625533211238811445843795 0.21193418894077641686413999517487270974113625581721669342045523052021452203044772239793977280733645734 0.20025609641252691892840304795976057134204735514094355900092257993921076992696469330125343538663538084
1.3671231190402942079537383030435743877062597608894720150742912225521425362794104726341324595238262471 -0.38461779428620023155335170340601025215796363128023952293096075217530479252166383131851071236283070371 0.11712404136751251129204201893924106803417271528421077890570754840468516955095258000880984799039605095
-0.6724935349974896871430647723306830306713296186827313465246971582483920454313834408314454682980966841 1.2762722793437440570119303285263692394121103608472680670412925032626185460315164194497011890840313489 0.01052557272548083810301469599031413085389917694788061929584823280201142134046835070306110412795353496
0.31693604512422890560386808239705477696510855171333119357453774072619950356727398713701004293510475299 -0.74716511454882282535930528069181948440102625091295685434427191708624532438544368943573955837362916677 0.0016427774394980694341358766218550871629275986384232031125361057193143113198160787583226710887953489477
-0.71756334403668884344605609449004295716871389619657370625568992529615330987795940693242583389895081365 0.53798531991609694576326198187305870538114325853931941076995218940243799885108088569165347612840183492 0.063914886904122180446900785728030792555048902626921988237664786560327090845801136244160031916767769318
-1.2352287964130501569399568069105361204483837183251128468309341278009821187548645286136899039547901054 -0.2373239000803350884410138731694999764673364634265978839792963187827083374912815738709495949415294368 0.0010826421203591159903399658258270367760098280909156358275262415140065451786419788035571211552534842549
0.94828261921493182290478462828140805563246379482126285093042530790029559138966936066326900156736039981 -1.2406298183150438410247880317426882228759506490222049197002181517714677627936119691120386800641452546 0.050835432845982374089687263613759560917414007982370221114665098064020263940008754262828632546192974014
-1.6658380159238001185576630516710473995298072787340227658580736658728241458459794286927950670488432552 -0.54201623384110226869593633232802761150037217064259553346988852621231588383822434323431632791378555248 0.014220954450757079823748799771988103444227547516626061122313387736307962029582213952991237750766301586
0.1813289085211370881955160310035710419900761856631780242709404230991941297200911405025680810776640627 -0.036493539632550961693099949429099083346386914677765658635033585721676959870014272017602368229203674021 0.074089020537678948904449707728355411429315970163846343044874781858873734847937313091490792585970237943
0.75977601987263313272509759262274699480658816138408686671324350167458707946567958378901327815194896014 1.6679811954859473919341204050325222934644571836574466321971739879441673227832588529664213301437131618 0.049180300234761464510527323918272129754042023414703766983355397553328028976781687373604840335467280652
0.58149350841475592214136281407637150475573702672020615037936742456418104894350721810540811009746001551 -1.3373079124233499997073441224694104343964465239827835575266684979775417092099556398829435414499693673 0.0018546460879577263178004707335705632432985622247071333322603512349834537964939277134692903327894599151
0.82896438236419542342019615381326766682797047664115950233406152679721828701888392590939090835313907192 -1.0207112781296021569975699271582833482111801363367325616423487371537258507289715161526437628706424775 0.022543987390818228147580883987983964623522536116404505060991238316776937380177453943369257808163437899
1.675778412614652116095249662614062230374287452518727061343840369961791148471632910500731237629073712 0.81031256085994700122500645945901113991566491238414973145150070189279462804364083281382416097429690565 0.10474600550218055276507731743655035176431915079373111098369129228319306525577601727557331326627192843
1.7858004469318807886074021562479795782906162779655967375891835977340206435561933938278643008818958592 0.095473671591392212601501304039883713896883850639003924565765519078842273461382510488337848075126579165 0.10980251388966421853823303794937613291169832875348662964507377450996049921646440905663922371721735885
0.3450046122365229489024636318684945371859589013825498749400212982306917479217098821956882603386154179 -1.1504205832504217079190648341945568330886756345870721454069663582439197219068227929820414953847362037 0.15485702599507425414092528168478797461193211308144027902883524746388781327071054850864767116589185962
-1.5490318746873505407688871308155204025461344851114683762895150084468558502726977957740267353666115251 1.0535938438372001087215752100263423968970330898742978545636010615589836101290755429861707670659301325 0.15816601806853999858841846990224786324377450832742014127383748531148394919526077937037185380755322895
-0.75220669949543463598352043909933473229972720857744567377383558311609436933821506596354422444494456023 0.77755290963150506162919347371231750199219472552570763137110043300886424285320391581141420712452524763 0.19471974727939539679099088744131521111990947847268159264404318769909121983823382149782323100382670349
0.49873897216616590605004478406177822656661632725281059934445654931493008953858089492504165059486974974 -0.10909328431650434878956866338396151329282681984662310531930477439949222858942081999863484582980280324 0.13071311861218280031841416226180432220823909141882665476901884153736076924287170730903008638425919476
-0.21393353266360650500333565408501650902952540597195198388823111777941411373738911376203469585766259857 0.71480584053021571492409896404255253298548029700946121313834604962751378296995505753921540770632150046 0.016223151095719777186681214422816445534422435780319693845176079377371849916141015689952526492135728471
-0.0038222317045247724528070248312734051869145050570470727544235156435334186171331191997667074986001283521 -0.057863374420290376306801608315870313950157148348705956893927822383680157742352294287542595334578352202 0.12889518959867806160983868765546344005200287847537042859733450658198997289973515155830280816915704925
-1.8300902564167917302693278940163957071977544097376216471620157603337249910333543053061551862219925935 -0.30897931024817999486614305667013749316873722726217874769334333180082639802887972697820275421858579397 0.087486266122019315736119499010097244316979901998131586857211946582567426461009129934985057919548279779
-0.042640203063958308695551597553894868348437887217306986208209328649659205218231260352587221014151157767 -0.016791978969084093325608738819610119650119194560923624365769827293188978210237638264955555221333469337 0.019305021375784920423516889363062684019892873878306075058729481664304748225004170006089075530798549017
-0.0076179862242001690387833187098401683161393997696114507034551993453760662464994584318499863338778159817 0.023216849731478292666537304637303063883042283225610191690049261021373803174957298976233096790944263431 0.063493492746681886716189569757544279037302017264521136155284480116486120344636095491175143316639022284
-0.2581485677524796383706308421545790115487641080677251055573940528316522519042702168771368958544922575 0.36243947837452446587180744973558112011505447149803741298184930767391675969195394970552789014799762937 0.16565283150410012884020778180462962487870715131204690598605546002887532693448715486485549191026775019
0.016879953852907319402208774756635196960192700022284734808729624526807914859410776963673062907683035866 -0.046325555849940807916347858766003120618735334574378723464165381046082424844012549482536450632501361136 0.07705571963788153749533206530469335669609130000399388352209260851304399356845627499903983446310664094
-0.59593542604261390855819395319788786737726669955601534085940902583976771722507479363851837097910482058 -0.29555726968467342328520747769027663709854879815377460533165336350378639893134591338334071470994084512 0.074309810242328900311893425003966504796219939533124546207890387050839356370594919818550361273987574009
-0.0026225115496158715919821528390261036187252882061125366660855020538998002755866005303161257096484437683 0.08592227002785321419879095666385975365634972032363178198820916348492723914045635014962585343766391332 0.13407582230079628475511936840350794458604711935874186157940138869959741849162252194748937355912493844
-0.96027135206119940956630163486600377697609599851921284516843989448252730205184442389744200808795844459 -1.5516445459327241605380706008351104536502474449680718490996995342012754565575210144657646186072796801 0.1289339145331478305062331736663238985226992989737963515922657057282241474588485134778642543048788278
0.42401298733799044312268925026321313313164284329746863919221889838584323070461555606143978771036628508 -0.46647032319773694190036497036640563846977192270392923949517831505062999510538580733800479879658989845 0.16175658490379307391937760817134583504714768641024507974253370156543385903527151100820240987066502727
-0.76408117233985634706352556943502317136903792958017251607077172498318699064090907866896187085983704109 0.20372793751265521660675246227887581286350041013659789263303068693930502465026861868239484914356295995 0.13334075272331422355550605659362555551390716616594938619018801221231115205245815269408375031096513086
0.38232735782111111080278265336474861344860396954437821500681709581591925643481135675291833254813093009 -0.37181870934159186234251159045706952206623231729554132955141954696165034282377747418253817766274976257 0.06530362556127284867211380356145634846423605325057926538362599579901765771715995997844341554592131322
0.028813326131847065010593949203001729682902837736539006481331434660557204293773368501797846071069338368 0.048296274153054321406262733401544054069490999858322997347430989579158429637859630355460052693672196716 0.073759479563416633577336390852510716715794479291061370366606693722893684884276153306336833590500339906
-0.21251400354738076024732205510281720709177681171280672240775945085233719760038970103880251955606071507 -1.6450738036487256077036349157079442925618014105426940725562105217568773654803427245007513821624128589 0.0078961740399341192100749386371149811794120081303825940759785288107455565131813682302452597352872126086
-0.032030265048620702660211845300787450379723830588321986049956918319608240018632550681006727483632431585 1.0484312603516951905707299925661996368792406545729328059899464639791684931000333707130942848363776547 0.020664391504944237297725812840122102944392199533096968557275190681953316839270032596266615703593339644
0.098904461826043186097032743332309981270027640730925583043722456087821782940987072804211650753041706817 0.14332263624374715878591825483021294524855888247320822721953192566896646810555976460226181801086652857 0.17837862143156860069714734186613925269937932647455145112034818841730667924066819520899900735248205062
1.0848421736991346362662086497620142703302291262338187450882973018719636188184813848316244957038753059 -1.2355144369354259091917641077756654507254714385590826291654505918373175272100031266371169351868442108 0.038353976850947588871422549478256727755521431777918632170580494724078544155467193657593053007239998541
0.01727018902631652942768084651500035689910038341299332914107224471180783587453147678263060042338677984 0.0011680302847330588756135104254813909846829231083406715564636209777618219120608697741550609851939373086 0.17833840551949838736340927980805220347871288311663202834387356605169493681636835308594868781966324732
0.34476622099148700474261602816890312309595501979426340220140482884576757986037277104521813721703541972 -0.25941878062836947586604599642458122230696794262617613827722766636881053307439128347984990891123389076 0.099081288734955009282040674764326985111854522896526535288933313897438803363910614990167161050247433452
1.458437719247160563020928954975202023500835011067067316931816056520390754268101032322045896055412158 -0.98057084509633209668913742910565984828323396748322065204840881104932195076765717814184968180464141111 0.18080388842223263259576132647255482340502793445043897572211388901135693555338819596335360518559087206
0.31998087030909037750217440443415271030765765315420981992578152773332701220900528063827733406338051189 -0.45587677231385722401225752325889626286140442732986322500623565562710847632644962429999491731402781537 0.1018628763697091198920465658119930933126738523157706447940620725846023958432640025519484261408863145
-1.0087681240410281898658513207509081497254829216224877978272419431645649624385698571266794638465882262 -1.6584106913744081223016756182621903315803347695385917327461052483302906349430128268920882443813412734 0.13599487338327884093625717679499065981955801493223639054550384251238438016071775869347305887425118971
-0.77793661738705010319437368719340367800415602941339723625995572826873441827306914190397481598664175024 1.0926732174727516634448399960567418617739307318816147443426154743219641574151396866410809286437670436 0.16236163362588875242770185445079538277557605021143599217801973425267224914685427624349782101299578736
1.3196162696012350216263050101209655920965555137419136681101984422022721489026591442761564050914360227 0.82522685005012885752651639579970320879248746877638023123761903173502785110093687283777782885105048045 0.12984985927108377089199886009219175441918700861597947561911442761663704468234930963591450305241745197
1.1358869640384708827200065230676498084025323721550352163590043108245431607012167999970070641881080611 1.0855121964185102770152855451526878214070133046684714021721539774554099381310109627318217240207357825 0.13932554513271161593365312775031815566739760133524769125202353612644083825221958513907346195352649855
-0.32923115037718314817506207328627451819292921003012752886720140449828746167851312649721171524327787988 1.3437778334528521395817257046163467057029732944263368373729576842534347157083527495509001056718982172 0.046530877578360737557134265481930147797592680441287566803798007515400109526506870821970149111020519186
0.67567622598348666647911848670743402432593846804722946823204080602885442794688459969141588721278271215 -0.11120929711920449493072408294695535629330618738891451966831201235058166572545295587356500066191570089 0.17503691455848332525256052581864609944874706888257911798187774043352949229100145251547662729278037728
-0.86726831768823664284356625468787179481006063751421495468320966894623225074754582453138866270605437942 -1.262338770109086552268324269542359125809580342261523982170609130919395296802088193209215995200659808 0.18891035853416156410501317602333768717267271663283857473270914522550857961649195998653968164693044654
-1.4062947346280617439713212159753751959095513831078754932228666131457210577659787800187067328848091099 0.038585675111707354189502626607659387815939778298554573106607521323890267867393455608841185621863085975 0.14093190453839871494417538451828542535851321156177906518739521728428270549515885434439552102003842497
0.22429030241759138614834436900512546459019590237160865124272699989830584740659414539816866449881325574 0.35715302799340221963989949942708275600145831191996410137496791054022452046032654072393245546302723681 0.18274504997336036668107023581572682889942023801373941350244112988692927437533933643689123053065666926
0.94354810552864382530679184772909612881637206624352926490043805314198858545700723280807128420482178485 -1.2440922355444751604847329040298275316709571865450532848028021513238702601396766090200312466578834667 0.061581857786172792191254745767256841011656083622027850957267195866410189506445509590056985201228613901
1.4671561493707725241999305027700072979318562321954840551683850513324812641970541649215260365797547332 0.94654933207398185165216781321445812987678454471776168217187352003523223990622434260661606918962797768 0.11953750383701876603766040203572640530092255667051187525371771441823299033764270406477694387784038845
-1.1413252099097826164194886061091249545303924734917560536949090492062061651074064675651031571433424621 -0.050085066418375644351493157828794923781043024900000984922358768092187502626288519142656504438852213821 0.011088741520756831833700349535318519782323210473416687829773896065933547148055457773234845571360792287
0.014834143678755015364633913329552470667798442799260322999793564483052563339107409120951951970600890064 0.014752565514330355491981592231489977648049766689378899240260444419695607802624565712465667476268847268 0.11174603522156157165568550008205352094933430228642296836849782379871401853111682287300808773939849041
0.0047394759660204184004797599416989015254074546820189435533240010428307444371415685840793760006404057556 0.09274386939245752497725489389676475940753147673252471317840180918960210032951952485484151894714535631 0.18834596276991951846259076436864233128322912863019118551267519226184144934443855768912693152096462977
1.4539071693727152678237197988988473809625018101178040191788013913899093484769761667876293510967571309 1.0421842430082413551517427898800218820243170335370020352646258951339093475777882052279433004068376648 0.12600038987061991086649951548305686561757150106116150511697999200457916597839964862027440280133551072
1.3206668012425493042765001428942488633132534895076829097259894133938654080345432595401746754081547605 0.62008287462903561063875992572515666285371549373201830667538477884352382359599881618499336917381422561 0.03432703072712463429214245094188679982464100730892854935176448027440600321043131322866849631450556419
-1.6691053140516284962890630846808627022163316781045857390283290507158506587210543127492759175095491252 0.51936939764923175682933336451325892083563820502506027600643015919132916027663808045946728822301782594 0.026942765593321219009988438573410047805855839876657579227512810206213429506836298923434302856434642827
-1.3525164774694988470917248309675347376003266992822873650917351460628477080740080900661245644176624999 0.3887632606027688857500628308383535845367632141978717977252675575334841626839855916008335102919760844 0.12247627176175660422337910579803832142079695461441665892501539753613849422563172070333818556276219124
0.81268114998236174094199253949337936556982695051344840443703342822427874904658670873687980044803013873 0.13433252125317522445740446579759948575707072744230478267228872925192654760696227709757350114651666377 0.15566018899797250249859756144813218861057175336358458094424258126385419337616356311850387910108952625
