1.2316268849700918904913384810481676066786320365006803498515741071213979792254855480899698920385976232 -0.79865566449579087703228947718942134427919013585266415146491144095205285379990011634113507031987398907 0.1559299416982512908187188865735102917456696849783149039588051179673089868543048775487937358703299452
0.08367162581970280934308355607204188895313675420105032533688655271165253010594692936083122353775611294 0.96323562945189848853942750003927368615620271052213743702726395391905409433106638889380282867798173563 0.013733172709540761355610308374087337887954337028675593719609882720506060091971355681346163056274823536
-1.3214624947997800803951188486991177884646861846191398119025771661028206387169792427135489594458750564 0.62987558225019415507561303681562094777197452526777410349048036265540081604732278840799086370169610171 0.035552133112626943276600240874040187246815757513145496265880084685155728271581596286110254217355443253
-0.95681714883799165349718860247708505067784931421332035145570866485268830326169620570532814239836592804 -1.0056620637485956614925282946942980896080088333071210278035273762520540802859008017525310449375727692 0.16805896584572293402092927679499160316922952900857977886996266472214419016562127623029012963295230102
0.49744854680457268657380329815773640540991057038509822402815265408431272468665417283539570540688867493 0.36289587433141261908113349610742883836189234122842895260344046057263907971814777901549662242092607859 0.13316859134205272838654602862625269613424384676468035305608182647481946896970446659712547940198466466
-0.13636355626344451595956892741761691183389888128453864408044290872925641239663281083690281938688523606 0.20655472411366305976926902076359356564671844693509025816822305418476263578091841730761598037796332562 0.09810799117916379615022511076635706359663734441171682625618370235349684095742861290253578404384277117
-0.080520781302887429050672036521713343827711892178773551496538048161766412136042402804988834674073764208 -0.073833243075461589740216744477625062291151905932223165902727333080709658671197442022446510863094712178 0.17183000465850000933689358738694150234788085667325403607157479153923865108829533953236994229441990009
1.2867311851582287179236113721906106936511689311703841054571516692726108300724779193104698975064897051 -0.49961729634857237343811665486797578793586487234978666194702578777910713057838967210998704428033225393 0.17830506047194129809608295730527740822722107633385061582875435815714415114316565808908033605378724387
0.5165204241446894637363375678553225945647352183841530268811210990307088947229182591936369971386903548 0.7683697714646465940746408214029422930320463709137367198495450954450114866270265308408509925972487491 0.14351096772190095559234825609773363526425824253427698320198410030931536132495524797160593269614206612
0.30935583596284338082344042904921013280752240319624649923302587167116914003503044348425709461805475456 -0.013999136711063810728251656727131580186644974801374182159360940615635580011508092264330141559948568306 0.14724387910672086711120872113908077175175102986517948465892256248667447447777002088640508191515418862
0.053285821565142435376823707148498886935130193603570074897691390306165184189944614278895822768446704543 -0.35048622314293726226103427654375122211570756704371206545759806692936491224290758805500010491884010249 0.12673306449903707745015533861175326819178292164545647367422796820799335279853458329618235546151585284
0.58859473711816958045878204899283488971432124565987026592837592053878581643340666612980257352401629353 -0.1828119489791241970301878959357957120493266038993087411301408932641731356673074053605635898988477065 0.051008035502036999742992853073690048957520645317347298468127945337858485935902043624772359113760124778
-0.77991171700522213944673695687868940205931047700042939201654351386109572984720512917046982063244889969 -0.29406770436088913281182931531863922384905732328531393159598284806002225622779757645628784790562759576 0.1732922259508173600025329933418906003474202489459511373014410751268914879236624478627928172615696438
0.94737446716913413780109567192638404592297139642458386490909090263574389227678993312516487770813900942 -0.26677709431689545387791095117381184587043863759273716397774871065713971841295999391962648206993977762 0.075885210085383526393944422188057684992867357099807219181667180276576967023713511082410823650701517305
-0.049816362523618025283197763025529721802136462303700763287000351250654463592452901184026114585928094796 0.046737809025318575873614655516491364145616873599253470161055171645928895222478569994636044932953145492 0.10118381464779956536017150096628596491024050828754674638919070620653640543038438963092678182152670276
-0.71285661612713776126515072748011419262498734253726497322383697771107822519995100046195071497879524474 -0.29919490564449574067100333065223589357597836466851135866865025136473658298962178070083946617104350224 0.16866954858579093956370018650806914825961227853621908960495644406447790186070679832715675329967587517
-0.30282190141879917011960791458941736954545691659735593320394568662309484447553427823906838205911127239 0.18135151675010404558808971826159206543548434105820491461114941881487989252758290988310974659261529716 0.095860776331916737888744757088880895637707041165328147875649087780559007982380683859452197282817273023
0.18731623735247762272951681889052903149626209799144578688388602073294126773998972653359566664595851124 -0.52493496418454571416386271962823973678975770664665327726076843522268738788166415341389173528432346521 0.16621790698212860047814732578966833787825853665707331383465132449285107183794574887559750966439361587
-0.13359514484546513813535737563284563739130940795029182508250304616848102044845862328239947054224251187 0.35604190353337716748345686904492742718735176477567952206819751648787111211094537379804753471412638377 0.13304795470328723758103032437559045461815337989515350833920068813307556353604097549745906087983680199
0.42260999224437175806015284695704211443530829671338645008363445450173939451645199666819628594158615744 0.64660792156115679026544525904323349175825331418746466269437293253400491516407409137634519723492574257 0.2011091673901159931697139912005074833460409684352421434305869393985672335242423962083825811401484039
0.21644108195560614518543977412076459216739147372834965045349552523372169145102443904401184591358212568 0.15028483789217053139026344946293031126183081522818417005801765428802333717192303808114705098999069985 0.093213787991340159439398071988834967004173180609857940456102037737187699828574541037064485300229575719
0.45114691450348262198525496007475292926111803422558035533361212954802822916722244641464857461088706346 -0.25388815647906122329549369047032169352782240401262466398521645307099199761502358413490915394208824214 0.052893530788830396270614889344582817617988610362744304944586698687470007166926799358619040856394517205
-0.42363891266508451665215538228743867051948072907652805817590826833752783002050966695411729621748357613 -0.13476419557406838267103312609899127332282127828270152047865192834177182168231711089144765935017842619 0.042295690947944212144179575221321131198897427066042456929768534731047354072035201540451347121435613961
0.85721523125525555350440368944505243688877491040711165081155342861319147422510253045386440398406579855 0.38270348269227269319371947176940047659011548118604768402284001927169328551974592704642228275063810715 0.068355622673573765566170386927655780744432673285501275681360899267184503027926857075505525325833967982
-0.11646860365851995299823777899022116527866062811999502299066585116260221212665440375208919590381684615 -0.61929252862515678112840657955064989047371229558356344721801087176681125291474160214144831341535567699 0.093257008672789050897039855868892480641345692959802256391791798274334603775012310549326211990924252705
-0.74529898966095103618402827937618585194818037674042393038510271869465810135707536945184197671883448089 -1.0264514528895682243429840744848317515772539396312367754575219523160626925685800754677274240848312481 0.027011572517509848710743778894439744101546716249428499432778970935483949649171540738698874746955723782
1.0005680615309747757583134819814959904227583800429616000247767284614088786466709798235607420071179946 -0.059597791522389768181586646491500471634606642262261229267060830629860238103441150289388242695523313174 0.00020640446714786188859050481039894064174497363929979661706345219555371248823900876893198398876895377676
-0.30168500049447636596283453653378704221030949996548947282103912342392341215289094484765657968938635278 0.55861434971831349514111468737190609144154080191368709825157927499251969995813689821092362914250008856 0.092002013634460435538009210895963607427923109466998729577678522723542666389445810293431630522779525869
1.4005743592966597301260162089638843337724161966266486367902371507813375255250747763682646398099272733 -1.404049900020929721193788734573502687343762633821436825457736688565397156615884712197629732184069735 0.066439135792543511027612025969900779880968099032660870062686867225982244455153806642703729351406453399
0.57759338768869113309831415083571687035264043837339417847981396593843931265685907519941411743961279889 1.7393590957671863911302060994245247666875129829028877434862331878187960611837560768191667727253853106 0.034683318164892120759490142195310322311985914461398320272395514007500416536030050434869636219501103103
0.78403816053015970124482266728728492619376482131297446508791122573524632238844094835499126972158603069 0.26526463810391509144633365374487089086184590071630377370317420158695210104439843589693702118642240685 0.17226307402441204902262226763193096083876442939195080931137162005433026663767744085850601503854780409
-0.61069668813680819865349235652650148026729873531278557252779939663180452550462459284651247520292969644 -0.65501763731169471428179451750574594624308381092097674925831571804833670676754326387926796189388906136 0.047518561440828872185764784929519331161319468787014602749967827461288586058994176636144451155007762121
-0.50023006043193837530895293139652056261894125256054577643038747057966788419644459451290014057752774304 0.34100187773401764699902601993276909811360247266306644291315199769671731587031208159087979419462831135 0.1859944862252010665873408557972587799966658056868726644221972653332553668459164974821178283986111979
-0.29987225175338203498376250559428593612471583393871465211201043272436562621722065784306910099326778164 -0.068712604762389566669766346484191256330438830115593876876341228152906473935653257452307935110724529087 0.12341172322860807222628865830986671140226856136197462157744287297054998618586996205597739228892220667
0.51879446022864778330286064804408757323512330670694716177240911828464437600268143762813397613845452045 1.6875002649235516728689597923701034052434133457485260618681113351161804650483147838129398956314392918 0.0078051788487585385870487892268506781073779970323537098326344241629474646888344631226687513640799647804
0.78087894345152602933235446976675857047656739621257911073309063190836888790739068744342314703162453883 0.30564184444438073186230755483156599696086804613842919409108869814523711452764776859683574550824619049 0.10776067142081963600178734997069017207754084927015981378333540822804970281532125543667775013276184354
1.2237642085256247703259841206752743519664389592403065725209619603956883784044323329879989722648103926 -0.32249700155255710946351888853533635484617325404561798542912035579621245615531359088724466305238538533 0.029514208684848615692458554849537235774161070320075450747750674726914843044073580166972885841251083601
0.042616522622162777030699598651490899189713516064067800782052598320835798149885757446930201034327159819 0.13068230294027144634685022720671223024686765095815318545716810089847131766961563081561219155880206855 0.10499574875967841545973380186278823328265628127527617167952927485428574627061538106609257538905490729
0.52777677496333781926403733530214672325705490978332710247344711773094439857368206603320660545448642948 -0.062138439362436838904846553431091721632058928977619758595596603702607483479331885084437279319498064388 0.032901549734146247928475795955708211081080434597834217219432652532571759282573714690854965768110836838
-0.30981427166196316485675793778327544420415369871084513787415614738218119341991042051299956443695506208 1.2456425381668821244643788588622522875859712650491865722630574055044037472688229009380471234545625166 0.023289408968349706565219146345440146345673802962689415886086095947320506057673196368501575417436358174
1.9328532793024350972266226474231993206728415648803231682268980382194891774113795590787911884493210823 -0.005434932113127881346051660664345116807352881329852785838687519432535181038669054096349278527570219395 0.12301567806252478348281818636242163502533730326733696431250618660831945026567567055508385078639112943
-0.32864285019881025881624883258715358989688564030038298710293643656044820100177088118506614787642182759 -0.20257819940135256082385192860937259360361427389434429888685306316312238347722951302517435881672356457 0.0021815018730349020774147414952492397672738179865808939373004982555632095566687719998057249538236684698
0.30084159118617177957397473430492893956095000097887417465080419460196078480089953266251664677782874009 -0.48272016762218947541666329205055871226235438247021608846620637533876339234207311848922590968017481121 0.034191046845632227889956484299032063754954098258882418974776401374479172751700547492441811857432345947
-1.8842618696144480053146723922915856900963688488071637065041751969110063720503754063413910996119680902 0.44279617539830354830495119058928607952836059817241069143617051297777808999898097017193555827520266691 0.06815674997861931833413893952358052109182614088270570102583096126330122219030173565150513442025722872
1.2346398734218088834244906964404485101615449768246313988966261055529185405194937213422870068575518498 1.13543134702944271497659031868770248278543982539924177994657473206278539041187076326473168415672453 0.19085060412147444947785146826255687914477953319061999934882507586850772687853779020094187764328476691
-1.2377838234345353685669328029643343665042603330148793321221354323718446620074439134823097969876800812 1.3744347567036314173629754251936944846410519481715932241643437332634433833480924201424509261967472049 0.10923996725605050501584056912223257212177997722301048610245219051171345264481582669290199148156428193
0.10075693218528055772481139693319842047098026913072747381058177577509318294398063237092549259225887904 -0.32801516791639929779532275485016977896481916887095745301616391591215205225947273395367029476150361309 0.030018121405245111638976419821607516114419943752512382227395486203294727616510602339653494974578437276
-1.5064842970486781188189616022648563054003405642371995350146659899554354060481710330294697107029252755 -0.78274246919482407202074940573998485765750652749673986982057105887151003635957112613422189763979082543 9.585497025284301987903365668884587738645717184474909676401206909307858550479700705183812271547238589e-05
0.80648494675069359849441980655481503686768034490497666220263012533412747880409567048859030585365122423 -0.56238576165996926844079012006521054965308514157232752935011116793415724489403507864108797671188891195 0.076601316487282442098497414932603967351402950178309913013690038450492217798269400054162478296688707616
0.51373743609596339728675134184900613452919149193498073294704208146574377937132691271180013222012556557 0.63421966080023307568138398275141467690455995313583959587687318891635437455042896772337111355656959019 0.090456720845627401360081480920926808271174976963669362267380727272134255581457911648184748578105338741
1.0484785779874349008705358156980243619867856391360562731406364076760518219316335659064188600514173141 -0.040107806494806817835545967244249890671642811329120726560767012996932749944053008360153848807880857445 0.13345328624845452369972462801614349983375922908566704666963089399650299586295993400984631519094972177
-0.82718858759023126802869468695601987059811466397820982266515083013344988660255427319578384928305029782 0.036336622765053782467570769289663919946547145272486871515425018939744820229043941784419300358461841143 0.036243209158885956123874866291644218380734650177929496342256588912025895966543029294064122078801874834
-0.04046585018830207084840140220406125530164706489731378344580876883806527976036565766715059109856254999 -0.13212884434877449551451135703718310043139653469911225423801242027225606009514610435376845488192623709 0.055692796601175484900874107248853445159168406340390187546876490347194788503235471497700524261218856043
-0.70021556221317058301832922894174307503063518357285962189539363229123895486029665578522635874497652096 0.31715542330822891045709157016056530021386393061729852641780678553040402111904851465341719001851220001 0.053870799015474429724249148536826281854647990778585439419513625705128188714271807867671593281579771779
0.93694715459215586774714123596978110431391797002995299443023461943716646044976633977119905476578782745 -0.038335915563306642593209369019522098106658750749822131038688013547180677248123298771738542379803518926 0.12346306539723627150828115188375893850204220247009559079681852107928743367663922561910482269155532873
1.2243083265104016320741920058212602611853864412116716752817807419352986602122216435577650474024818851 1.4925361950832304611620067155230855993997882689966993515237448270119622728667627074316526878226916994 0.097609720520844881448833143435533069272134483147618037106435299749659125527255732922977533295155725922
-0.14544355058768854793347656343454308741660179891142673160737610113002907806578734730939809778101769014 -0.031328662707197122655598742905361457531639198327246316092028198249753861124249827039990483945292382206 0.12691509720034569016546609567277437553735865569649770651366882987241388552246881097117603111813931812
1.4045220648646302125906595057188674887309305910265327414033678361009889475555920559425201336993081429 0.73551126513834757437669473480996517076390997663556694470192094386028299897099140907653788261726197076 0.19577062968204185856746665182688697069255398130475323328859780230822071412203136598209834246768286577
-0.79926370818967117051701670905536512961153538264724507627655038888336302385786517741930071228222895982 1.6045956791546365707610125559658465262739381537392720151432603676961999989813630407164969795512265639 0.14097447361716962235188807815776199231354088215756356405659440749750710172639316855948576696905455527
-0.41292554511626549136292852573682674134406206435250678708857262567219829630829222468876093073275098349 0.92495371697067273970002275060193975210626447912548874490711370606118321937467866772341476837508868505 0.080557170516695886323816597294350491188837334129123678686998569570172700472012949567947258622439204406
