0.51608884185000529342043943951010134809222061303657148154764013993794584664593553138993697323186438582 0.74705976508319047364828207108448628328693692171284713875771968944788266765077300704669415985651924675 0.0029145627633123680569420457775451250499415871017799385275563052845594216989606042295478578305903557095
0.87158635012304810157986735948906017375029006770031623868580385980921939958854560297900537195916572979 0.52959430468922221452098032813200935180097038196225742707577558184209021051457934187477245494244893457 0.072444977883636405628916586794075460096679608532915348101326270102119379540859897497380150519228362123
-1.4347929566571578246190365608395472861820323046985614253075889517268475109615224416069743473259678649 -0.73878045074364107740254503822123177214276695803112868798101635601866681560885542652889092797290155785 0.028863364629754080760943626388524231210276482748036002945231223252464187228013416597379276055578985147
-0.038208359392463922369727270041178803552789544282589341196101520189146748043041496659579970256121922746 0.1175876112145655875441290206028452321499293243572473402209961450950153531306379207042581720188058324 0.055779059239498708871660737263502356078735620017789497779503667477079831224370907113839944209520233537
0.26830499259161034186581071967207871610108188042837382353410796571408847383854868075354809609415327938 -0.59989290848907855140812244967867351188765148921251758777083122842146493026090894266248200506420373917 0.1843704779428823534767587182361821523729352542806812459396613291692437149388766352525384283106855
-0.98070111348249284537186349864975285405721863613076828894068559117133738685439956537252607499654115404 0.84056833243675952344609546231746380746728866112630757542307239565597420222713409253338148684064644033 0.099194550383093698958336855486477946780034773447815379591784171510199128747326845110791754177923481554
0.88869361763186830757823684568012520938957670703886286639626036845135472622275135290488933316466397266 1.0584025296541431967053375372154662183433526841666619343450042584490225933712589027386578687781996955 0.088162241031580133068632433187584306813552344089675320749940590691461044940520576840496135025206485243
-1.5967329735885487174905723017697269102114042555480424679150360375174769700348922988760194296036818118 0.18493052237575290600870879921853979389940104532388239419931133937536628465657118036341883141719285947 0.10757023619627085939975393058862360736158696574353302306515784611215349247199692740631319894994163634
-0.21704026896065103300468118950303593685691679011234902104311906602572359410383264173699184294653190007 0.67314231007309992464777846648777456102064050965198102927106288889924440129921765759339538714955274316 0.13941814364735415221280994959956133846596165284764639374318837761367284473812258376820310520279583178
1.6255033363222143729828528537513409093955716600370426515935809338729088823863034506580931687255048079 -0.59632467128942324808498702000163390671958294243617398904419701214997364579535167002574136156045268352 0.05687924862272064268708605632099056729288374364238087042213674209008071907484641493786060148400428759
0.29151253519429332285453166609184783943526973212039928343414908091062941537744736465547250583620786261 -1.2146349592818878943044561433167064967375498691310016282408291573583691919038567184243933261317260965 0.083934710183459496906274602353259825429974791203571854635791365320943190454221784346175667108831619674
-0.84554747100261351323561259112016261335869100014063743000104586490639228126575911646802491367021773587 1.1766866586656409801182711353764903379939525081068256882223730414931330007821428204177400095955589225 0.053652459010516574921166399675683969354176468779708411426592413288362493655379882141513276771253885626
0.67974869902467434711302228039935237308271827784218929033706463906427657826683202509696613335657648562 0.59081350350416903033789253412470094459006953538517133086911566367936581814583826744000391000336906085 0.1047906235855189927085218705466175849255629982572611451136856173381049312839336835492664216704988398
-0.66759390160663450623558952938185959501880900349030076868631303398484744248656666298944053394867580909 -0.60522680683025810405426088920311431204093839508988768744576974789440209206643198032210685052885967367 0.06774917974923379395967890134096624156101057538884584675099562549517888985816162278747855434274861109
0.46225923560514446030065794500086853300453237822740565812396412606079058660389034425433116416153206638 1.0821741783485663410743809139796449395250687182605755071474968358140149633048600183313089779910429663 0.022880598234876075756192995407423939583185041216780601954610502638863388679426853018865610106328934082
-0.024005621403116052187288497788782570876151408932908769774147143165548934002566494912261039874978216296 -0.13497749675259592874936752794586602068945367092452491232757784696948516160758106684982666479553323142 0.14850512321072289784117744919658145268684916570211320646933979781947793849742212195572290762868604376
-1.6062287764347013048368656510317213497659458479640612680179908131431380346065786213925077304870912055 0.73993171716215035949248416178847387576104598780233806355408204095659034589868585431922643810594283467 0.13807550459129071522454813447039345205072490969990366818677728440549972274789769856023750956166858087
0.45770238329950514086765823462471653012719045788153550218765669787870643747612033753867489415045259601 0.83969811177113052392739609714490351557355967374596152369959045089993362439415185675959959424071144434 0.20393600044568149974516938832286705305174543638118681996667942858893943098523466111355686744081212062
-0.37407246617948454656556718851711900897039459581033146785539585627985221839342218093239537774583199409 0.076616136022724950817314920201938390455591964579972195767113916500884448389093714181339891822910598706 0.054294041458245009944441783702844868823344442794670160318380770049956718362306218984195777804695407249
0.43916106373192487078174884051062997918005983666665313781039778533693732595985788293012691652036944251 0.43784114981213302049688228517456736063027851304875766751247885470491631668482065473970036385528018013 0.11156281233706637482721638288318682970043716612341743643350212712780296815251120804269630677288585901
1.0407262196396425470951904884317140412240787231659364748996448616700312143247891506421755609470325449 -0.92571358099594722506758119755603594400630057176054729979081233483546742415236195163284882598012289962 0.12125787413634430086756723750955241979087511539129068250697027775096231205498233697765197901744830182
0.19807301357847905251436613440922906545749826793611557107701489166646049178719318774879682215668833268 0.84778735424094593156011202740058820730507092513746520128549182490691663796194440159819181459641379906 0.12545843895269059986036726387581220713629895457018398775369522763731278583649263915355713873038401802
-1.8876920882152901309456533469005446799143142656190684212533587419247779258105116439551209626237023426 -0.057386986473868283731671303706632083819664191457171305838453372765828743985244637798738681694177163872 0.010626267898200745453029411942967066980385450905955193877642355692474440848680316105816828873695092167
-0.76461228249211365478020753609888508549828711483340156069936553721866214537823990937009777591556023097 -0.60838728054975769022300398924689225603766511010188628926983601916486513180874491366001494011321774279 0.008433021734755278967237051200724344100125910640970933894902885120828067428567962138586912470122738632
-0.76511001445461979833241334096203970846075448443655552099143525461391176384920347330428630624644251687 0.015795580185670680294376356766170549115038132450468696578236062437922946247764490414089499161391374267 0.069115067380942228417444786590368259223626605969517748910115554474065935337444425710408258847479626787
-0.13419871110038745503897696680038414394310846802414196100166860995854715447360229484093613440939785178 0.63831211764809958795189458035476881624344531947814529921180540721172618575763267656795909021574168024 0.1655750256821326591786557978572264592078443952046788925070535805389309374047429427733974447608727813
-0.18730552683742002688102289459613182698580976960957287729322775649130078039422981799721389195727839748 -1.1996644863984490410732214855026671263672989532079447103269596539084751251046176588019921190908438909 0.15864766139706287177977119460651717912685854988009034794709780917533082170484507197694816240510654317
0.29970960187621987935964723594402578918102881118591886365065672494842881502494163135198007141779193672 -0.26803554266789924259385566438638590280433427042163964653454260036847651656404597231616713365907078783 0.069446835641036477413138877367430729113813074580409836776799277641111469744614626656692430345377602025
0.28075761774005021298715120809949753696852613208492353140019466709945004253491239138041232134202441732 1.5941936444558777108378512349398297626043062659237307475106032913333423372643935482965522445160773121 0.055690733222919963801761376288654885144012841319994587802749871786522593842589928623470208578998874496
0.54822537831449110702642765052997871779818023122671501264806744187996026893771398257247768036987368507 0.36055344289256869743623732407407880591636346443033345546480314918220134231641121137702636784243564127 0.047655178382735005695239778648381490281424394738269603749361076025364764296897322688975264632700623798
-1.0948491123266517585802311511588171312732423393191720586319826216880954158224101689838610941591853738 -1.3597077759616485780200466511082652871074864635987847981110046771176934735284534385692894181539359384 0.13073331765375808792416869739164671585405691735710753272409585831758939549758525395628012008699066468
0.52110351035849644935072847734704376612134110113771475906755548696148418805131644782708435657766319712 -0.38746995580386429706674639590286622369983600140458466000152859375306826116160511144580047897043456219 0.19242174162162375887909238417610092648068170119062025561048255350561041808173894274501071377605177509
1.1487732385485404105099429847933441223710452867234373296835739681425982555912554401941383115537488212 -0.48230124253326160847802997292576453776423230754073870954440573868335756932931481731992866688025848793 0.19105745966452860016291938629059645408932334311913024839006287502554458809685748605779446864874815295
1.5048574056653199885450152069808734073433523374892395758774684338009616629441420639509954902295682765 -0.6905628544072946927553038700540837905418412244446993420947232411310316884649295931860264800361662446 0.14585984556425567558767048647232894512417876039066242377189135264127213176367527551326032261071523531
-0.33588438257363445498686431569640821612001337326062918145779012725556100001675178242120644814764766321 1.3194999187951672870612163598944747827735840182389221978944986047538837066947789656523818013679696961 0.050310603001307603175326805038288204563265801923962375409929021835080014992558164020786269644422096107
-1.218780345462794417042878669799752219199691128925623297408960960533600880888702265046108014120409169 1.4477099319925530137343884304975349852057197342779362816458223757240018205385022394717486290843030755 0.028175734015890999661305403145631370632938373890492073456425441275690710275047747646630239676145083528
-0.18699388189111203169259918609905538660459442029416079839284395408030856505883115340592894801492798209 0.046375956199020736052071738813261224433638601269647558740709185696905096195832103103356899862553047645 0.13086468688501154942097659125514746220589795787683740452094703402323498439991953289133246369771312725
1.1043570837841327723544448928976353099776097289312188817595895117488981459575239401488629057289600052 -0.77804224076600585999787929453498277070201943187371635933996581193891225406812432745472418910631754691 0.077428038942435445616127418834530227681179633790135483596005585421109459100224481412968078430737447393
0.04210510330850801037254187864282372874836876436780964390144240625731136468943539186678772745473986792 -0.1389405639992290035254612945424129439447441668293103554575194168132421060352696262710030314993711859 0.13383811284283413244338207560755213806864232545050764976979672882269479462256544989135802568890888884
0.75205141703952217104820959987193753314326627884444352326102257085149056612570496397257856350877864063 -0.3150360064534404309630426444304051542807756785101119967698271389241119172335995594073118221980224404 0.050837472339580318446548023090276160245912284785469005526806217626164508561995320677019203638871449044
0.11909028105031065987017033523833826959568054214258420895917061426402889573411605534585362950431791063 -0.30531786409634703195983279370256279772356252619189671334139102586497841400448192761949808449144144977 0.0043821158790816058452710265974732733486377795033909290839699368585905185889044106246885108709041716083
-0.49029233285834203897278998902403530676413040390705605753062626824541712672089071036933100400460455637 0.88379689623811192961377776868552360019775528819868446761243086111474116672790732580633283843081902123 0.049603669661767601758334280401715271177747582060615613247315686286027248267776122828532429736864544764
0.79491601292939259078667423426110461006850994814964864210252587118534956152308207775824564403745378169 -1.1292485504373007211029216902091355384785851765456572841438512013573842107026070486122576207461329503 0.19226296600404308657216461853406915272085391450194836876674315159961699825794042022373427072377950782
-0.21131015338432934955797201091264884837223817747103922399175682258895291333007415663122615600841199235 -1.252664655962996595392348071001576480068784518201015198097019151837198549157668616080716865994251098 0.15815830021955932809978890886179797671264444016981895573582460828072019376572696014918591168717645081
-0.05382171670623053833063192230412194236494896824294356937179958783623425259735943270641181804857747234 0.44942523476379742496877668891901243855360564310574706275564662494634148465198795744673747336261855628 0.072687032239406199526155761720392751667413102771015495661441196533417246119368665842008260591503019372
0.22947945861273151778313039115603507834419691036852196902045488946861310311239163834514656269055055911 -0.04869427022591477934637799467211804768358060318465542882352300333286851141026565112884465545919076908 0.11891349656893393186237381467149304129919791861550442951459117532217292235912614066512252225221842071
1.1434678397941106319942012331601097409640801168326601046132459700244012993774043879684468473380720851 -1.3765871414708558771240874413005629657832717735976776804558933914202292608677064316747761475755384637 0.20356960753283670740377611127008588382157184277371799804945443533585092338227893419233891360687230627
-0.052188407037889425398113379673172649527079322670191419337940404106465414091037122787315851586985244422 0.60787537731849511246674407432702986998102038045064566258187709045241880878833940461970540287223302083 0.018158471544743410203124711173596310820156879083020837007599789261524076763135890413057518864080859516
-0.42127625375478954432006735742585933768372987778086815728271487253764612484438904179376949569953541271 0.38117696675029696989803476635900156831029718328306653844296606086507867073582208696291540862787509768 0.13968825450099143917166520985031620692330933112189663392693903320367115322058589420169813791659080223
0.16439214720334774430459226379485394776092032533649074455899490872741886648866101788795827965739579586 -0.19033883751710370004744130290881989597464315229817039970765750609812300886460766580746301235024749591 0.14825984552585264604782450564539982558899812788536834164340163249447647372735936323304237290705927229
-1.0302941528889840693867402953945494028609515260329480367746346610891988328403236560564789440836653189 1.470436600519129986092849913033061728579435754664555861994612405453103803544373514294527455239811903 0.02305317870010821847308379469253468238917252210551410490284316390816713507012649034705544842226614775
0.84880583558079800614473425967615913356260122889880582607001361938385211148048986100885388530660992893 1.5461460244038134519813028718324336892806681359487026123236263795575039831015267224613854290301355759 0.078197285647905697128957458728520932762181417047816575573567719813706873286077136619275546592304127583
-0.61769612745209020452895226999421296434740810306539744645177503132063164481020917648440147044112087493 1.7366925532832813297252826950490994535157633653586030023919267613710318350612628040415063621517049762 0.0061499988668191764327874397716847855945180008309304285634116841735445033870253146040321001718837662023
-0.59017229235722530542826890251572629330133930950824448639242753402690797694978501544158569225912504478 -1.7139459575257234731774905998031337427410301426575509760639619270295870319975579947220204806964191663 0.11736757869673842844278940319605144516308216646966279108379844999796778603901713698900620051167746026
-0.0051812430169314315974809644586790013673319177105963785626851501890961138303635636057235561508527661933 0.4509151019977926311329372427718212135286072089898852092522664333076488593221503128314840379478019356 0.020478952125022223373493261937303252477364456234052724984322397345577347461911950357903595132989934839
-0.19835770994724697149939718700995066859391891291324470733701016734396085401620241372515705379851350705 0.29637785540177374651059914807711283499514338330108378874078639579533736802031890633622372570530194528 0.00040921243921742114680682790243628596855685370092914674228931587618794971569946171348763318533127833301
0.88896831171910893168923425540438214282441064371472979209641081164301149512408048597240565031591741751 1.4533795489714509894099200445708744719359737532638165532664654118571295114418409204320218490828087963 0.18884553646785113728326298483112241264747629627795368942559960332786044913470175634024516764000783244
0.90981385193038088273530221208877044625302227247028821864668478789703796481838239214997472599479345359 -0.12245013977035900418195069889548866269476532982342442675160724310589193089586761721241990210489584033 0.051331368785295899946891882594943920284996070771220513072079476461727378196623558568478058796363608803
-0.74275376000198443775083344701678950642135130040204526777316768547047509090305985103917971747838399835 0.5253752544951263424926040035213946219502246209542625048360850428188722674644236265840889806187472971 0.035003137860090976844479344981000890226002744574690789404984814894522465058799542169291445637997654521
0.62113600608423288903399233239618432890594244862588806176770349156688160772374819170088017819289081147 0.21222752375383138761673534856174359774551349010685688399798575352497517011727471519225882589420685389 0.04712874746385815471378126757210307815550442706685232676849678479966333964335814681862475425700794126
