-1.3319244857701599035138993592145824355853052465879157340631927835175423187789520578087768814182463414 -1.1941006455312163551435162520243398959707202937863042041877278652251225714208105305061967892892544233 0.036176968412605571172077060130159987015984955790565583485960054922419695676513047279562150871403896597
-0.044056081990552869100330504509971287777708282404358402562970378204941628031371866402332687877256204862 -0.52799709901173104936456515871544752734853413403117125834646801370208572208845015975201009994746757059 0.20605832657277517467582021670006921950382415334056640123172852144479558953126456429857799987260040528
0.69037072695511554860282665464458047250590508014132108105198957986855154940353257837042541898737310246 1.4327216895777249975377604449526034762062429184649641219029118955877657518787375619982435742098586489 0.15625349064170489566503955405714300843429389327954989731255109453463141678948808711324072168159391297
0.079940646069850893572182093200448812614499586192734897439720737564261984177832453970884262388523782635 -1.3652317898581043356790186706013282386034302818336793206116280002244523747523046816345270667752791836 0.092825067700902012311680826882609003452563913038449141966262665704931874284148541359987301577907630262
-0.35627524472227775205625482520785502905829752152389245417027939171104475035759801511097485026730690861 0.065647324809687030132047920240194075437372094848490946772708357514194241760402570129782701681644032129 0.18516961029006047536577478788744442390382464805164948647999168602674629443167777238004986200747137572
0.66093937353894535832777849580899332042884844345290098750633386586307698195529883706515260878198283974 0.52315664684301067157011979494892481331078887066273634038512331386040991380462777765519109753483336279 0.14056023346729277604963254573263316127879959393968182501178811983161474652747660473708807002735375258
0.85036314480990669646645436953345627122444344737153305305190934664192475819996330221054714004112333334 0.0020847580582772551185742686675088993873591666904394070692753672437128834625264577526438284913585355654 0.13233702750759154276409994647104041505936440861393156653924272954903875781164002208766259208557456236
-0.86838894285566748716672407163712596370783138028509827243736681679061244130854865650791826537876609918 0.63056289442789244419858484861253707774254393499303311472933555512879093212504052734536684188296317619 0.0918790540736918440898130240506169611882418206065951041404154923824244508695675414990457916655234782
-0.43413406546194454615875384228184716911482628225858272220724144318639132480080616763486655713522388458 -0.27188707386435086748734122007174853821639013630261151257614259511894191224954658639694510101972040573 0.036108848352287322472081171408088933808427455471918386107148406890570857964495428892916692819503372239
-0.35563581955985472041924467925276315613632309734210427088849355345642687767761742535093904619860955687 0.31955278215410705530504393533642632077565314115004467192025533347731590263818129113829095008801621232 0.054572849909043451760115008195946630802804176874281165929844182365714567312886763928587487022467484208
0.34524533574214486265373315204540245054621748125222060195864832557253797735024945606766848723508836728 -1.8919414117372439038483933338473078762070301270884322998116469998379195954098068925785788774944973909 0.19509823251983774596092330516884014888875147785257244313613949063294555709419759323212297522634166784
0.26892703979143490117842091533761968780167367152751828960457290083233705205993177428440281607714783033 0.45999496903365302993701875760644504238490685818191816781919796450355950551148757086536551077158125422 0.095745660528105775013646213225224255219572694754876029845686023975288246240206881383318610771832760604
-0.69682637162696316206367962319956189534846861242690822269742223967758447292151775617288454945013614998 0.63168737880318247403419107837883731847174744901362438849055078953931460095153149454805110323766868567 0.0013108165981764376090181811045938242763637763509397464463829953084326003113997481290370231940736130224
0.25888348777847555362036068945603639303919689845150053925683916906383639128293718675838382054037440049 0.12656511057443018070312079634974752186257267112312675648065624687028731843914644924959389329662381529 0.001487475470344153929974261703378989677340032605814745886718932394422008222363447402771259218799641431
-0.66421282024383211522334310514712315888996535386212422668242563090142158006445605433203345735493388372 1.4003761499822459772980690537841689488682337026461511854232813559546475367754138182471615243477325524 0.068806714395315312369659284319582600018982406101417171576094469721048499403602744545736957390853149605
-0.93776654673757195423450233592157629100262801864109473128843571876530118179005660489336251792291734172 -0.35808518211936534337970603324322398410730345157345103066172964565495505464152599530192641481349011663 0.1825805486575605795712874946977680601456417751517791169246188789934342129365771915220110543338366739
1.5400997039297495453994533290721605143034119035042723022936865530892220207786240447472446174184827352 -0.92627223697821627399342025985143599474275466537155454346341793956350695394161980396278747258661148719 0.059946138887908802869504007294408225247462951371194480919327107384103417804982957676716330817916103688
-1.7421423282771960321191940749371879718729630716580543247312701521036159781261588234824337768571066598 -0.45642191686283655333920198278007360087451502980779411178159235766013387053962485307456073729541566249 0.13009672520470758926280169899671460293756061338211445652846515143543772451832564788260792806788855658
-1.4566097404045004640169016335409694383506788604425587758546377435612196040348796000250808956706156694 0.072028377025114789517062531665044730943095742740828690031931514674826817839327441249419593304532640123 0.036255441867820909944041152376601499057037300828153509211830783941481551940700696268532387577864657804
-0.45023860968253484776312944533737420001785866242129347872531594900337366075072911161578321053753032316 -0.82769103106383025261524376726921737986989356293492176374387857484383995191573360944529229797296248403 0.15218787278797659868239927672958413413448149376767923778262389292881290954159513066679836073196277345
-0.091148438794845800045249443557146990487623119774293410104017500281299585602637860842529011376878061257 0.81457899630717813134374553034793525950903424695307147275545241722111096091602402751289804189619137917 0.01001964151934342488586301793387599314768657159896644959406494314856792048128453155353729868428720112
-0.020913284156406207624403578097024093863377928378655651608475396980403362406798279905833120926972913025 0.50639547746311544645096095714606938595924709979827751470222461572606414461751328920309821161869161437 0.11608275165425766993677873799523707916640346486893536018513325057356679085330848324304719028308888811
-0.7532029247253616568035659280201850485225577639248684366544289297451834969654209140208949545654007844 -0.15145893438043896092004073884354724751399538555573635182373193522192969950773750660292779524928297626 0.084776632726499004204388865634405353670795485346203848250135429812900481049098722999932022185673624824
0.62064938821935291793192853600747320565437534203308487027391560481290550176655053129455165151172336931 0.39271352749439887363167005961848920659582765179268159625565376086452087915006721562555097195959581785 0.17300356230017776458912565309391353153873411366943075288964812225843381322208129577385961400858673747
-0.76695616744228032044122689140008914481211253442354117219552565112434112001030261866518436215533900221 0.92496162665383861320724605567930524309826407200418027220335842764906153574797849214703299295053170747 0.20821655631079054812595573859542949819774354275946378232400683402016214988524894276134595611104882486
-0.14806784374062400158830338812336751559583558554194642462942091635019115225074150576802773256936052759 0.62594674876081787885161627003808933482201984279408927657837840458696607863347736541321147650532654847 0.17067124374844376726801271865356988208170269328563314334254417168396201136638905360816623624538614276
0.70466243760613600154295410068644791918643300306267138910274570994879187904136137415399257009207836494 -0.042178196399083430104308997317222759833531384662276429072693684997837657738946317781709068517246410962 0.10988917167167111145323253386901973198634154216671949123808532737604026660000002426245183379274471622
-0.9178420283070212852462211379986247465740156395119656290496320551305532088897843217947714927411968296 0.63034866279681563055998333984603142677822650777067098185286894747156381167080735675885472870243038295 0.19080986010553754029800656809818558157506744164189459079215422744711646576252948095380373414805539921
-0.33430285548156257140775409404141942941566414632161659809102057634291270451781636325130941454159228947 -0.96499491734877921651485183723458513339172119975493779484558008869197906824787532496652790990092894735 0.14105323779749606853332329186090078409778637430520311489294426099962347387601439271666831190814077613
-0.33183305648394579774768339137986608976806088649265682179826688025925657603290713851017324516828826388 -1.2718270331359588247622136971691083573644527870615382196672037728098714531431456126870179025983913337 0.1426273557725264066003953905490674722381597940717724392108541053155291826305246974831649136090400069
0.46441251610662359196042505741233393273511110986336376459274064016024490182691453292470623078450318244 0.48575465462048369133901375808815947153897990314731698788396078432429008536073024337609307757930637895 0.14678992813479308402121563878659060551622509235330442437552683139543888660558280146884320294527637
0.83870035488180648864744878037882515046270156758977036547161331135942028739409638880512020865472458217 0.39018258080446008631388623071854384487677329263121825398531633068800448917423048135338816474588003149 0.11861555706123683047551201117096083974514441577294850110061319093892814470058557659471084914690754387
-0.57408429518797998647622334474659428427644872212169170098193884039169887684269344979699446633551593142 -0.44721463273550841618249079410974100265492322472990385770624757786595431295467465368205138656455064893 0.060330719610666008851558837017503465135179253991812851689383385102482454561351447640427855522642699348
0.011987222312409097917053197016403170898189222152009066146929615369239588907255042588747050473649999647 -0.0088133847941830177748013420525910967265776192964224301066051316838056820360040583563850259083320879908 0.097702339400178761122942893513523200142317972599725528861169109286872589906757259221401316289101132591
0.54268148771122206233008178872071332573640228614835431882226377765087952323194378001634637183814271034 -0.58468630591821804875841302820199466233466348545015342983107556357394825303417118050818591954902572974 0.0077549554424633931502780691038001646643964692434638703900577014690251413007818841051032385567156791992
-0.56513106399868687645679181097629827676735352525458613006421629087377197317953650197621529001529777696 -0.051155412882787241561314690783149069806710907470712994323313457868439824692897429114998918862464750428 0.02882835849728185065974773024709115943005074631524974013688710544123527465063601027724419080471495579
-0.12634870444888632132714977772729728091389315039040494296316872854332740182194928001466475502847357544 -0.25547535557119938115864096214149021374223904647122189578803382701752765856772229693140033957679670507 0.12100616181477355252001312976004811206780281195637187663257475452787103839643837162594645051010049028
1.6283163239829035498416903094608700014195335917282672790907113195532479311453004158866090199069230811 0.26720163626263627345270402011836815164341999426851069317781403087262273661816553684631226090523265489 0.055969169927897820027399791252587787691949445918954852855962884313249684548320440341411082815672932392
0.68951436371295886775174346006010178935725888795988301921229996056156158555984138754360094748175208852 0.046111669301091569608903751949262307244355557044105746453963445461013203874707106388821208069263930253 0.06347375486764975396304513536739439925833164875902349544174468290387435252795076380303546376705994563
0.92021235954284731326895716905967947433707425433062905589388362264825644336930846272655438340607468546 -0.11866046912987387468353367941820075916077491179406773686453947725906043646321320128057284177197638888 0.09010316523110013443456963320511420584307380735999954569238494599963224376173907745471584403657110944
0.642786597791138346284323728009568043555834497375775971419486019051859639922216600483303313347782899 0.37549766869133910906835222019849292041540954011285863915351237284529287440844787842088951334138280323 0.045623654203753348231785210449898774168229350190675449736960378235428975169083233897378460451812158864
-0.18666845805949121658256730572625958233984250336384983389962660417918831375076981871821536802149001759 -0.64104433812963868425674574794307168694195668008691807831006395094931602782317829425698153943055582598 0.11287360602221056354830968012320838565386936639530466075242828180360251366596545334856338712577035353
-1.1035195745019827796540537724464124980265860828325491249935696610026250152882741277410183413316213915 1.6169953661190399440955126559375839656112581581662441549155655807571364897638638331940443382474282771 0.17697542389587778804213351298882761322342355522332398378300227769491500667298795504089786276556983587
0.85089829560073522475890826790635477261804851491972737345514425564182043433792937613052098005189613564 -1.4365619645825760945575377999112250927750409048971559448244040390962551484731314031174756450793890866 0.19217610642722716531891999298787879858544215268492767738391463254161201987664498908872511340570933794
0.01437983198388359980913458558075436860353987071155904733099838320143785832208294886279361343766493778 -0.052413605447736012403127179754918573182768465664302176397820549006376407985215582047401824380444980451 0.071434965735387394819601674581403074788847703476414329362994287405974220516367566764295212384750404496
-1.0148370944165965177432110020432705578188717358559503784588776796971125356287067683013098265949539367 1.3008534323238914653873638460223886934898571938776345999865289174866062114113702336628016566716122344 0.059248771100307566912944815242703032076818179837878869627634001394518389631252829126023463323283931203
0.72259362465065704505687023291485493917509657336972874650150808543296424639326641572583312790446254865 -1.1092790744362934396516140578894074772728797031918445204514707590660917088559775154144897111242332366 0.1305252648673901337271067606144808718880191731389564960706469143604619638695142629502663873975933102
-0.82980071159813147673863182438947262587593868838058971412326159255647034625811096382762540239350141016 1.0831041807522790513267836081620368498145869607708349272722879498021461289510501038479218274532147588 0.033735845181114955143945593110719439108442611825774617581242422669675215565033271977550795222818628093
0.55624829518430404215585897383168496810025865831289496195443197920520532762428982206702901294256398455 1.2114253834241155125946344614649083441780188936383890021801520232494001164721623299322154759994059945 0.099883781206727793757996228143063506563971714014573407526085150217812179780652891732739326543294317935
-0.2793805958585410687775663465733416481520192036496642532934333886098031963907869279776370665805042619 -1.8409066100314394462850359338248529161422477938065459376644544776154626117448602215525040460310976593 0.099243027855727656683817172139021362237383591717965348834267293378699674035226231138370381374815717819
0.44045311647098835001146639848160725156843918534072578626877590382847808238730195962510354786632272528 0.79692302445639397689658283658006721584248485763025662123687455174433508600005204946070029957563859673 0.12614418497315229652766904225339704751527980660248881963792096089601410956803880583990028667495228416
-0.25819651215550212299383619726030819006253983648367727003942145884733532996360627129378926741232873434 0.049497959780998767401665445089701200962309573003008964205860460663337709200587068456189626635761765747 0.093162470826586384259375535295203977931632325341188318477513109181690485209739048758114422141032323842
-0.013615239184368733590185324774516267481786186974519537711586222109945254563901182122068609024666396484 -0.044759590456830682430718864194138001989404196841720191131411280716825664917594280955360129888858852141 0.092108985297197366601420290217904377826152797067140856369909684179105492595922958294213918239639280242
1.1080295325238240767852585987362903217490310933997971391934013208445348466022208570853282836136574537 1.215519565645114896139527753197323365427503921416721674992271236374495233824588262456025425996909974 0.13093230217613213649307534891747150474793911297117346328718331578374649553749941889549458797389786227
-0.74840715629052738149170776945724276178940103054397676194531127249607020435630944506022850840813931807 -0.8167877492317732779816234364958226979556681126922834113438016413246142791153509873701923225780166133 0.13815518931282425245010888334165378532790605534984938900307030777272419525441883309411163884919596897
0.27815244045758723738557383988315516791682266183426739012162407577959798631384568493078463260919229948 -0.4631112570806747546854849448838284361520805462778743221600922748260858079203989973804999386199568436 0.020376875342675034692283476978055669179929382612603117395693590099747971696231750260332702429689109644
0.4905396069176531034688754228081666118630902512046587570367221985308159730165401104854681702361095236 1.3409642314715711570292371481108183641305984676843735980544203486095568921539913938730116012068697096 0.15310489160758153003698343896015677790814253780116715058338303455727674331131237486274677715343446307
-0.1347013445609911994447765943392440041246162074902475626899377097177529430221173306591779549380283598 0.28312610064478040939235339060046627726086587252885037364631932799453195537651140886956577472032740583 0.073050219001734416217299112258032782200896594759635880061450418247799368138002303226761406708031609716
-0.057224357877225211400905269218658845929455679850700162802151996952456734685967154149056560421312033987 -0.22129389561598719638728525001279360596105372860176315892642335905868530588583043677767290930338433428 0.026135821209567008284039846550695492956519620512292220927673788154194657649405682570536291668645648305
-0.29875724108697011534404778551379061748926914365596631971155928614526994993028556056342791424263069542 -1.0278376759435211685870602127818765181761309895730875913112571681660796059352981276125772010801624752 0.0019667403857539927210802681496472306474401973774428303426365096068089958706639363391226112700332509551
