-0.60612911643154307057872149850443192626157603968702764090037281683322345961805493180861352034808540042 -0.53560458318059531376852244944884703315869679023537821277526515446583539110761398939576419092496070874 0.17389423689341810611598287434969633729474339365553346341173810787028574939267218252513795960650513541
-0.31663926309204176482175161402004345760772841225415144259120848713022938695749005627477391155997268599 0.30596829834838580851204008055149422577824525205991611972073979706774095035766116165002147614069989221 0.068093489023569294776349388325541424519593700901205679174861455059702035469024235649157885762667462989
-0.047301745727180078855005326779123984265038979445267131983111749310009791321802116453253087999524698522 0.26007824991053906790505285773084504271528620335093900094660033007565351140723051712863171203305484846 0.16527938307808651622789867331933531254969072835045017311947131872200535019535614045775774096244762268
0.3723306407405030811554537911949217999932193879675748214128400318914672779521416896282276052863243963 -1.5697337440602852165718507601412403469297075986456379109711455372188502280872003255088949226530927513 0.085025397784296737264772043953324507928756232205758430955465747606508652762612884152575206511651604839
-0.036160186342009157479988164200503589441056480485545353229870454275737211203842519969442344739098060713 -0.65166319102882712082366789992559309540953601166540379927175307079137500558359718694351811571735944461 0.17277756594664947048113738785110806530042013786822848631357538925283940723073067259395874833662956187
1.4144880764105481022324764310338771786430499476546679055130890267561454748423452241296068362466306317 0.93811794907025217681521913528855278869428494737137895710426501442543062400051933018042014079135315436 0.14802855236602655553457410568250647928946811247357874364800086454476406304423001701966268031183182976
-0.14995429757783765585465908771792836997071808991958431686246691579823065798637456731254058083037313296 0.09059773942613036375824318361301951381818872169143250870675429100911585333202803950321195327843247649 0.00070716125166445546199237653112014585691259103135148502855640878498194373882201715866656723364934460977
1.0038864979716670763073734343961394191133330073479313179333907170967324624954560397450250337928832 -0.35921084734196096395879510349195914089846027234591066289076543932158815312729855065015214289758112651 0.036440220154278771265095755555375518350227575037903742821368891640784075774555908844042059276398013337
0.070149642055723037745381253792781515203828193085415663739387589928208555814541351660848880084466179964 0.13324084812756418467366260092577867501816807304443714201257574840684696712010616037575920624295260322 0.15322894027220084783457342177772659737263584709889258412968107757781942475113126538077697479092918455
0.38670584563465008856199224422718917710831315425484025364717661079515513622239721596681910545302199234 0.33046122165500338686298163230518973714151903584024381354667519114854754603620249234524199663390928383 0.19469961439304539450219150836454834485960298221487044053599314026100980540122546815919113818750255218
-1.8299808231238110025303336734944950961846335323950990124572760873952353058771468604987359541463534009 -0.58376160778819142183424124225721720475998236502482813422190025903633437195501763194501095010607579514 0.053888354609592523990943956878194375432399728786248828462178686172330282119402136242294170219622544579
-0.012414007578916755830600756345664519724626003660565915759399587399770858143027987604411122749130102314 0.84040345746857216579698024633597654715972340816612590100898796425640931812301179347474672692026207977 0.0086968195406190359823974299029035713126528126921700274525452551622685739727798479146514927969666601479
0.25427148335913385359550432120835405837946785619043172437981652381820786999765996227808519019512056264 1.2301556013792445302773019145762384174832361455393980991799417318600288179047090069316523137359353645 0.011097722980823596223138205138159143332436680286555083741573755598298203556052634835638869738335632255
0.15809266470905230904421411092408455240272444303549701608393482391748968176820996256323118406822715335 -0.26390872267633445041234760895942827939722541654128311323680522605784638273536969397193686647811166746 0.014991082247839512491974661291905121152411576636566996720927276367899064837106414057648055903338769824
-0.5454389281647804008701764841526817304332870001271988290618759963613934681376125914117624864984993202 0.7399153855402679877162201702585387352303938828098875304172773674490556070263198134627639241128734021 0.16163095071492588928789760310511278686556689383445335422947164367005576929238422176594661127482434079
-0.70500909978394476481931965964842072362602565754184732624040055005519969671359447024576687820700554757 0.56132315552277574591477891759532424286172191704273153791696118167789300604679283893409555067317753714 0.022670209500473034787916416294543415304057842204171934739783088207336208417468656439007288342845544868
0.20296143798347003977194134393012659286865669230691780116470033027746661163002974165254718158669848797 1.6249212556301651513076419179862671306045733976923560608742260624923810841915108042775714790070757442 0.1252305049067058153960250235917489155500658732418619001499160039228171063314320405653367548895589866
0.11213834472616475334446236681092683655560700507177250774315357379880336858140185631830386246612058322 1.3360443102480278648082743937983073580776927620348799216709175729007012789477043498192793436396024658 0.069676729149278163565371279403382445583007519407934277267049554728578135352328033012161434743852664585
0.23656084962862434985012028079238580177309154443766822779548937607514663005171745957393567739572712083 1.1737404370851662742990688250387963346103014819062730031096734476540620129240083818080958220703540454 0.088947612635883178251915963268058407809514495217787187147322640935137472497302244438837974891575927175
0.48852096739924708955287280099988792329701162258760488108798779116053925746808577602871460359214686921 -0.075120335547752581111410432230268153591464892528577371153666303297969951926676852510386594768207395079 0.071675061778676136227847566159898632094749268800664496927168729367684640995170508908062533865128426047
-0.5569019904919890285837909192560284934633369013443811143704364014176724008480537204739030056179837572 -1.5563800331275232035550083450716746466987472437239776926943228078669809294885956802145203072277055435 0.126263079346803433999712051116940842947021078032605000164507116091783405264685948776523504884166703
0.43027057031616921504627806274216018882020273749545325415473870462991630735272479358710304507390838163 -0.21953641965973319812513546768528757779951321427942298992284237463434156743835997479459867077214429217 0.15433872503969033304959725225633700814750987295593089366132365409980412132461258869890757471763427714
-0.44997977492330484467889953499654341052215895515403960423056788677770199943758466662208735628618150313 -0.48163233353091099636706238681359059308193826481325162994611570133160400764796177606875818227319449907 0.064276842341302409622822410645982566720652963641969198226336579555192964040106037648292858094318738467
0.14522981983930656496160267276206581542570111039520857771234134543028964323482116317630162018332104841 -1.2199055343276941414429700646614156815054614174180350051569850927862500913749282046838154706712407366 0.08842259359893732759611056878606893343739948076520223446760721205797277814630660550174265512343117695
0.10724946283297042638615355557961749850102339250288171507190876625757793334738626085801068444990418407 -0.32615918817703187966187408016283844889213005859492989950118512447858797874279396712550546568384961602 0.15765893055926358536031039953722988204353225322697776169586662607788152859170607946469716307513589431
-0.079886426531365862694844922265104529354000269117538880134136235519658209045231782633634314028322593273 -0.023121721903952767530274824682677850147790731671984239353136794620382888187368739304739239568697795283 0.1652243239699208028202938867466503098445063988872644593001265197593623539621343543553422125506726083
0.92849454797616307149601963815014746770864481405829526884820882816867767497021437991385940924701373742 -0.80088140612421681447667651257109857070511259638200997637866183490034942686319554196012482883403456374 0.15450152265258741535671694137778438685195308156448613510354317815128726370260005915381433034334596475
-0.67260177085891493761556905871587439832570554052212964576786034081929538189508231486103828942476355624 0.8887528310115996261593038288667084464213591321249736630050380466299474714321749018293451200274174782 0.17690899778781971969263600330232518620857298109237810873399215048282578645977303561003804503970685524
-0.033314132109696843789247932893459520290230552936170817499083315126767815950721268856122888101826315368 1.2060828752173218827264066687930482416858306602753641422576625279237985451985007110535097250742112088 0.14563292663841291538956016419029632082448451798965280778421047241762234306613045925212610778371352643
-1.1339227379000687533438457112621200848927165996042095407642735643137810816701939951249487024951891627 0.10119502243685123696845829645968456438116182118388679295959830805858864179718363571830762226026107865 0.0051804360157369526831751776873710097415216934293364446858671871185530233702080397919406292461631537222
1.2551006264119915232075089975115735372218773609051844016438632932238510852818550692028156021599938976 -0.44515694741462462986984635163778802905120805614093064014508824439478531838660006705926826043654812568 0.18167147074045125114231324941035595998722488282973525497985307442247654709565787702288402856495951156
0.021034168485789222245708570845378961281578021940192289551469374531617373908748091406123254064136887517 -1.1080716225173798588454673071898468317659875907637619485305208047125779901143984836902848307672879894 0.18272129112417096266618392690060227006630868479590695086239836273395371776872795461896281696108680608
-0.86857927368539023917656707415606452481325035569837893360473483129741930197013028935944477210422420027 0.89286759726381168093634424378523385519836526230965421841172062721467524511386809178410169795065294311 0.17578666277329896555074032154700428963394463091793544497113819495019902416007406035986881344965088119
1.2458742801229055372819526838868744619301992713934451419829768315105111935631235730444398758947785672 0.58785203086296125093938919515951722167716277569924610405442048190162239699785091461134519168047059703 0.044791595649320108957738012212271775006498122237909010775014516573163835406213040059165314694199118659
-1.1481307237207333845519231240793379926435542353344815041751396065622970430583414279101203179446716941 1.068078497872300028217332614743232022949604464333428235638416472319619934626059073880704022672791115 0.0046640205104492874414870796349701807337317465513823319495814761327041193400826136807575297106953918019
0.11291048442097074385641480742977067159572165992890106055915512852956652117092690487734125718835271524 -0.20775495624192747110775274972332863297427248381062240997488576153074527264974748961100507288344061519 0.13642766018691398706148001752717318213958275959628062295266641414545839421095608542604343389690943056
-0.71716980255299064258231514378157594225233791495661480313963932793737918393031888800561287042369297895 1.7593749646480501808214933978777966529915855762674576079605643110573866241990509992791991803847309389 0.078591774888839197137933028002306538501422501791271336975961741705154452028661777997802179620114538492
-0.45151166694462874196703129462079025373223648829908405838713073039875901782863383760377315047019550259 0.45684379149708803194247862067073507249542930718038423746882277017905859469718260746740626389028196987 0.078346437921731722579286760520639270664418083049444401535316859248776087501496633476618317930993979955
0.037223824234767527967502328621771907341657060745253841489164490369007060172549987549208971915697076271 -0.65566929394724056972666386108541067463877550720974223321660572613538965252768738502951492969256255851 0.11342141919720443225221449532347016037170084314927760567400162949558142404887894747583234474363163886
-0.098162290650379453980281307035178724155196731038464683471054480712049429241666970855565346665698572719 1.3221990973054889936567200371938617905358490261486628189744479969338202540042035581832812271552498339 0.13069963497140659194293067148085502885903580873926512791857447073312256521211888435978574076906957675
0.69913220866755683904211145827892720949888520683416458800939876347336756273485189414494234428584964469 -0.33598039851197281295754229819515873484856294461427556092329673011666990217060222026306889344582870005 0.11171399244691865501294001011264348424268178659682276991674597906149958477664177850660443493936446507
0.18255584486649094659654731110507391561228976026082489265797905910024079062142361379663656163123404319 0.014421651238996361885486320069859080812354447786998173441302242140385958477618559745606057678684546092 0.095924327063357462960605804344536740186060948433525672052336718262795079559434721474432535128125294985
0.49046074490069158718726663112391505164121986461059254327801152546089053594104396401418767736522410205 -0.76606044329407904053676431044592742463048604927689564721731512554114669723609238573644897590503356145 0.17606716702297417020152399031108462089799526657297828356021152228377083591650140115005534834466576415
-0.42368669867068711931747159911430011803819875699303897276432398315106781937867020748107574845290062652 -0.084565187426627699229013640004096483331383328752769223560532383228903457943480274290259027758988292505 0.091550682764957040420632781971161020193992974965034238655739567645929465859223890144383647021774925224
-1.247874919006425567107059684032802854650390987006253306338172424012976132783841149210622970697888941 -0.031410979641742346082495494034928418195425006655712616550954974528682383909212570210967345878349203337 0.067997854931136337085180048006282585021486629155616363824600180566791446455714155036009084427970800134
-0.44592585877603516170461881570581197149213021267199362686882047576327526234913478006941474543916017144 0.61439232639814281285072925461615385547833088606299029967913108518497410265927938722098935884306081276 0.20266230459059264706663639830276158249771147949253496084219720942631962136227600360147546861546592319
0.61905076246001539226766808830820952611538324074191441596961384206801364161031554747420267661132371257 -1.8169611719780741320039827646520863626262526548290365486003735234639520117641520649171839306372049447 0.031483573913525647440729553981691828070119848192235450535726088432820902481950330843537649460489804375
0.33405501136475817272495477111508527826357791229671404757197589270293521956346821391763993209683075515 -1.0532877569137675774528292238113986176108518959731989451304764311413351424760312337307079093159557076 0.037000665383019846449372596411187691965830434546092132861963147353572367355323217745637516575328540029
0.20228868506086430248638119994243185422396582763349788879021121584795164543888480562247292758775039942 0.085978631772152357004849729149017613475450767644095461093059050172710447685084414973614597547233911191 0.18227632776803581941524489831429597088988698430048282746325838412944784597428587041045713520518406067
-0.060236526894310488153816485350205639890374720831225365741208868205650492391623969239523869184361056644 -0.48918156676108377919578129736690330719969466508914028073403688037993958453812704052462864623914827505 0.14912051704197902672233333896088849810057651850278528998357964949092918011341896541788353041562108086
-0.10139538024528371372941464410009839368606627683342494921243825058488640165482716851168958522895623253 0.76312232670702279591947444807862707692552048168706668980702712691373040043909685158071587125974606888 0.078769499005359454066232477388488078600291469482203003597285943090400223346091098815440314988330942762
-0.67063167591564618126144615978112833483619747083275877366206013528393262723320327702197541998806711528 1.7583294221799025323201366420413160447942014056430139267909545520939306924261942023249413549095045295 0.10434214864846063248983281479596551817905247408262599556406538593726401326920380496443365512450614877
-1.1850623587991244669685726654924143986716749332352570465263221313376590093557714399009084566951560708 -0.84345073174444153349534421015950315621511382066552940638511223417491646388709761643896329353956030546 0.025799517926918636624804647169959203114437470177166872103420222690082267368455862959776568976433278652
0.054560264151094477105082791351734731056995318301065852019028538576266786797785818750497502128798370633 0.25630739466055496398742836069669840214530726564270553915639547434477507994592900385618244421174524326 0.031638564763164911155444742895435154776395926896565213478458357877525583497298144988590246300899454886
0.56785842162165434418702677232602912246153697466345360264262884586335815234455083777677367311064168406 0.26729343945462438988780629724508420487415667578967414393800562145518316418482208506341684648257567544 0.065936493833485190192359354502431950840898796825348792652052216098377811768467328108406358463803967359
1.0726439275057298652404619179710088082856075228456682601880020793819755655583279914593564298326669579 0.88985285238586881634204620084621746251059242534354425347950384007090808557955977709686733610389308766 0.053333784137749883329077604996950493583421647561700443362271408403484878753932840361054424418879348369
-0.47221542562157177405082921191939217311963202574705084496034687138688569219202174458932960709954253247 -0.28154093565984439492794654547167329525824213473503799202771383721005734893620824871203126570680007966 0.083018553102244692219986407013703969618748610234584545287089533389493651363334953984895734395774301007
-0.4840400756803907655934130693746885607727496559673141016774154275054202668712931340075020329238672506 0.90991341542228493864209585094810851361853725256321282461557341689060027756925460004183368321489891873 0.0045474059943720173909418368146440012156053535820249713079489071581268497569280683384692714240802024789
-0.39417187594550223121674653131031287808044770605815438878760407331493132211965443029528878197266271357 0.69922286099359906853356103051999170700335506684596688222986763309802018583167459069950692423286715811 0.0095411380030000179139014141158464308964984311410722342107801604510809206185966375337459017066210295911
0.10306895121497809735496893179174363713791358285009462736081676364189478803043819013761333245935606911 -0.068678820021909867102732090230354350652873023744732741449196584350224559394912002139230430939619140815 0.16032382435313286420813209612508041689485847065946920811591296312701598700560020013382710522365534786
