0.40434006479500237501861548461864259301136654231663555796655465851638328755296641451608305871337274041 1.3503118334735683511698202526617127942087334775708544963617559520112585204478771870303471051095004293 0.05862112061909852367269880543677999016072647582835320005631788871080890281449028650759176944333508226
-0.71601972733874036928103360629206745155828081709032563223424329352893458125239572294531996519523897287 0.00029889032044736126637354930618096695783238311185499257774727803394721193377756090534089146062337560535 0.055986298384822624294096431644083050373227394693318043330486864447571216945622827422724657974389564757
1.6128084134103731422244110447363873540576519282338827402102677236483037647837292501478413939787709196 1.0826540018613396314670865918673554017358140264633811278111517927576638355731624274169802344385663135 0.056217865516563034108781552273640122994006264401614121502576182677655500953340461563465089232815853645
1.5956412257143595596614987074501778047998216115566467380783685738788390790346633534264622919418870392 0.22181396277526515767063889831348598991073813595340853549514161110240383064083022586412458397944684262 0.071909491917244462303488604336934567816420027782004567443999267513224644564507010528282597394929331042
0.39170809949193289281613508739415456588838313882169004638252137832508699175625837748237360027272834155 0.53935019585984048201573085924263259860630614847719123535288336440601195141100348021321863869646432551 0.15331570553118947609896390761663070305610691501337980224451691370934835982976075829279241279211064758
-0.018686575347172244454149007184036783194869646842713782330284772875404721253039026557498597971074601679 1.0077315450611311551865537035339536083955697488384217628603718688192553043398375731498444238029880411 0.17464852371276875584809495916232537494292715093355194474306777783315657061273879636820793417029373771
-0.22745335026868567945088677470407551841057785770722644911932402509517794000503823779840231931433837491 0.089294917359120788969289547691243028814629762432578493802180918625883388080729370023099654053886651114 0.0058685104359038423380740408232225138816906137290836965440965028916200057473198247403252823656622082899
1.1482593415459148653785891708357091693895607757761686066132820455484516542138893859947975269632445515 -0.15842917234654427173655502966919858782893756004556586438006548406522464569364629317903222519424435096 0.16269501753000160437327129220508921830357605221689693943232285481155834494642344726092787485071701174
-0.11896713028707155921105553131900337512411631660901734936188072420960185083567042908163633384524303838 0.8119064647503350931345518683499447621884009528419335207605956961159250131203556954471178117005363071 0.064116035033058279100514353866321681751314687276177143905163910196742143185311321098034163392752114607
0.28308504467596996100218047889423609564449504402389772236060490674542640135393024337128448374069197427 -1.0039470679713608257564303073668243881737961973440567779212112596897695055794386980700683966511049812 0.20474689904923688132541808593560865918980650951070589521715968013118174376480948982395499704500253385
-0.27723643902958038289013256673432980152045814233823583596657330998272685960666422053637119923890725915 0.064882968256788629110725610971679064513353776981239661633016125615601253209428032145300924372049657273 0.18488912274059580980176643098675125362131368197616722382408902724691249921505232817776124410325241877
-1.5302481015743782364712624551002193502591931365690758711890472238767205279385220985400545693768849472 0.045173312937641924312895527438289039787558464250351884530886021111679862808331355650664495727909004551 0.20845787154901409930566615635644232680897148972389546509210164142153627216983491845149482234658279307
0.52352806971802344267594007132605683773090375011714517959640283628994567196683883845621646611135672108 0.14754115210016173965126740470225774482647722574383151031938339216095274236751306580185895646246648033 0.16818776166118536909332945613763760900195337933387692676166406279814288850369988351153455781363639606
0.024905861342005565059001399582275103190413383036606018661086508045863485506418809211306948045373482218 0.14957978908594367385342161299234019518526215622203064698674932983316034683784441008622124995976176444 0.13594040518739823561983999192375209947598025233115257941736030184858072665709251185507009374492457792
0.80031125928692802368281894965346063946173139273576859008638334878142542086085512258950064163604870639 0.21076542360211761049431538492378562154599852319556400561874158120023258880124531695382046873924031405 0.073205119886280380683065139296840933273513271548593913615899859958912786187225007292802539545748499236
-0.11425027078126924642931493735076222417539183338713591705029634674191096157666975060156344685638981443 0.049389721201896339303931059406651000677145270892271731478552888400564127318414340750993305993666906624 0.18479649643588170509293394135000635838989281554794087179777594763339964191885874143268182238392171118
0.81981345516064806364051018654976790284969542040632914987856062144749165013976773855090628099660319385 -0.92281623560389462415099716180867931027241759427438260776658442438134958625680776210941053591922917428 0.068995413243019820812190930910881720447596560693153464565684875381206244215418975023928192778734234389
0.36255710353134716069727750196382875607684840178838131032026641395793434058843345907171965564960077289 0.087077484228229312191401258939292089249761075276057111243028524233838476189179800316141124290244584931 0.09606072275026248791210296690329641108679003848714402863104069177193225563512614186655763473979241576
0.20945987814160490920108734055200098222038309258475796171299267895653362077892764555769290419450112974 0.12701631976486304766232504062350238170870406005446947046702892109864288224896408908694683972232336326 0.11607381693911323078041133391759616304765155605673887594812556632936035919083516471787227681199886959
-0.82568592709673038417970191701343116877895541519801758339846710161751424907604906843066034327973656626 -0.074829017929322270542513510195108784296877907719422483462720238907588572933627744023559113356420867735 0.18890968033205015612037620533618672403583870915325301829423575841011432899341897483772850291225743814
1.4150310407638337030994734434917932667414272726682620146632531765592658862121856734747710612017692143 1.2305168514336816154961677073012261880411155799361247724211352046099759221033354988690937426257043626 0.14600152581320628539294676166406213222621151462129301812808014704627847907070402206498960727339635526
1.3433946610344502321254976423439665913780032635292508478937719702796632725084461932176129852252648413 0.13481413655974885123343258759748505794902724540298028981754181675560412737122770400889531815289304861 0.035984685153391887590840622040015162268691931802926617216538032273300474095533119012393788260839924049
0.13672263484012152769447328772485238713476642084044679037052375343757176259738445656807014509665812474 -0.25678420829524142559970406279641956602058258060671785310027168883686816594661171381242212748828631185 0.075345299840563113931981697333417815533014627316067348786005772381937776201575444183057929089651406191
-0.38230837644696219053908714697771369149829602402562087793176519320675050657073985187735913106086322577 -0.0068967000895074031670042455089895088398459800544783133999114989549363399368049949759753623123998898006 0.1550256919433428448806243521525218893817826072149700022741482806802374758602622423997655088425092077
-0.47412522461545400631684316560515319953940003697924438703989073397721000401789389425049874168223490993 -0.035895138078464204433950613955823606118342915947373946344915831928614351909823389321773764699695236908 0.13712258829250663543613012439735840529741208245854057467345035630279490925547783896772443243143477901
0.38005209570139533102273660575679549136109707948267223374456359558555744584384278985816211584122357529 1.963198483849982348538151133476075748826285984028380007100199292332786901012073426030177248209880533 0.073555788281539966802812363355382622117952509075930209516671926963518187458759054997810237678744414806
-0.34798569231928076280416039501483269726011541136793103457342696421571110569650600051152524787454046834 -0.60059504113610203946733649873553225006584339488784861229858778364845096541841118565925734856951441638 0.071171857573919184822160221350655142019651469647782649649498524948604280122026112668623579271224419529
1.5358461051496087753822943478802559316448281751369435064016323938431048356501971357744658006687806862 -0.44187220032455193248439644790906377162424996673611942342865138517291804771650607456426478016577571579 0.11044140184389483979846430852082242393694008677984822367216717783695720887376992196902919549359374395
-0.050743100015832827253130193087915110930174823678585285436764961086250359478175617603624580889449542603 -0.13528995733473891172984697380754209297914124545028264624763285514821124788394339137550258099856840652 0.013919533362563398663648890557834182154914358591727616344052661034519760649638933395419928487966443007
1.0655825601786751454388732159168767646820696687963276685246754062899029085007243234497102788308013771 0.81164067182509686033985707911611000350115998771059636550950506262644734950496775879642673273855440974 0.062834461121210387155165858345174425126235513625917381570966890039087902355638665207923715418238916557
-1.0079280671024980642797656980004300134106337446124965175260339923858222617745720626952058301830497816 -1.3701611211666254293190495045132328770052666743074195071531180120037626044578006774039674202722846195 0.1074909317288600209951619833358977644420815181949529012405560651629524680365433308030274218378150376
0.14404694105356396658879098024459121586994677271570861696743077277581721737643216684566107349033393198 0.10230212365952327829913411521007633621546996660509630837583422049532676663471275336627091315129549377 0.12315029023695583276534728053743550154323013442804993435806468632822004504409216462544581933118853801
0.24047325307376518296008270778061476582944450283608459537684508000726842725384759414524948850490757871 -0.42023254526128280642871828371745107502130590854206949097117359475474407305577806095242339125275449916 0.018234330536272027643152812537513795208316268855189654725946907205189210549562440712883645933183541628
-1.5948114208338326323535324977287160209149996567228555162697413144555317359300542370211173139838765638 0.72407305069560061523256664659538766145069802656829155633152054581567928690866274330927463929711276683 0.20705459911471604103151106926791977783161646703874540258209952156776733756827905917766404127996223389
-1.4185877358981504961589579529749295972269240764132049544383790149034138001459859349192924210252385705 -0.67074142350632759186906237866168806251906406696774474897218051700994950291255948194791698627411085787 0.042528224134810143724006243458758880098634442303849604919821705339231887978695698808519704844951631343
1.0376701301584087637957791556373183048925382437874654628361514117397383446329078486385005733384058451 -1.4570186147512517614698070525927589523266049666446747193701439347800921690995849435107094378590601437 0.20432854853723162135029149594416817750067458874086675173879579128696802575837548436692238210620223946
0.098478011076775836229040457660710061481720367843128888554095464352596725169852983104929231614396061122 -0.12082495571203270117764179206790795973567973218294182275486394302555199649056222527336809034453656477 0.17038952870464879311670079674580263026673281480376962136413523747149521339152465756246392116051144414
-0.0045664950291498191106883125853269935015094530600889174893345591065798321447809612853785015822663214139 0.74617859152268833127085023968782755511059610253153968259183235995697181812270510183057733879214563735 0.11226355756815987479654793143953017287033891001766926809820033781832981426802663309883964811169514686
-0.34775005475102347501380969077640350002444352995139945702828292499109311039523273149274992378967310505 -0.22723056893899248416364646201754046343870562280326377458429866418923705464337949731993973295967028046 0.081786638402051298870532169869962995196367650906231256883105887376704004234587627188029456211224751712
1.1875231191270667175186655645888965383152039680771202345746379254040909620605982699336432822244414866 -0.4447256126320969561071409203056160324831883075455980534710350779160784053003005417752373377289419616 0.17073656219506445399618340534406033967802162994887877914383933699262481084025528295483709470174661569
0.43768727408386318984184682552775016696421413851608142042568520286797986300592491638004404522940482109 -0.06645812671522386932857955700877607729730903656142259378308774951174233157679061204248995105323055452 0.10895509806193953337082656833000206377549329822151537442192667310895132768438467789381236963479277492
0.84541503502309896298263302905241417095379785124836280592246540452941950989124160918975604906622697679 -0.10353931322157793542547359011080297851142448668926252179823749215784079043652010090957150366888303061 0.10180994783185680021023600890156338204843399998213791529960458428703395749999610173048518113153909452
-0.56078449623417268114501929265170470311864775944505029778240233745164367701397740524774655934926750417 0.15981916166096534075703274857280530648631016497369778825888459123758960284645403394978172389161809543 0.012510021083134660225286834234540140358333714467263906995100371729655068390447422074619076976323916101
1.4952928898938847220664732724437763510054617220282922493441799884697111084992606302879381685481032154 -0.34218816216154684851012866777570897241441975992127720964932013745891484580096726651763037801848525371 0.14949563722120588867911091042557019009156224463251797085508602342924853399868595258513472705032446646
1.7818305317180823160934712256673924998987621939619027216533871744627558372762957376354464883468010035 -0.58813034591222007842272186659721518829724984807543610381169125993329624738265433677467432395038463904 0.039588116410360215672061408286651080558521845584479290783222295895105547281120518869133824888831663746
-1.7352510440528278271944824502333752298485828895777883376378311646997168430273045316711584207616569576 0.098072685403381360219149739190906218166896195235705985472405441245874558661668895374137622620488668407 0.1027245007565802746292443651185223665856622353112447696770677480461743656412738737336167130697195033
-0.44128558154917940747253740916057673272627007901074097618865739611041885661035962250118728961161319565 0.97812082379204111307255800636736682675797937866253697427436445092743554114020084640186043603436350951 0.091096348167029667466038718899533968537660550018823425359094407177518500130602762971897934848563760065
-0.70668373680647596607562798483122823074907822651828203180424479170557724351728886518249105630345080076 0.00039716336092973206209124928572574626946745663454321125676827817358000019710350616093928801045341888256 0.017629689829681451982413499405644385092338299439910969101815030510102897103553710667146094112031702005
1.5283195625847452119940678166214402901129378736347189412669765887121766844846439392756564413723685766 0.95423289948658143607114845958422630623849666433975028103188627531846029453470121031363947281617144893 0.033446826084031061558911238163379614621260816116619150183426813802533174890613263249862573040509928677
0.082997334397967311226201590264623835217919223032808673236372794637337382266802531592289676809252316426 -1.1928058853178510398856098934786936058486993096208054678284283029382704487449872634516566996879131983 0.08204450537082361866106544198625563803770239986378265434893701474832258033430974845875166254178308436
-0.020309035103624546518140574422230898545274834596060902047925007150296146543721269763096241998234005128 -0.1945966557866374349810609370481837054884649232312422385117560989825629809571809807425295692722747539 0.18875928291734282213282511803902195444394875956078705967558464563763937433301663172113470945949581879
0.13301297519698658852708296438850727564091543501912748070392541997145090004973705921331035805003600183 0.78139533829647454848432034259755292056334439429169313357173897319326249613553575328166624634289725271 0.16238461776481295300084689585133835316839437309312881913647447131900887632058602355753200650572447054
-0.26111453233065608756442676589663919833966153449432459341198251122309122105139995879137541530923041377 -0.16512093836478049616361600388430452730412843395787411385874246428705488222588619444633725494919302835 0.046615334639433155122473527752011554563888710133725229917996312622145544577633369300106685072241548788
-1.6195069178064291879418360802001611877915250459630590577129466676947074559262918355151816177261281963 0.49098453966605191008109011375519713343929793164939672527569752854185414628720214371694421864742712627 0.060221844399125825884387533275612503500164940897365951753073890207287109724275058275293259222799397397
0.093253642503794529097304537369342699052615235871983617609554381638310083827280007340394642122955291257 0.60466220877243383040295280307432988120260704505090937978835817352148017895824331463379525928833389462 0.019251432685516896600078060736009424165008738361094282491862163117909966325434411621031324891085779088
0.25924051548526681809443692868894656952833694543970840925849575661417803749925462302423953270303374696 0.25245134258772305442345004736014913203851673338823002306160177938136743794168905815719591283466701347 0.13451608849844392973313967147856797259101650280538580015907143781714022852003210461506325664682453706
-1.2295475472673534042646934959718636570243358438293203418276081015461170572630657540236892933824384019 0.52174570550487777435689907985428723630098743983161756660932184391917748858688989199774598693386601092 0.070964435088707519599314672154089893858860941385259876478006153570396963482408882507895851710969822035
-1.340327958306368045498311031336698261859928274834328686889264527136678731664719289389216011614102773 -0.6044335092741796604894263881803378734694945172286044776599903662414230417709081029483066966284453461 0.082756451717083909813258462870993894042020978633736423529050464122521956139943454199337393089029928987
0.69377206667914734244166938826029448764355189138811836493916025573151110022214689769890390993440318377 -1.6629156134140543572123443680337366625428811604164041887801125957238066555994632262621491486612390598 0.15903559505330672171225248515207169955982214551607898173119886113447383925411749717605333974253030446
0.41180908121740299765061770032536001619802677469793312530062237344351036841925422621316875463270423171 0.76020010715593067730301430746463321052901568412887743186629748197291565541049468466938922847437401582 0.18775188169043580499992311895013576508483723577011462731340836236916472814896629757641170838504131534
