1.9449627215097789591736558665296459128732327739894477610068620314238939727750107985433436052061108612 -0.23828180272971753088784180241453643312464212403708904503920640286275589992366508646055501461806113071 0.13237321617415017680422845064631051057223759709501982477543390130638779321786663134820528113895458516
0.094097195660503737393090572060748343587149124118179176572985508860351308231861743052857850407990258649 0.0041887815613563123713253462643558180890108129030459369862232161425851681695689231117338931982243849658 0.16306309171370802841798204837406595924941143466731156196571777884685372148443079352699471290656688473
0.12221113016085190321596485779984869611647099395845840388166220318818950376324148039896386113619102613 1.9419598496622919840824591648264218855172075739040447193053617631953376092102783484003368220580135242 0.046775669911434587630620325479050325634485459768423419805259617305469443770753525059287549313205576504
-0.57936395853655086944246300518255732891848964397163940329372155186924940234404941549449389841237979938 -0.96862817485852025361992590042990180631164321470472435691979790206860861578814249758151880112268777284 0.15524613880160057025681797321605514350074721715978184099107680098104723373294671621373104366416235389
0.57046862997448736777529144565907014178078423071151526171854786806111561695513762290742025335382454083 -0.44905311581845060660924687253429149601969670881386238521395832014709089390452231329011715956658229281 0.10198843971740217864357878604770178913779616654252401572199947915945808193691877037296993809695571854
-0.27603982450780127878357931597710710038420460680149849547492398084466121647290301787341607275726243517 0.44248244999609792272166351463027888522837486761326853313796649234881095718341010072772383021155944271 0.11080491821891158709352432448333489426511780141705120594798828336017684804472965424601356831679401067
-0.52060801172654001581729145357705969936437848997880525435187838015970408688659709189451554204771939217 -1.1726804950786989985855543767439567523306402217759187893817404933724058400084549317541742376559545209 0.20856993440727831526870002117447259109786242194055937312045551946905180627694646881763766448911315546
0.032825021586628545363426251709516233865736308938329985761247437654790862987041279476925983806546376582 -0.17335885747680545526525902586063832094559826017941391480016880280078205835279677993708684758493774609 0.18231677245011089650296432696917157235656480458230766968392670697448698881239670457389666764747177316
-0.37295754801003792915307981771369248798067608927040390583246716037940784684243438038709499722639965602 -0.12694370115831091306058556781044038751670393807259300159011919028096475396411952498182948836538197765 0.061880925871336830402963260721637234070884693730236015202199254666405566261340291925447053655605435577
0.78740922189048318102164685999205646949096845850301532867754850012408537047218298599095287710060871976 0.64948163573137402766365965376996232782198012648997659269339862832964692933211682273394768888459073737 0.19422888836965346749705320340767681375966469930772604293831793464056112166813297746412533892573392818
0.037276926288391515589761106917819170285101184212697211413877108680355673130355758767949786039505650246 0.032529360480496350163739716092835084959250622541210340539241524090259504780215481722396852427615433839 0.14116780232426293059445570619681399822307310903360380152447180225654987125353478154005044979533251662
-1.4050993767494735662908305469666777318816147349903523105005534575041347802696184467240128571545338187 -0.39202639055164351628853166232006231487775176788015436226726991869948258994379695261781984071603514393 0.049702222646621993401397695983284500455534100893808393067538283812569747139422870671575764509762442853
-1.4583222218034509627400682308060351075570543724859906143361230465033102734515600748909183298188891596 1.0251208765780602752927690556335035032909162378362769632795121173806139472635487119663858766584661142 0.18587867759638628951696470860746177873956565006283447805093535805615341054662899732569840006885339314
1.271733130787904901774006847418443840821588436329069483680303141408386296137624690838622795995039394 -0.59353346660121817566556194052162370783055520243542177639826463224055219859243628926669970672646102964 0.17662051585449666998447255127443008951897756483670228172621108282028328884437122940951231699347013874
-0.35855200639209091237543330404990774091988575834055503831448523899542645549809610581490741557658041439 0.65012850882133529741332265256395358102243712081961985336861552517979674860703489834734937799833199823 0.008422717183201643438808183950745829790216135370588416877184675426858683858844890604405566275996520774
0.48022775496235984661398067050871638373773841710127455381956327850563220483484598208730941023942027032 0.12964473321585221205918155701909203889135941011873452126362467113752622668589902674047639342338098639 0.20421369583287945028788193318193221540736989487337546687687294914786688449309729897296681353800265189
0.20163396342480485760142346605518046209354342582377423604486256831059162833969443173761220225318018737 0.24184425733053533002519350239470147834085235033559855158991679009154275630308725803215427541111621651 0.17225336127025173354927032928273577546680974326111675032803901688818514106361288208032748459977135163
0.90052615718590033137019171194782360285923440724193012347678993199749540740410892614918726571029061831 -1.3626931828837387648473673971605221057091015565992074931704296063792498137067186152865206392085315198 0.076485230036261157267515224189764296347007233069523251462651336628025340216213056143506472791970346429
-0.10226115222663125831348682837528587872192280875910239556256974345292737471456768120071588831235074089 0.2019667029291993834707691164154247617268686362435489772582280270457673420534554673991590689954321935 0.017580901500986545477996268494419723718757528471157982103772258092069121078911470240254094988554481589
1.5507264242287746226091347949308129160403395831011997626043239294856328370725884850201134586512088155 0.11623070536872180610628227429601811610239283255087237023758296094004935925900919535231732075921381196 0.021520915358373252543038504661810450406672722979044732473537894827481272091461607845303864667118301551
1.5004022012623364479197858038172200605446175996231293517812104865383863980282882623985801090605536014 -0.74392269107481763106147309809854053784712123331176955868105423289356456279410169237420514071728401198 0.12263664455596360910355000343069906107902244277028702802435884425900644537522417845879206322166822578
0.34401699563316165539722886315869950417383495163157697993924785776648533327108206897459375953972502122 0.56890780084048837767334165577599410532934564972010600782514219560579627391940210312935310622040276019 0.10558496989493057871353780439827805035075057937827797381254419232493939979355812092950331237438321557
-0.00303128677719604641678143085439898064158650088819593700405527275201767025446338149494806452126858071 -0.11765682703795759603531214594549309056129419102937211847855606558423296111392120210352674306117031998 0.20518492028856973937116933430391978545624316216363061551496227678559815861765447777743190124219632343
-0.50000770952587030533416599766940910263716960516044284406207209110470051061423485092476322592849122179 1.3505141556406139439939007251765313933686256748872487818239761067255533355442593215100900797608127664 0.011011988629290778250319176057186428897064339674601196590328610767720290787026063898353793860630550233
-0.56184912669089257959015342302425476186800791037460720604224704446608947601460282945478149061986062261 -0.94270796675907878130621449631879307093804445331957083599758748644662989902292956468942864939407134255 0.077243477262938075051441438185725924712900468626258123364616652377097799582138578711885106775617163419
-1.1841002806417786402438990196263502006686813388350408821225780674576368192957395046776047055638357759 0.64632398707875745269512037486267264161203757532899510411464696561738362163835004418448505305076864648 0.1716572105209125076183113487829956683170051726725559506261963610661381699836348051734391048200054832
0.2211576706284401237896829209000044863974468094314128620817634128181579811457900369679788420018785218 -0.15596583078435792467419455059385401968920665570642933520483304318450850218550119065338224075387066301 0.038548997630958238165213001243362171810969768057719079521460715991702282091824245935451649571253496002
-0.3206014173260388247715205008032833201166146465432722089933001338164562726342686835500474172345615698 0.20668229346607878938802111008346281533065690934957009090405685915387948599876772517082398032743846847 0.056359230739973645019050026906210376762331335899392260288401064921208533208704653737848831241682567127
-0.47603802585429068450164152487662033683366266206640841713617349292829963663752310635862682822609590211 1.4940339420414832211330971752257396529353710577848833554108471602005429871574531514976157498856455105 0.20509938967257914372952213429181309298483611220276253135003976271622863395149679459955154130836430015
1.4131813823205443852144053164736120999431154953763007222817488852711798340724485177434804182681276212 1.3260160933206448240263109133175624479753474270143054833419555977069039793950783372554596232643507319 0.17564717483244410694837141063892792464883246461874187475735982342500944567880330589135897032288767543
-0.77218094365951956827383058741384075805794940442667077640252029292174392970159668280349870720697868804 0.86658200171061455555818122701512280819189842377518033844324760250809336461049428854056953179734188543 0.016902848848511385088867041464014651927273821046216863826931909186123909529685237448941159331508008141
-1.5781811080738090321340403656102774559742549004535918941270567334638266337808597826493244916722610513 0.67955598321306667072841666672297356791085014083630163657594695522087073872330289963085208378233726442 0.017013482337079152471360084113279168234962246817362791091467571700089840238306694171588905549728070851
0.1066353172860460237866033840851658500760914726142066892606438458727934353009346474450463538738019338 -0.10703833998519678273816960669479471232435863749690369487084434352835129501845299233074625396344742835 0.14842162093580510783545167351550030115727072301496275191410891771035609708010601653151590293405454814
0.76250782461135214541726397888528020229500173509151930093393528806482686905049135880243889405769936016 -0.83404417037769673762214713064868990074187798233973133216595709175917955498251071969939915278219417711 0.16807083386921188169611647227805171222436306309091394120199697903462143347044572062948354857887547119
-0.073478078678665121074471359670795953541623157304143927511254591163746478807743510142136133829618118041 -0.27144932293483649128080911997554857465212761267350476028320610098411723197806071240331018703608880268 0.13820992128096257201990667179471542426038518351163113745875173664733315740646439691313864950181748367
-0.043995498657940506367464232682701802503651518973367042348931390623883648093584772314210874310753128971 1.0950641042988855304726400291489457609224052102505592295119173517014769208606931467545190548464520104 0.070686689984948700968029510039626777490073542445217342705959209406748225155369698919808292129043483925
-0.84555110660611989763713153097600165619208596443143241771893282348636673889401701450369574445272463657 -0.62226813729584787418100556350546968127794283829364647298127298630575271791975463606823860336885951856 0.01501509568430138295338373222250114937598113024329407901252311070123597394316527292329670044297099531
-0.089443532372694737135165672135073281478499254053587294650213991665089496311108069528631636021470937844 0.12777063031282300222198925945593646429122642299058020315288183971889141014381136048121256610319020243 0.14636809147054347685727442471931700159767701701195483852845886623726369287165974349765520512819492709
0.16809791280861821746677632040686836609173405574920315409147448609995197654790354713485800711731298237 -0.4184397956361840928700057523424841613091315927293735976626941513925372051053405548832058900100681812 0.097872285994160951173390626399172505192679055234871694348772167603522552412391028239725817839801047601
1.7717050329517298131487400490655841336882131923100964936961340511984672621043727179671960042755163812 -0.31657335267241614656325176088549275085663136079571240797961727382201667828309544863623744689606616328 0.19158665991982512780195095211015454962468791796982006872423032110898895994561568798648644682123074282
-0.054804698062948462553398454795332411179288776340483070381133640225455144980240564284202356160493516425 0.12543116248224300757269442530689015616506315580098807669259245572298684496469756089178041755164708946 0.18341560479389428243826981944240475883234074032771334786073979825637891816990993813772763150759578533
0.77239503536381662316086964001723953962467731485213708282680150058222678622655392270820404615126974255 -0.58035400935698564492625069770843300456757991733197209563769217902292441699148775541462036450724534935 0.085232257795966767126873064617913271179604635676161188715700913879910438338459904095361229818523747002
-0.05731600709714175300104580630526531211650657000689257524067685084134976962625178265862438548524811746 -0.96508038862264436613702643784700999085115305889697616498036056613710869823341318631263881079509587868 0.13739042542051640321391183643448960253841937732102601498030734677352292418529959941541780121503100822
-1.1429507972835831615574507695491829543805184867865172029280211997498163233501357917706645224352526502 -0.16686197044373738548490253625421159465975883510405119860210438755716712216128488543214930591560267088 0.16227091096021502408369401635523165778658207368650013154974522072118602014122842755712096307177119327
-1.1345742285189298897278625036941076969171591545894404406920841011948756264772584915263973858923847017 0.1500360648267626225744696171025739719584378389622596160915905138071901597188757482539075019859810867 0.19658806762969017972053110715891742402628376309134119861128495572831979130142298363419081930696999219
-0.082129264843760284784462858528409432128947727597293841763201706679297963581032096127600070972376870961 -0.12656415884847970068964194072681285742295477074724179565416695668590833870581382931452359410093812429 0.061510545253592076985609086384811918573755953479392748550868041624776298324293019099183001054196098009
-0.95892738998748117139317562366264951319533044214239022878715245571517759660872947263167417535151377898 -0.78060472875571183937353189768268059046698921568231148713080239281362502535139160584583789303419525008 0.16995913430059122796605119229205752728809915453497027665691612107921311598416679418725002506332268322
-0.53646391599255704928250674223333738637309128526034163371000889517515453767612058704945491047448531775 1.9170217807115126568218652883484175953033351787664250955567108947232812809065770625284320869029232202 0.0219811128644969308441333592309850924883196381476977352612500325829886374901372103092973027386001941
-0.92359634608225557800951323691751795980259111797612787681474191639937095394030227515026595597511398727 1.5674516929612530465149977714648609141569882757405435916708303798405308152338239999658867955119516459 0.16619207776027262812032189277021641229222769261280994303119934431496203336041230165461894750486561855
-0.33214189692173112206819134859755171171178664189990942165429877226380985914105165845219445655929559137 -0.096830338935279402289820967239560258573527332778288343791420636087046212032238787469485732101780561248 0.11842184305077954064671263855206348324937855288425657616277794806725148476095130258677462366147083536
-0.16587825249081883548373047395539459900742656827701336536489608700380771098712810364813949610591192683 0.13293830362391986194409637797685801824895685017113468418086189302388605324441852279782461093330652637 0.0092637563658580851112066488899933888353801575818744933718657751116123653849560739820582279374643690105
-0.66569515450296795129018979573590717310795955785993685576583638371849438203715672893740072935211081405 -0.92067435132018906265471862685412081698817817400378913922541115670334459611795570011920242694724296948 0.036415697627258643517850734587745098636435092224917160957849549905234362865859127996446246077393970198
-0.10450547583725666111245097274671014462424927043132048532280827981053723776417014405514341988523300984 0.69130167947684546525242344700203748828634935954374979473362773474319644380761320716516876941501152547 0.10990111453394530589378040782004639991228470402271706934851185409671752850565616163519981324069513358
0.042349427311731006033124405298815458165350523378549577517911354770951881130965392395956365497807518178 -0.031793282676428238680137544120074042036837892269627722275805869789161306182103634713889503623317883108 0.11335422710620413938551003756677692582359690614369786202896732214606223339118590151356387908014600415
1.4457913692056138680501236055564553350417987688713154147555438860379041150636461859063333308985827868 1.1454659699244181295599321700911823177386417139506079303977926134679942374581901275363200930110184729 0.16140973465809428404953655380746857243642896623579338421153291461277454852285964531207581207789254519
-0.3411452041545641793108230541864697848502848868319941907003887743985914744783863005303800279296288138 -0.32719132890415447629881989501099915950827527864855122659045337892835510539739263434986237223797434702 0.18954290454095985873691287018985477667111437649662669167483523203500116960395667042637155612945500383
-0.72916362550496386412972804230913357113511958859319040074461151288509756717800597866815636594513938269 1.0823282918190609515672893695885790762852249878510013337664542284427520215486648637253644380466941524 0.20495529283014580154131043429556589322937698192773276179698763534482351761726803293182982503111989207
-1.1439600498198259708319075143998093522584238500789734312683516298470100426248562564155775543020874938 1.3977333458099999388172638077851533545351695990345382508828987830799232907843545788468565645815016637 0.026552703585492666767076219840523432273293631008266894504251927719451733796733921850834443465680011958
-0.45487022414769204222789352273373306652614724752381928354305792772514972705423503493144733831769515273 1.0130520615863999754489584509859396659082229239008848459416147328079963484551746091857648057977134724 0.11086355270003421424864794519462222517133213429487849226379352355547721033096370469484540563916766227
-1.8043022481518253363702629176887461571099808023683606042993949610839469759110819142042168369954862274 0.67978358786024249814593112249337280026604910257478986719805580237324219612687775720461531838995275381 0.092833122382669188963747221260723218505131102953604518363473922290067594530200940808521481148578883806
