0.96941414338920184607316611543764027572075183434041096801658779632773733388288813031012687361658613648 0.93026953119899936998427383843335659257442500149896458854007214345011145596520837544793701086433589529 0.19775258832120677977866139995887009830551375105394957883291139129320076290127429615848919268082748814
1.7377063553761778135092248007533531681425453284374675112903418127018856976347315534559577290591987484 0.85872119423477878564051706411957360628312810493341628455499962408545543292470153413792218925881434409 0.13845645869734174416812622953708466168555408429594750834411312363364938251771806011743568651214834352
0.28134761556111971785787179212571526667326601449956936006681285885503336903336178656935703263989549393 0.013265292924288449735204757460184176042212386875476074101947411144068107665411840211944811645566601226 0.17992064257104721709273068277594554618879199936780822183513416473991748403821673292889946344421089435
-0.33960295173824449694524466795246503953484390438517853477278349118380325300126164565570837097705742661 1.9052420713804867320688194262933363163266205894479368442407360203379918607439001835923614496898538333 0.15470108593348195115220058926939761452679162873306185280044895757537761251025344654202740670684824252
0.93471547147722039959276888875800755839087190342101767636331453775239775292834114513704914337416191336 0.29131182625287549651047984828341933359996124801821947433593208301335914958549261799127128270049110643 0.12365005058300069458085964921213117428487950317092093653649842009406807572903002969245048657188483551
0.93650732263921012540138344216667407027876653416132324330352557447893543074884016259342283933505877859 -1.5412640166450607054876561381318452018426991684368450601994389466377721591077485590845874883964902299 0.1861362941088982550390172380248214778174945545134050990222616018394020728406103488370558511878244426
-1.8876599383470239737493895168937634900323116792641824280121545951634237838137178988701398043166258274 -0.24765154366278928406938129032043933640701856582674545290923115832523068555974131593175592734863185953 0.054834414712402792845610695108463946411848755137478360209165762290878688637398512004181862221124800059
1.1241079842547608396703637579095612061056553872891821306889472731487657969739500104223930305346545763 1.1859290324556246320649483923214066236339643529278694875190041091493419522800809241859496130239181213 0.042373664488563442415893435980572459924655451966552183557775988210129363598419865273370509704372621028
-1.262057567918621522905023301646570924457563280654141387911897526118999168815971413700543025206269531 -1.0905268091388540626565577060182321346381624858481765990651702801222457830119332772894217001998623105 0.04455215613149148141359537841370195906648417495638036168241765545148838734220784159299404250533157629
0.43122189982202273719224569107987974554370040897635298190688424225209253043563479939908262195483493878 -1.3446508324292729399609983782958153167672331930715604869307401857740649264769270585854655059173711173 0.0095765137982110570347573997789184527527139299324006362553426952698437843116082033440684024697293014151
0.14394805071694296821925838540113961822945650415251194133665012631270418143771821252630070443753723614 -0.090389874541154052460548050388928365869144633237661388597821249318695382644186284255301567603225649089 0.013516480839688273311336911177072126916620807064982133354754748414734269552125923029402400520580045958
0.98219696716896663624339064753724385636025626343655467128078730521028362271861890136483384494723248103 1.359468340315440742744256211129619053590868527298529815475968489155785139988446352898511328522831248 0.041917397672303272144725974261260824986808310037366949642228535182796451126221954864307444086685080479
-1.3540929866920844280787985778067649560061728038618066148188240312460447905768071554078334070892355432 -0.23983367500382807131915684139576211912979757261942346849426594867315574542195599682179009705338358523 0.18481330623247914324513748933981990676920079237793204527800513381385669927365342883550673293532839861
-1.0476258692301458392050805948586299247440932067813834101839451759144790666160010924240436077026322694 1.4283301273509917792064199058886382640198661106401509702351786622711998028318017760031537046139309803 0.1210938245587154007143439673637378487248967146606711727497035972873431031683473568279923490541462949
0.73647460656531563796501096947270289428930251100969833310228027862733536696126991016007956911063939518 0.54592459274509720375713820192522148481622565868010651951645251590608480290678067385303058878446880338 0.022206094108262787742393599579326027563212126457406514619985529960706099421137417867497315710697363538
1.0118218507929177666631982361953599709102226660654655011582707658972793576622542814776960503819207175 0.5533540847155412646308523108599145546692307693622599270369196344643643504895234570888328476111696157 0.19810114661471205459102956428376485721266713504691672517701060430713204250313304780456886638553972631
-0.21202798228857969099622226004710067293220360904875264049152226068090201112375984308139133075256746324 -0.33702470149324517882973479934460071423489511465646758827573043389227529118233522018509792009247045733 0.10500199520583535420041760457469105153289744940884180253791423046833748002964355529709417923154958059
0.032900678979190317564522751187417087595432414639275436337015422959735350233549939639637318887377531997 1.1153735099053066758946564802427669050829881219444185631778821317662603521424826472356303340924680812 0.15694682691601625300157185415989195176418640387484274885921524657380194294422555368902242243505181823
-0.60238305491388574005529749614712273366700405693364509736069370438479142513012693119794613588175955231 0.59541026506855092333002447655373022904155676263568621769984223933373610119139606249738226396014869573 0.2014875089542138035702286033748808891303574400840406498053878127838383972271185983098128284974104463
0.13747202190897155908436730836399867209537517591559571131458442136265110559874128786912826076126962791 0.60923211542528569089072639369852744649955538890717526579767978049783585273193191739005490133168707316 0.14173393323190579324471744389950332363560061644946157619006826317736045521122259193549333269413438823
-0.18117767055437965182213341698304852153786462095035817938827450944223344788635455121924665721255822233 1.4525094479354893924581654261291477577245485789069429737459283894635687252160254533805771356930054421 0.20380920268795563466884307502869302802960594702970796060068027543728140519530280550244165217917710809
0.22103519200623265567956950712731503736479669351388963362233367957077264277845411365573360041788420761 -0.1845856816016851163294760042261801332547518471389754483083528970672838623618656891926220238157050723 0.079523471807013987374755761371476638862352345621300230083694955348528603477985423062671758533592005601
0.078545049999073624358044459448469094228314345293589718830782060502673841057423700443650859781947226242 1.9682501084630477816064023047868456833901210881351000507341909407451046225930551126237182150837531744 0.2014712556336379983206080165058492522736387096927318525098327473986654080647479370525013225109445138
-0.57847526181215303998126379894453081937894886319000992166861149558021555585185398944937310327273134954 -1.8755298168754335079341846787882703729503587781383881298859344091673763032950966329235163395808981663 0.13758587967711181331190268961613108684079818041829233272008353164792090971141209355337368390514461394
-0.20711991382997169631844468739315729742665981464983735986671327410237359566273458277663184811248383904 0.0074058567177870889266360033137699822577328949540646215653718856686758447485059952638206642923813671696 0.043424156664836262923868702660118983122514943726289179322263120309886890837829096528411637348871617305
-1.4246675760259642018095737836772559679085186800720625112323951857908875034736694228272079897477422615 0.55606533411518902179657589883639549754431473372441887053055663716619568949140711245419858032090934632 0.014761033545840466493974552027826472785383527382209801769156447612680264933816221615369231564119015657
0.78121693467803756479347098993307397601559850093916867374944213673100422791229080047497982982478959775 -0.64898488358606450475104755391641867233050710598648464467274163338171116917011388514679897853822605709 0.20086425019442911363918095433032885156357348651443837245189721230651574417927550427613157399081503534
0.835523204134761626003755843780159802798213228768739307902415035900468701389549239836290011517563083 -1.1137796707725097081230019981595338159165044052259014793842173237294809258468759872891558473397151949 0.20487282495317111126799900311969689038455914564185116138274648739714041510643547384926903219158812805
-0.40996773206957235936964956430714818638333815286472620378289279671481797152507959165399964610138737829 -0.56365418451478880657995118548485906902589558606896491151717438416826448455113688665265032346729639703 0.19355116776395752482643938456961898046093453637769286485065011534801253328946427267369090422013521174
0.60878607989400599818141367532300558704316874697648520805910274737072920776101865999026779167992660281 0.13910288214250967305453458674480027596849490332449862330044519721960130762450613881226352601164810554 0.0054202438969913992736696271672673099110408565973257861642479735790346527098165332617980954136693820446
-0.077326016938795836422141726443190616360081188841237611109695964765007660098247999961612650852692860391 1.1890254225050350808260553210216944030900312042354800945997768948532203909719952358501043990417291557 0.047705455744787319826851310105211346186418298156453322956079868541268315025403625620470524132105842952
-0.26763479497490296407130508731496135134152244918645367349773495414159218137661979416387679586719305462 -0.2143275778802959725673892414744879192247670834659358290733436559621293898727722114178297944145182005 0.09092236235948834866090015569112346646805179788314942350841665137922550807496678551489256257447912056
0.0078701449546663096089217195257923416046631226581486940385779920911549279646589970130407914374210483264 0.022377972417552857529349908939116826711242893735795589813456514811572607647134834263503235406677974201 0.20261100965577602788238425855580189505704905892972170340349335300292934572594603508918425335855869736
-0.024474687713861221604515584337395267086014731256636097359566164253540400243976040242142271155288595909 0.02506329520096896221583119669079924139209749928610421919098571792380303507315057783082407810798158737 0.0083573992005818586459260188612630178425058438022253471712482618895003060703565888790201522328111600643
-0.18570201175911467822509613930068246078781447239848156752738783275941102892281759380657835359069344523 -0.61086554416786499818158610200644388682647594966250920398882619104505139572707567488814624977186079619 0.08274155477671687212784652542266276827076519912431422049275370973687487711682986091267550117991192933
-0.058339963475103215583440084559153750195162448345852582744013327426680317904171228194094443522658816407 -0.45021254776560388794645150982224469322985866291626305623838740545248913585333362415518602103500333551 0.11882596349996789203135413932698991435906070823723699281571722558584822103206377780770350902719323562
0.6458838485302256572990199170468592013827814131980903231763043130581649920430708533063509207696374693 0.21989359886432012864360238657801686338545253680520331361052389785748234584592047112507159914487727765 0.078059340539729827968908542595226554778492746906967028393950298884923359204512775389522285839971823942
0.89856782437812562706618436989583126419754668746920597434931274957704875135808371938125208654022941458 -1.1523016942943742062590303305888052343956205952535140111970474759080679738995903238129702368918447908 0.041115562510569739386678128106261159892535121836512006569747517782568287486717315031545253605502948218
-0.48942542572266430692057616878613390163990898975258511457895780446232613638143376872818652615412316876 -0.18725904164738151839547659391572229570725529090297091463913263020432600297263129382875499361825883338 0.032715034312393042738507846553965969352712907523067630932238758628518878243438406536916611335000412801
-1.0666867353561556334090689283119456284777696779747016366750468334266121592472942449662292068333174337 0.16917904143542023180771382861451123625437288331410217106792676838329214251404251582112639226528371792 0.083693567030236014072076271200432080998366674071799174642892399244468857698433076545037601025383916404
-0.51502156706036003138492305015060673533090245994581408630177003275138418285973448189997156152770128424 -1.8245695207004338031948590397107030615301950663080430309327127471920594248459768168194470715747840201 0.095690212759155018464237003257252835657522704490571523263924729978168616681320391307919235069463243497
0.57514257409067364846868664508624815289174764794728175540285264645643386884929491668843827315650532121 1.5794464369783556142274456647631171411828373577447759398804013932433777816277692958578044287337871741 0.046103587295182338403587905290314580802568849669890321726270465905547315766561012163546319834492473845
1.1187094143396072428747424851989328482910218164383836644876360616302173664200080838495730420220996933 -0.86364454862782293219723623249121397548997634666318155304691939723426316248239546978041868672114758501 0.07270520100022080462404182433870190048193384998594362411700812176255202010706462118173153141171393358
0.078265392067309828803088248061612336988659803942030175122770595197844291766834234822626187906018586943 -0.68607706724698362333263478195488800118459484243662637227365515263817507425717408909207785353313340267 0.038319298228743257914542412191307732790127182656033905158130594277151779624658989906163775144730004739
-0.021641599874023867761171690968809249234666023913668825821747981071257246325749709367655285079248410999 0.0022218998014487226233715028423577535021831696365615870622451740234075424835027578186455043022041537908 0.18649330549072717352211303683237886996793065297121332203094589082147581708716329238259978026612219482
-0.0032603981935371564781736078439827020527336014428255527590358997064111706916269806379042649346751404081 0.056965348591830053153382141404350827381004766701456076167929997316968189335760163464780344907333723029 0.10230427246786755363390259806030605025463837540945737172409231977212088447193701945138965327685542118
-0.73444369670709769279206566922155764495183216498692429254173850217264202628530959935821966996794657316 -0.78062278195524714471379018454159638783530140861757536500336633536623737713333866553596803653931980397 0.10873489527909313503998922208301883329200868736083934588654575733703368093597808326540770911326700494
-0.45191990821737897585569119182234631893320191470110984681103509592039713535654349050506014140645311421 -0.15633922613121122532260064156340221093212272361206078827033991355268415579931954851189325329125744968 0.061444066483532635278072099986808638517582376972616805206693125265139236419897932281413464246100851861
-0.25135053132985333051885308680246799216120901669633465539848907376352595619123291092715594480124293091 0.0070703128185972111954058155984440798089536444772819016236475806107751135543456600470750392458081600246 0.12200902617980622217319817066870044793481169448041526331596335529988989450674472719615535116151729036
0.54193231644163939044479566826096059551121104357020862063325537674242027442211401216574330532593350938 -1.7561337631099499890470730166965901755004167559176243716237883777120649486380137132421226738571843698 0.13018879915672182472021566029443638269321766996906520664920209795680450142414932708062047401466589254
0.86920165097447784884049913531606812053962190879495577513509801511986663893435769668998928399813992855 -0.11253001621743635062285512752264932332296034943610408358151729885221387662478319154781576833898224976 0.20576096174154280136811301632672134625649157030372695376246354036648040463561852105610164299629193255
-0.8301153627453716308546569801517167565709699112511830029966640027137905818679118185665019633942544645 0.51525420149985472379909215398356173649846997743392370265957173095769801256134416658158742036102195771 0.06911694530522541594991032159640001959127398515260149509373939047961704841191822509519131778185568379
0.005003939345150692138722888710229624697463117156408008459874528330201507256191689337211652790276609045 -1.85510316374001488432409037378399846014435280804033625314870800536306122072104430023226280136566164 0.19115580107745843933006476012631664105478684815070503942255143858339479673611544605780208261690436906
1.2218275187634504056521213673111154475904613752460950855916242516451746139918635073597950580021462457 1.0160036916519724421255172604878816329900437791597288924837067461437714801432705694142112687093886371 0.17506217081555873145362236686697169040618085402363470209317102731319815220737359270119909985659015774
0.12385314123140388741793461316390701015425073222553070614777168262303645937633342325583637591714819493 0.05891041218656758142301360170108900125031790059073820206593998403541008370075945862905242583159459075 0.11888123219597528442911405309262662344401476251935125873438637107210339587448152214016820287654247909
1.1439187311179249077107930234739457657472518697218172389333438419802252649229260544324262000450984133 -0.88684405398581772963602193959605248747057742639436082799393342645787378685848866426491162383299378326 0.021949466773744886282216286405203591489083901724139550569757796970711154715943430971789728084821447092
0.015636173955709614579318540539622305791269330269222370521172860819261262110318147104236826814651449373 -0.058646516100800907089955256701335279907512001628096292865729872849355042408742677972869655431245193242 0.20577221343961780950377875947912686780231392671558901839460930622503920777500396738861675564003613604
-0.89857073845685011468359382409431153166125413927294151291150722148941439778712907122619859153703100988 0.75248609449906925607729903717409752858794200164726696285095343239939680608278788192516705536205407986 0.1841315485068290323866313427216506346399462405642400705120445189620968777615530567842866269662723637
0.79035858461877003489032619253557999760385707081491023569327714231349511169078516942692379684856532006 -0.49321170929339950057857719521793976547207363366230487806102165062155889790392748712786574924538605883 0.018781762541933651502965942656403297595835225186665414612603537475584230957422607792700917864871067291
0.0059416614292642635930488069486983558795276124691980117615483024495956438950660408297741459611466374616 0.18683077558021295854159850339551511599279730019131955759106165228655397487269894235578775985281417937 0.085173780784471641815039233123803985763191540291254563933111328093150912266096125542404540550042512423
