1.7693423976423279677896671423703737172048124358178821270809193940427118968910252990571540345813148384 0.74873588975812515862918240733647006007714960001137524229394117242552919899395202376192865589963499259 0.061728807781961127764582117790896865788486292515014307689199275842406996470003945663014432647504154707
-0.36515413193147040293007942445378510287586459808002283294527865687306727376604775645786779902640566895 -1.7210933287234379101844999698439929781830085285666691380268605575061282624329075916795755399583693067 0.02285208903809327003835185726073157916832646646553785452117539855257442453943645330764251074415886854
1.1091839755025367653655102811245071387307844419439707641353798178403042734975384764822322451912826739 0.70932761577408018199975758739301017694269687294419510611653223234150729113676108855379858516882107521 0.035125848915435684262687656046487385173190402215197726450931096284854064097710223354692578413503771202
0.011082762196793894474090179799184047793795940369940916615731928597498420628784017088113939472018861119 0.48866397632911011842041854444664269483091547388089902426590818204533707807953684366554431060294308738 0.19473391885174958694471191285300618732947299567231625729660102252329158285734323248916538052317704885
1.7144341934599893660655707082171461614587889360693124131466296338169859942785789670500738381380696581 0.73696287632831239922633773933984577533791933296001717845236520558236270359501350022087912282525650961 0.20585405751192557895007295373279925103366051318429605959809898389579586027928919768216949832237873607
0.22966847858484281634387869680026239258006991007239433747417247002775127778464129138896864812599720514 1.2147252492285503769962964401715983193258968548012834848016857389750772979538070985323004542573332467 0.19266825834252236181412334752517690922944518714268055865368423516603397428494139227509961954577776891
-0.39774277898624905599604364408218349530582362291612145351356977923862437537418822645603516264152524806 -1.348406251924802240640253523386996955501666000964636811236459962058063635521005884220854168245777907 0.035701246282628647865216166828567357449190877791786681081905341478408594898014413448112199960378086289
1.0559338174233868625214746327475325989405669166771996809898117362202691843401607730586309906886194799 1.5852521162796845951619922831551765440688704395857522841209170806613396565114736620160947717783013781 0.20864120181109737190663383062432166510929330311910932151802841355275920215540551674317707130549603277
-0.78765698528916189089605027927781754590529790956072281298548871797059094007662667763492214301609176611 -0.11533037427821985693164785910628622202789604727240807058634712517829391511458806863147390272783652403 0.12408474331218334822027267639434023403546625592294080815530111916775565653706973616031185107965816483
0.12957722143558483316037105595938031159248762060591352025820885373199046549638794303081410410702300686 1.8915917555326404783526063329363386666713764855090125818539949835854431063326038255439817248297340941 0.024353661849871733912679901298154694370727114373050335056658020575668755762095996699718305217578734729
-1.3401741686855713370623792731469219723418752808810191183652260719001826600180170129343957544063637731 0.25046739583879572027975767761819361369813606954555544058775104539844776199802345972977402799054396118 0.15194045042137857228417459931733486480535407196858242882157348957932066344323101743037328399350230783
-0.2188265516099088677142096124847702677974100638134086389673669415566232299349471068716821834059581529 0.24229733306663356651471720055864541716938590856739300496463567171893067580652718589114787575486403916 0.013276284296993754105593669811026648631533651121413660681488252084728354242705032739881997857464014921
0.017598658881352102708697021328040246252458763473398146386709848469729032419434393028440055089572521321 -0.28803375066838868856393839542869594006481609572568230881838326102616195843371732167789647858936049315 0.17688427880609735368772549468469412387044426770355660362740006078281427118880330396841512015546238018
-0.23866334794738767040036691796880476718888520821761813631343560561421751318687605651298129833123960355 0.29861253131171709730893677816389911723895163768348019472062559113098663317628859396793775298600188831 0.14333269650792163741752742458654717531675737007563591796187146117750730563180274347868370575167395098
-1.6312397517665640325057475612019915315508124106775449527489725820324550604991499995756830726015763072 -0.21071651466964628620066250650289257352771798068337067357124498876213737093416264346368553698783761529 0.17060040781610266506923449309008356565539595672240377100222816147112770955601434807160958090658872794
1.5426991495622295583118343363780969595469803393173693976643143982165843647337956621197468008735858141 -0.061763538922774714471379718261292338934454990196248881963494303626725924466606459506617265384380885507 0.13651764559922178944459559310869455971132428364222328415066249171107792231638291095326992925937808093
-0.080449847466663277243343674018461022431680433414369375300440207510613598876868676599395661946568184057 -1.4756518446306942665006894617310390857872639049534934463852996053137001757797686704336118149836122133 0.18578527874932825754133401462424122443933564550060584060960805180427642111807757100838891956098484234
-0.75066862215061801075266604334958420418068660835048180577608501076720310816379357996509384892324452543 -1.5310206685228291250428400195593829344672193215036076231913206507053098456902387745139575182619924391 0.0052625073949139832742095335039347030466701819401050721752528754600881804205757274997425115541582689729
0.51618110854139338604148811428667034724716390185840667495111104405810082831375853228181193331566163258 -0.30384021195891317072246945653271500190771164100221426502611457278239502074052866778567728021378447048 0.0057540675580683928141660022133649666357843327748978984099443338732961379138686418029789231857326289544
-1.0144532859393456238808403551026367837689007635947397307220691764540980350351725030501696905013449331 -0.77165450808871244392426603197803135796683571472870829235168288381844617889202655384853089068640294361 0.12971879279961928155592524724871191987642205344665987424726283897328014920182923012461276518286591951
1.2565164732242713006655197345460027018005028588463563100865779610072890711829901950612735882486610116 -0.056649227040582084304306781368073360747817560590843932985053273012264763263775998906853135619247711939 0.19978215490909147731374898207191543237097287959505501170386689635231958864608020954359827845290463074
-0.10716102941830090726637045972522801819833706108524232611672092217303653052578733641274025589777806609 0.53740973739119459990854024562000900074490245642843134298891131343761350718648134117545033146990543569 0.10734372838681086348149441061428167453814902037138860302682049275137398326727062608993871353038813583
0.21093567422901853141651377419391541820614980964572036737393203113714611302215693753143722543492774035 -1.5155806653663483910970274495886119156712062086862911449966094727158668841852739975152615799629926981 0.014464682528461010761036555277182904090059071282744982324274710877821961530083080538103337193273714497
-0.1206800751458082782031688206087928838359947039117996392201572667550640446895124847674929541225848846 0.39632404771164080267789471043193407428280375657250631818034496810638662411325607237502706650463791033 0.20556239169927567921319660874130031027622061508056840403048154791937690621251065746864999536829974295
-0.79569651191254603415249257178482485393540461897065899528135277463423754986668636226632334547624929115 -1.2303237168789220227430616656102646444812097985926124986733083972326374340366988647359734426953678837 0.075077661821734870542284918089040573118651430215520508932073309769744657140511367727746341231856789059
0.78897093729850943791852031006966270575278899114537910515511102172506654607517752053974027436444728143 0.21565376259587823327371034148474889807183141735981189161885717641513743708707857999551698727753620829 0.039257819303955898741456939751734941088663491579985874497939843457003574304080220016776780825047017237
1.706515404404719889683505120615553467507983809179737100805967699874017709575394788214045849143212779 0.83740431552733822010330177523138104734896895832388484256564613832866869823112347529869394686429236818 0.18951158370103183980407194514808045966059433092892825171521316176856192299070500972507832191737454831
0.0059919672674870555763075283504083955457401493339726031673940778881993903774188073957350176561631086071 -0.10914285286374381044946169171966391407037131486865436584920936161623763421215061688308504351610940382 0.018514401099244917985661388079552491353902921317009257185969345349449656498393162369341295493550370875
-0.82013110123167670691285848981640913750817449477174070404145050672749507328967771601699181048526879425 1.4955434894018554060001157702300021212236647864642103410725536533232255856937172910060808833650432089 0.15094572972424137396303326027035638861290613924245037675787714568936509492966648403084378970653671729
-0.44103600195076264114462934235839494646204277746858065351156594319197150200593667083449293836014111132 0.34005591510937742794045607907713913229296290504494087272166584781808331114746343203823391941015887017 0.055446969253470129744657219957446341597381696614517393923806147335748407650534412064494822857962432504
0.67328926125824418076993327260306049628505703608612548538485393634756309501978044743587120671585738416 -0.45015937533308408508163112034433539940612041856306338804146085180437415381573607505529175919372838851 0.13271227605750711707005146792257238872646003044347157133907215828901292718317494386622224027059238528
-1.5117021073044213845068195865034621575061008453178842912756547567014347629547404967841374299302620551 -0.17178201541718054195575543656430475340966936979484763251498722316771264176047845750576274915632237112 0.1504688662489032536378833658518523684908296435970821573414099627644815561751648775774423308525121675
-0.17187700314869723745562486598733130296343167324837753108604687714856941933287061379859246651818338231 -0.40894988213782468907883509925639543198951939396333321453112934098409529756281573893338928647249711467 0.070534200963729761128865301402066319780531415309459043901701685116498944156216358939752084021866304257
0.88133257006878653086583289367631147277439662416037130275437647850407604835387422729254973947162791846 -0.70530864405655281447136619908865960066394731921048961638738854271653476495790409365340052655835564499 0.12854790600843171499836446327742784655572171011779349759979091655001437441908938171075228613154908037
0.14197852381374502444754361622741001784359620092425816752228121460245475397673125251875731737202801682 -0.11471955678747093872844288833074819723374659569417976389977983650195019983257536928721285019784923025 0.029622657757723956148906104911077273346913120423471304223151136997061800267329584909599073089710482038
0.68215025877439104485698853966933974058165856037135557453755947398896355643534807956216961420085791224 0.12539244258804824312252404680173597643346941594709843569307933784369237701988749656636951529371921932 0.14026564120173860767123765717757528939902314828210285500349683431982609042582412463857728890047624331
0.14006664141935549404475221869518873495145163829057553040597737918968619134070423374993964318772377044 0.23677321954717132054921248804709432217065805097413499534354507262978968780626445461398702522721546543 0.13778176764793732326403627146447748806809434332085792451440274824348825166862945401935452119542382713
-0.14153671977058797681175726826130966878037066302382265680182844145731068433145183948027021278109671412 -0.084151478780017872637714459843218218176243522695812293060417186159272871394855860621407523448755759753 0.035160341230814366150005370232271284531708692378709204818722537421881390060691216346324809359019549562
-0.75403425946081700586391194906541090840354617945348245412059039082098462402087791358837291201650399259 1.3386620850855893203663824658208047055741873774553701075164603421025199868362879334559494090993539696 0.12482499169399560053141832992365593465753807013434249188432957148632973561878871771890380419448929005
1.1527927184930796525883686118419493603800700621761661275481860179751796974777791075706717467896986537 -0.024836695257874706029517279088005352319957008439884783393543600546856741733128095123757812778023507107 0.020983527684772943378532879402613480321487435643033666757793413721667628638359440027947910710376678284
-0.77690711559750427172531499779344001212586779210980415122568417921640729985348672972249435524576396998 -0.44572080555213988961755687023759172911935533626182856597066415370901792791325801942735886145618853631 0.16058920281097517198553403598258344128782197699585129076315248875344170631789721755382556485672098127
1.6330229850303171967989003155382424763590246079162423816354035902176208618782569560099821894786381795 -0.060923932030802808464640299678739067244791079739835360928452602332833539971925465555060416271974380563 0.20856715861255626318212757311508965425720803828316585305273570148909282217367349997800129848637127997
0.2940714062889133869567943108376810693230694807251476189783383221983411715133756104997604044890979143 0.23345124737263827562779099286597448668826173502735890550889782124309695250745941241690373019538927487 0.17808889032358795190918009351019816333123966804147023425746678101867746499073760822368073266509892822
-0.88140894316829654134481871832520118416481099587958544785451534909728966698629504431659756530650455809 -0.29401848762489669631911248332362799703749949104819621660949153128697070624848693267895106489298047111 0.18914756899530782818214970340643181942415535352501310615205595067742390399233035721373655686449244828
0.59256413387095489888556731007969926630180780220787395521809565008587471579501036005379079698489869793 0.10065229973175163342824402683496522030334730395384626585086812217338118269677226044295015428450703227 0.10797190783045205919872432411005511157943548891259033783872317658036293267754409742638436780516684078
0.77707472725006064032984836576465930187895538173302758514810695732098822315078997499845809303450645614 -1.4250921577270796668501808301174874881366646090093007316106898617454407865567108976834656422871647486 0.15878216225915790471893313062545331666136498867825969505369365122373885103100249587240553248340017216
-0.87949328925697431810079543816232592585716276843940699709327209622835335895980139231357229534155397742 0.0058083856147833736632668128718115684297812562512003573371844521796435559131354483832029275176502773218 0.18505396859684870398840461952037355537378742923148290574780984486544437443912620250788194460895946392
-1.0520182325032533605901857292610766438217880324717827820068162991268122932006701702437826064407742371 -0.27099244641131447300766801038498158888845735580423851101847475504670082941817970609492721857297744868 0.018020210256558945982308679914885144012386107124891617712526974395159193393821634431348268207349430857
0.0048282721166563223604000816766078809186278987562953439487811918058364386823060232581440073166504237432 -0.14266719436693605257071283045626620536421070892680759358230754603444845163803414536884219833872609168 0.12307576780356470663843457595802090888566804932140302329626426231676469405727327342216888186414223331
1.0930965626775420633066270320966985805037851289398403451756089324895609754750795963193168604275071813 -0.455887466549053368168823435626462409177069326809169563217053476917024600666586090546101688954988519 0.18943024752303837776055387591750124117093424819325558284197826665049818916151121972135203183185947964
0.89644341595861014491192894683323451103403609065345830177374638521798030054451004381763566529701999806 0.47734832421330417292350816724515749405778330477974540387933547765925909562577946417121385783553771537 0.16721952829177393918702698332913686097905255027517796285544802912544456000518511171117704496013144391
-0.073354343905607554530633644620046649004291626208411040778595013234588590144061867991491424834842901751 -0.61985594520956850802399031213688228171975845696714012498123285728553569816201667328844285223353781689 0.042437738158119300817560278927126209081688102353123295458845949585041326992622334127574083294994448081
0.7176914465723116545324986917336727290117943050662973936252115711169890038011376296948148552209426432 0.28930432996601278415779449680230264341988008163564779045177675427458856460882754118421868776880280588 0.19916936681551457677744755578293570471544195733665053730543179076923760473365097833270039049873923195
0.2578063992446889742973044808488304134443827297814663514890569311996251488073422408072730076774728706 -0.26610614801507520054608057933475405516703810990775118025343457342827873088880741549100504888046728175 0.041005911552198387372354258320997809461880164378994817697423238265001006510648837120508271357530631312
0.2357716258072469493435868032421389163289072568261227368271360842228626358304378426670567134905955771 -0.97862319495772746624830822686166459473902938674478967650090901701598391000724882646731967809870772867 0.037488668885516366682696357935501015371997865818346323738095143883808791280247972447423637278349108424
-1.2220926416291684031432593720752036392827451570450907070333177987752757159285334688005529790136211836 0.375171063424461737023158561906271624081127552772668798838382367727977893427102710928407166050994765 0.12079695541720202729416648589724533829982527390255303424301683304926699406703308268272403284318160004
-0.30801524187515219976082008349057197171673686353433613238618289604321141271222631163635829150694260023 -0.020187198018132678883117522250085023106639606357166416396393300600072244875001667912806810493728410823 0.16898808841130022997722469062226341182274016265943760409304013445568602519686656989379185182982028749
-0.13516583154973903297747085479644671477127394690540919831967579078396102912011226734793715870004185004 -0.28494843150349135437746947745770211927506042015781354976597136031256253679982809477256938375080321956 0.20161539389929971178331477208049088874434377716372929656353870804290710200925486804802257060922581169
1.3710611958218831260855296539390951111744114662762546348300473301147580337884016225382765230396557955 -1.0612489739493399830391519125111975713280972114240538554150667894316273121280470766504374359512739252 0.18807558775046522895541988364582982092579050781423383345935658860346985173389024252099988795251064048
-0.50327799301975699125427637056808138215579425031073192820502848251242127678575769281580798175481248456 -0.66611776869989943672855234000230839004728103735201437287251404164565342995619463833211395645290224011 0.054820548826075169191341703683323970873941068753324378234366742078891906088154569015148194335090989845
