-0.22011686268746036128709958485441169343476888778552939632330839943762873364603156603685613481376061947 -1.9590792564098462571460031508056908527222652931955382588228390472067648086996246835703885341191095633 0.093838812736405265386720682818252746394518799231640984559835078902179785400070617937057997963374252867
-0.61896002155544260017160900270835579335052272429472891804570783482851147756254045513905784478106823321 -0.63378306715541829924048379152181890456542654747637760241717883161841078136994151078132580531255119153 0.15679364246082742543989674038533752993541357509651728890808756540262142940391180460819918665907743098
-0.18484444915555555775063938321412264374210921187792338126484503369634725249984548945151516112625729176 0.3024112358024113391794567440674493915322975977484642637451111548688273940833416325552936790186878063 0.029153491017839769614446263133591108286447789633619427850603123930609585595982276824465852091889281583
0.41627065741130726043268401863802225768795920773712505042874684752130483282090818950097046352410496231 -0.83664089552208679313843328142496674483019564951916756292081359725709599583573475470072685006565235331 0.08518442418886398712827276912304353449865811984234625915486485768859485985147188676153308071948703407
-1.1379116344418581977868569689312244559574371784852546151107296591644432526530272411436028537081069127 -0.54563247827563788782203815804441305292830721878914005301173487983189194641000220992706388097876256036 0.20084840295960430000750710304168148902207834362816252334708734538481113865225951411089089392161390103
1.3989962754536474150908762571719530712445827630916191467655459561292205336355165370438548450871846639 -0.71192750245741745495976157950869236679169851242306587204870620544761865564519231410204202942890269758 0.19259213920176410856024203859632367858843927012861610822172219159781759908241885527100813545039445765
0.774377740356198057149982822262227609709950021041012326420737746844874761265802891752688816920740403 -0.12281286041556156471138776655571792976935991944989541510781060098950632119280992238488620487892928253 0.13478044372443275678125038160136634031344071991614275117305070155394467595891493348294202924359216915
1.3421898356629198941623833964410227509462026814131419737617067974173015894229314593441427251770516298 -0.13752555089935548122813394509980540136705938470270716808084118735711988120633908944934239616942970384 0.089432894461493017195671215756867317158995389787068608901918706797642018602269738392106832202368329041
0.65717893733630774079234727591979327067491428010060643947840318466152040849870599414808591543002991901 1.6836548343235402052613634166481664736004645952743191427775926944660297931125450431200480089483653181 0.007995731885314688767657538731039866648477542063551107620259700001759922595413957780006463525234947936
-0.21569792624303849773523528892550950937200744363646030813940033913438002314723812950690800746699435342 -1.9131170093002994487453660511668122529432410213336638199336702521151752713181216244377931482361400288 0.06151312330439855488427667811934433033830329714011960499817970038288085151356526109782531083177714965
0.84247501036654255257716100398187844786418647497632672307789754126784694168627248292917739860278305629 1.2179525919428727711171703689910764871254629107909509804398467348196606991145334332628013787345588021 0.20273415436982376578691822319882309672899754582794433640863810471257767999691707313450461739189360586
-0.40679982233467309156977596066971833298095752237371104981933612542166197254039371156896412281796119391 1.6565717485785173719826703219026390942720101752868361912344667135270437098830629892708513850931548374 0.15960218963104215617720400660322822743192003499406149418886923236310819247006576612244053702984052892
-0.013709853352815706448451560341896951051705529498631994511085008076202582206624824277507705598578189925 1.1411668297034467936128892107046910358749150604255101481046449085430631203942532712137894319902989401 0.067293621474215066071602516698537125322344515008380363020121022652059093388463813831400818992741836213
-0.14547251063007662356932213109009458789989833830644092069111404587545613761766342122040142620372260126 -0.36993768698208375431922168519302044483456595675253486223405895541120733486038632721329802716657358997 0.20692506978322710308647796968967808637681545872780416552995086357090037767505305701196405332620193259
0.32947849479338172464711548488359853111161271483732820718363662224700197555557384975071631563872532848 -0.095003182661739862528314650817513878112976226403927190353666307461412789959275677710709135077322960481 0.16859219402896590467421673345173500387283859933843083230871395547833668879168796982696126246648986637
0.89717053414902856395090391796888978051942648418895255718186363561130510702265111351569395233926751142 1.0115860143820661616508432008221019202325448851642292170609286731676065546808173101935631728709981167 0.094411803143242066815478741355214618828747325288138443435123935169115858371511213403291038513998533801
0.33587234333614622890417374282058154912008470625808601173148032139954525988424114364955438705986986979 -1.2516845233862980444456063352163131932450631728240822733647194800339071350365445083318879986792212089 0.207825784620365934455321288739142821197433102215131944579639179027660624015009086379747655263843031
-0.25291392461775017438631020024987972152399919927734867863007069077862416457724463243110316717798321163 -0.086510439405582673961775414797863226295285395012073094613559025490235640237972864719608987696554838817 0.043258711334975530167040005253775091267311494492351609713518865581226461537912466106140702389277042344
1.1764632251067031455275982857584600500437095823740011558272909388391215711066583062312766691669026814 -0.32337564837897181503096637403996393558914233291417332043539220842748270501169821696570626069358101469 0.17382891852085558386161125528562113117548674324327608952980842451542693674477686558751212288381660746
0.047142344219559518971733796248998416099557378105087207778283515615498017676690619388455528899505753482 -0.32279396499207045364053999079632557485835107533714263051738462782171743304939408174012826828055755912 0.053131014019054612776894734900814563023150164433375379077505935886372975864155971739451758758910197421
-1.2483326322500818289074759700033187448749931214725458931524293825401017284997256862609160478549757792 -0.047681166941579202676989428494962279179463167361470060250526061878274059324542888250700597650336778264 0.12909922628251818500460159028156170144220528508869088168107928957522417484646200032620553913504685443
-0.64188036445727841079019264942333590429630294267926726155911312184860646513052213205773967361240614722 -0.15706928854824098077554151228060826237043801904765295878627305909310456512763491012557194942996521416 0.20505790070364923468936390091971486506634786423207727279747353028507881374455594410680873742420208194
-0.27527554659661235910299019023078864735280929041109680827741141661005496323884649815012194971937733538 0.15067289780121477644051490980366528037863464360822157451910326328665401281403197210573445151769262125 0.14945382138014773671796110096152707658713136289700365802902620730689644991168487908545133507237316973
-1.4494421807133523782999665725483474718616021808717328657418677908262204239381096528466296978356018684 -0.37622064420914764039203377488119403991669396739554757547098547443307988333178775618753912488590421454 0.015217466233352834392203501075598846246467610167096812126399005745399464454880651494002886231268635628
-0.42621874619084104514102539031214424548012006624990680677958987211652649556228977216954126225520097382 -0.30279465979491788140967964662586169826947773085063486108711915943114797356688814591156704673563645041 0.064466344038791819591927092808914163035642269291750253407912894102992560866955849180087307728921252251
1.8230201354655212034475589095626287393418502887846303245832058543575010801447580198058866851546663453 -0.43828085721673252987357835442583355132984983322435512751233602233043647300055628747452156667652807194 0.10289042439360088114721939101800855180162903380879497572609077632214469648462036451523787211490606987
-0.38093689290981924792693429389592967321436772175407244806007676779488637257724872087820415007322197632 -0.95384546293641235291725462241021157698066665447585463960620290812535178884134287974392630389575099496 0.09146332288834582147840971583446222139476460153444208039107031429720366293834151460729999128563401074
0.19718485503766749753706014786022294755901256430857195717734224344028501646343953049681246485463218723 1.4204647853767879951275964124043198739469591662433630172286321915139003480347013909886079557731150002 0.11729540100338199758216825880102988763702442023799038984487231914538890239725267229941545630146629185
0.15185324567458116912309866617946109054803520528986903996724543769569284810394062168006916725655860528 -1.7516535555122945890979813465941121006049331349337175501145261500645069267422933654446784976030178576 0.024417673566012912040173893923700495078728902391721887379348731949723636572118301140244717958823652378
0.16469444846203960497140977620457605824211772780308788648398340097301212532047843918919468476076186025 0.36597296395057992764124998076965379584566788774478925427096818172655863062305681859514040474014717177 0.12516383689105724445068138847052109030933005172420241909090913051144330935035761242077291295567598253
-0.03723534452665016771295277652892609957978440360758210738337222425740413786025264338992876327292905898 -0.030957357524548653799694375479882107489284899893972061750067839901510827125421169768200506401772494911 0.067664303089011156019174205830076287865220188622557473932474235675973492639604165243843447307718923381
-1.2456894797997474285295224340657307219890473678685635443470706213952837679522092458310443304353078836 -0.42870588393731775338875007117877954654396848396388816050265638357174080806812711543822096648433566018 0.079506146098708775906352300749127807194146503153938221085520332435761463732805420537932849875667940672
-1.7241778071631909800830974661361724950610504519278710834905416196971904920788436816963107443128196048 0.82293775564719141076205326612005681351019896934920627330202469932399877588897090718531635260414235658 0.20608378195756518808729284911587944697908760353011611325974540046679776758383360581223755896132111836
-1.2401552094792753156679317455870941479347966437848682543539090292037330818097649161409048705632979196 -0.26759680044516813909898255049368993122643526512330875010225419522850281718811503542172601624632736177 0.11527554197908964461662972891711375714048958091387304722840066189850815874152438439487741415495620075
0.46699315686709397200759910320584702268567460714520139015037531171140569181186368935788829456327443848 0.40210776014504153288187872889957261799716166305529663858883892242831253653935765623387332560993079078 0.15573650854692350485244806387317670955691312536370472079898079317467223761555634633402428158799437077
-0.052523922871153026060743847882129925061319572932455856947604401113067885935316734858495743205280916589 0.25713264582848045600170258186279532622520628460863933905481686048654094459979367404097437293770017036 0.022851617222956896556956342212974427245802716445859714966369599174585668271682951469130310856578328494
-0.054249879618301171175369317383278868695189919449505445337295952006572835460990247224804758097890141392 0.14885146763780453496288774408159205997963048205631502737223109303949917142599246104433373487470910652 0.092077189696925877320513324021809280887796797476792817177431841034348928866892806154653905755499990336
0.0011513530015765445858252495129269535481194854503609845673798804502584522729597403497070871469933799747 0.020896690596289833998701929882832282463973482379576781844463925854975015998357526008887007156452233903 0.16696464587970424468551018663552245021249764216568013072922886004376494568486090591576591560966241502
-1.348191271123314502437358663763924251160942988513703942434484675543751007791469830360597370237635617 1.0478669578566758408210994911090032107720485377225801790293558723588348759327236015596878095877712962 0.042909901600478870153392024303616844125621158313119923581364192213252040821758312304578199856893913705
1.1741944667404173748226266286900765546880938958592740396869190101993685162124263355469840417169673349 -0.2238640040583925022555219374323164596400211842886202472362387386033123877257215312560542332408732562 0.024399084019086943967518180731918530585785017725164974317791394320524517673935934412870298727971913199
0.8819012200624666009761823924335035357689299551055166546982351041082127552957669130423057914205599326 -0.40938666187586894300217443091582555651455799832035351063388158899386696527226035865824128401929959129 0.12867217569288093604438951057641113921635855342528054198954599609698268731850582633459772075026229253
1.2018353203077431170657315276845875229194877524757424435159680076119224848575832032103065888692309485 -0.34041452904298489897383250135503539108389566127475602292098518710633569884435734033347239428348293597 0.20735039330664707180119345424368123983521287304378653860303898475774958584320077674290229909306511153
-0.12411734302969475181893625093779046136243526668709813426251931835672661149285430901425974038743477827 1.6769830855515610915662588123161823843171939684221751297010135952976080451928228854847097018207571378 0.038404738942953557007318662082798992264689963399913638770136288880928119311845244550882047793255260093
0.1646191463937578936134627547234161685754801303945147220119572932863338361467010257327032788110449311 -0.32350078434960303235551614155528574911176972451509015949828940731791490950820342154870075436162452992 0.20577155219858384813542719832773263544709788687214288583724340748951952260811420910575302902837620638
1.3440304806957366828894546242200472784460056762585387255738054323973422150804431386868594163878853912 0.8149272686683196069676654913234763509295559455994434867172215378582670086076183321467331477686921287 0.012550773419602322861091463123304413154159722645049185680581754992920535649522521551690618768066723527
-0.92524855261819959672988913575139278208493891637423709483219184714777893135048903825167568250709793164 0.88059651407827183166790662473455022444548014638236252131428080925509918626595500150064154655051855632 0.087713766896145351948461461446481284493907720474673754117384174906907213235543956814822650624216499127
0.27293364274105664459969684926543159578352453368958281824714670334683536231235473803588448428146409575 -0.56483755185421662464956755586495556994767627968818721503573223997926603886991593494826303410595152456 0.19202109281491823589424284073711354585703720029408329247282317882658139060310782437255974987452930231
-0.20820970325584453179327895569740824379281433629622794238358340568376526177264526169290318581953345693 0.23817875019754652730343060992285970101100264967513856643127933739969709079114196512602075699028062011 0.051102647154280793649954795655122390736765845433582471208986142372714988315396473895887801135936394895
-0.59971500059852091190177592098603711949500117390970133701270012100714071736204164057883113271515528967 0.67342001604955241419549708861211893942468554023789735063853733561948875950000587549929343634081130381 0.092224981536915619721008105916706471353473216734133993493476224298692849947067900681445348526925441981
1.6697644457009222743161292438296664791643248124277801237563252636310819161815986697912734320711062004 -0.95746133445517207220790236273879790741963309702976995024167271759665335690584277753400431331219360382 0.14332884287641049265378283088272747493531030566728598272946876350813643241777166108353645508731227403
-0.52760012899027682539033798288586430459241051664799874020635456999885360350357348766210262692916099801 1.1467752379494990941098647354774916941261311019003697672198682847802906711474936265967610752205343208 0.17157503284745805346909800668458214971272307867146090273544827890284595872962708256740945679678681757
-0.43843991451621367971239356253980584879576376388529261137856100900887051647408208282350492086307552645 -0.46636425224242030708907433061650902698280416041036652276656678309038324367484072766153077766655579819 0.021464313197917375870138675389316714855858443078361575823969546633419528448162200392301141589071699004
-0.72828136840703487652548542098047727825889876760105100710031981639338498471272497102642955184481412204 1.1572624865065093574069067622456448869378384521002806556959971224535401017699450378054120131938231459 0.10019887776174205680114066772512290881700210896357290207758703211794998922626801000450401283741572953
1.6223542468175703184551376055439914892745350283711671148039076327315386168115138749416437128160529946 -1.0607813938416491337791467810485213838888584731823586325995106267673945301279353723753792194914575919 0.18160453926349237152755288511603754578813859794983272629980666619764868691767129981950921510399440874
0.34682689278856403879453216558844783676034974385368850495849080460540115011528047604340153901778932027 1.4005088393175130933717731485512683511646941637171833424362069414522588544159670687789475560227314349 0.20899658144786689505639701938112440444326207092483441646656432396342095467773191884841273510497830321
0.51697947517834003670761510303109250833955693902940644552321095898840850547772405826763060106045289824 1.3479698978276562354891115586141464368041008249092770821602811049362084135744773067849738701655223712 0.093287373427165219638199790587999438016828901864017005182628242847364875559643625360791642117147757851
0.079394364546548867393739077974935337307756716359843298526374775613787324338117918921541982489530614526 -0.16016130568262281872216099275737636229084588037979393494154061932387459174412200067981297736719729151 0.039241383120615044865312077692192260426121924612563987696865748215214748932671206835062092994548571989
0.46338434600054746649637831566551378745929215891433818030144246151925542017978226507850966774718915573 -1.302171529685955813823288976906737820304423613964516638734833448113598437798264237705222205655150472 0.12895056742747244501203630725082599020714176077100283394008792032089469529519555917263189628027224841
-0.038605091302737618858957385246715917680194460372584798631705850654664548394737921199970678482122670369 0.0079956440446775029205047781120255296327704177938376819990839870803441738701785353481177264288517297866 0.18861290983184201160818897691435539799884092829497136395484978849192445629639396327036635435986487468
-0.088665731456434314758273972054101968993435053145632915504143167133156943669317097263781903570316343963 0.15272969793833668834341577992375937822185379396205714442335438895028014966509170220491091068188528461 0.14073398271757326464178426144302151509900754221572074484928114102578242241572159346959361744997486344
