-0.52284641288670910800333780267826429533681557027811416537711747313617755983670321085742284862563658135 1.2940844219336157864263799048281220027739884401249962582085628113107039258629563637467447597206683459 0.032098995065819834095391236436509225029129591524037823378764833855318916128277596315507994361879359365
-0.90585822926377203345409455800087847991418127079273764755762226873025339117248625837612841042704939854 0.014951617238159576606148435957187050273407119781043746505135442580482892686145294030188900627932740264 0.12181953560080643951324778866139591211261878562719922912170718017827035237319138743488860417272391353
0.14891358820317327969638258699061480487995428846397817452120367332872242818625135279370499868236637517 0.37542890321198403944281304131451863996595899347240139718768258264038145182179266954596575025990192661 0.069309424658784969209375884320410681947490342753795650444152012936134350759223888575015362577444154326
0.86674354523936082867711259738822898759095443566546076134705363946149658134927525116612385468205420931 0.74991644013130655140884949622475695126775120048765492178802137186392645383650153699100080309811381525 0.0016207936466183527621817458555230434828156922971385983729860350519811613992634746804347181596032782125
0.54581324678277278845150339246825016456760429462837031281865841389242932155044133834957730761786455243 -0.66069596322802637925189593777857924568737997904028924027203420348017765630531553779008570932236312613 0.0049191583125786141430331478477740124090164112530778058537146339658037829362616140882775766979251573624
0.32386747378136365119695854094444273663780921392378814011124709958744191524915270364470508302344142265 0.49922074082456606886924632328424840056157263372097610490712824638545973949005030328064483701714950924 0.071842038304920025573906060498721202104629084136400302764260060345187688345175079025795260204703960533
0.4456490707626695609446081136780535469241352499166574433841198828956640057260833509112709225893000694 0.41072554154099273888686916885156979763342184757125366408116466048426627415937825195418105401132716057 0.18229760702627884173258479046306680795560963220611739112108154969227927580258654700448670938811053335
-0.025053998587427945097882959370171876928893360983276681040212222846402276866898484499307551810377079302 -0.44721538410021572124500605382750857833190438157169528029043592197213882081017302279270962140005932371 0.015056409634998266118582675915655400585849762422718407983674414898959642512182947747340890098283128881
0.20186022458672895319345800637403225304405867862447586074617210193680065690668384096648759377091439617 0.11679549177336578072646890437051991933048807431730999933832161336375016589009693267529231808965017853 0.12806423217225561206375820947816628469296586623678360538723962191074638552243831824535969236344046138
0.15032353216554496812750368561792268621514716842463460641077351501899247657305337467702593272778200728 0.39552474769971023669116885172385878839077023649057222044731779208416070379264386682047821765700312811 0.16296223762530835649851617326134018363729076904769827331065050765817469725806072628457160861320757859
1.6349509516045076815348482411874815857370875910863056705786609525098095912694922788370841235518932061 0.13380671301273041747551489708019743294716025538504636871466724193425953554629657803713127357538577893 0.077148946460213415903831354979459995656670562522621338316178976784159249959426989355837672768754680858
0.0907306295034335500371893685767720214318874019299529345180294802256785018607537907231186355447232648 -0.004332020326847428755334799437064003605632364723533993607257709807031861257217478973969943719193328062 0.18114246949926799927031912110143757385067306465653146130902756931504628707281845430188310836205098344
0.52899859665133525435709062424344292632439407591599262177838846613245832541972438002775827995751964973 0.16056502175944809534741773173092389548788417912826224805929264731410988637362127322145991479439033041 0.089171503486178072625236565936393362186735264666494702641339615119492309303269606436911887341765558722
-0.035262562961533809625087621778268254411958575461347104184103602793652093016176565584531515025809933308 -0.027673501271899685650077648660899916053056561400309489537858994591937960512956521512905480415268105965 0.02687664078633785790566409834437210515233456215778277527776851640219626150429759183342457263656358682
-0.081674691244973018332992021601108813491019711659054139909265359136720972338478582178120462596369703002 -0.098742431752267566460594075848967838720259823696245537362347080124055810193836690519879854671738958932 0.20650603924564093253630340540404882793895524014328382414199862801685515537158788340359042014532163081
-0.75068948448218682523386228882140097686818252689896270680862826741546300304356171214155418568201878584 0.45615936288970642028242168616796562405938031444214131429109389048369306546198596974087412415350235342 0.20442347296394316533051425426623655243146585956093942215034334633519894241222086436836262892745761356
1.8161659804962920776435529985820895148599689923394514996046177936493175548024968861006125629045726588 0.63488722016701986258929847716928517220652984584672961099589858050696415302110899277247087851717602272 0.077567618978503027789622822603943979563129162632397382766850432904358512376925530099165370888355419966
-1.2822057751670021349232357279297513861189366680698529788250682881108581474804435930501546910792654187 1.5017435861805457433302754431287463484455512294767324163275932279835722727267022788069547012194209681 0.10402659323287361423650507704134041561845764369611702184187992884005293385596413170341415240213799254
-1.166027631907334416212875613218966447331622602952476899921378826892232817564628269527478392012125973 -1.4479003738901783106385549029342299669835967275062539865368226298672968350227333195615352360901468295 0.17209130038949414683098986728877806031982680072191428694020658096995113003161161479175328852876155255
-1.8694956913269986314300115871510535663700843352485120365982155024225022852659134289509560551559463928 0.65081151334533977832753009488624283416210923694455877536319124914078791692125542750739782732000461453 0.024672925685951429783821073991971096882765299349948474289860170867727714548281110100430850253438832282
1.4312954055560383455400114454666209854269782704450025757274651537559841048115611805583743956200568402 0.1652669383258145086989169672515955524619120789142553942116727675331050304559499510258168742069366962 0.017145840660392784805040323263869226451655033849965590713673040267657870003636024906859000762865688186
-0.61696091531580312668046292858600665616874452067373945983168803771533098691735486189681308584711772991 -1.4455985431498127240702066635837959623257034188016755196947128884392896410419260467231579803563950304 0.19521363836571854910675727064430583921618660228359069813143832570229143402334581149721255341777993132
0.12422206822008167058772021327146700072334699718871827526023746042618368062658933899832545920147332161 -0.55531774286110991903126581200546132561155732450833508918839400979309673863107880170492644972683959351 0.15546860760991456876171785468522547825494869431616179564241070077365528810785054238095887818632026159
0.98309045099911959258408830399099994285685250480562567700352428948379304879437095324610191650928271928 0.35817158744897673520768757581229983325762443115794195552299461673564024910753160152720694843579770954 0.19591988382971232331175196570416258590190686371705491819372921709599824807563897534344658618553073209
-0.32204900615268178323658831277060226482617976649717332237225995959704344928416593849693385688234587224 -0.45675148454405275941236861644398257116650603418727751836071330242557863528129770690923610402363884584 0.1621349293190704887229604741855285301138797414805408381038226285445972009535166999951659978979960996
0.17231015750781531328163330533516711868348041448705688398927669172772354114440105753841045112835867144 -0.2684448944944752218088969463386576988285530461789953116204547969229112792307702991998288230365655263 0.11796022857055476833580628082354492961900328942204503276627795391690628193777867223593452825640771475
-1.3613320789888314238056312086950534483213609373972027852640211771910858098954237691699901452290753026 -0.41517044924094045980350706333902958600860259958566374556924735360768478550300977068286505968813885145 0.070214051766287345563411374604120469679377739146952394819742898884204162124441948300274988982764735146
0.0030582904437511311918015216049803996351424372391876728989318943098497983796838279748593315845472555356 -1.1396824592524749932063651637370502713867630367215105300093265669508011876636524432171772077751996647e-05 0.098386857456584247906807848172856847807082825224898134147017526281310510929302855190215379497892141315
0.31365373769603026089408494751176244780596590506203290290827582368565792500860529826277180866782026709 -0.30862788384120626193253196395606864975247447242865504025146647113813152293096851538636702087228141393 0.17126609490141275771134140216125349619499758390581412180212033760155558975251714538443868982512974777
1.4914744329390322213157698478317642104860306921501705140401682922389447887324087226746288478377264402 -0.47689755411626355788525009954975582649214549410770977650814024554983102033062050343305862911223749071 0.037455718920038043467107948982387497874882635900013096896700427472023643596831528837185890819997870941
-1.5639415639615293448647614351983132015468856387241953063497349415366770329288993166274428150897366836 1.1257482388698644353261969973971565621732449269758732484310310423024012541904039462572228650853817986 0.10266186332635119089193575711430172840581918019664782761508030568670447540163128949573342736843788232
-0.82818863276627072193458482030060630041087094683232337517044679407100276107773988284082492698907736201 -1.0003131034705257253482322882610118514702942569471840190757146823193082692553903822359011845148042965 0.17025338952186707049810829579009595494610248757356404819981985758480450106232054566247141007804493351
0.38822411836550309148562979344967289970864746608892268957210964269137895198837268770319721826708615837 0.18021708137777220342843197832881077060991130407830006268618366440067132065807884969187399120092207271 0.080239869567196046514233075072100637968716016287831281273868485139711612736406523510918831435878547508
-0.89204388022420223923394587940112746917051476778862008126544014042456711445010132808874133292596013014 1.1112887410424492560692877138284426538174414062449088699914857246860691076973928969607932507162038647 0.098076993720295693596973981206852367591717597871033310700010270522665438444797783862658037728942056719
0.25984356413369224175323063812780039667897561019960137091217788005288933943409921788117343832751575088 0.41973817154742880939365968113315385373408719746155267592861651449956275290521018352372039264082255784 0.17583684406942446635206087117717684044091778599870653779413053252324946945519754798864783453544323797
0.64728917790680561898594474891936947642432475656360844193512858344418422223069654359644541769420635536 0.77116847394268884213995251779008483186846589152939188999968362687320615254590826660525822521041678144 0.13440343989583701436149431578160728151325317236264655448225824510972202494877677255828699843013824215
0.92387836484022142025273606362565361559526783737009801544631605281634230262854935954778922747761936623 -0.9277656793224341710087675969816218137546093322868167080247274541911781841857271939395442177119596548 0.06230350925552874082079826268227377076675949594626061691009564726687661453055224150455451289362917583
0.43674406481673731894264700197121455917923412243693329209026090680476695278978633301789668577055425193 -0.35685308872833820229320263031124195257503530139043067602798852702346354132546877233150416029422955366 0.075333740517077171238989565139397940213049643933571793215610252189651760496317766193420701931309933765
-0.11212761437956910552800194878639532803205668336936833924858695996023757853017913500184945177969218248 -0.15237852479184524001461636917525618974197218589026870758929805389558055015744689397682979369231421787 0.18005364464784837808753843033647547666038365059672158697269873951491194420571727965914109591835306477
-0.14249798823142091354775014602304058583161437416989260843362654206946245627380422996635612227142839346 1.0413479826444810699888658323201390695809848543376411033020109282347966425527828854850251920847908404 0.059477407361443548076187104519630029285499941849219779869291905906821410438185943327584805887593751776
-0.23770591584428805119274589043455064902543294913292471159437612108849338674247474661758217409734597046 0.79666460615641235100780444878347011847339575883279870040986206620147294925953473887915310908574246328 0.026565157770265667689219859253720945358992137619254497569154379527869513873436727868540033855142227909
-0.0095078654621402652934922350253778452309670811866086034846116897769858135726155565936588019625132203233 0.12554025776528284767570355030961997094986392445948637526820096650818876797185947256846432739427405476 0.2028117919838753654973154450413645942078514619626466765211891956434644954505749699846242704992613833
1.6235789749684731525407333703506982731527951177744950638221451941812776272523067094424273729302834558 0.39589761421022890279905926655179715287755476393880688884833754533258296423898009479179228634346419519 0.13597973050074457630010498254338588653143239017679303850157962375057876275502769379906688436571521175
0.35143794065408774786477976664906281006955585427710786478767002877667993805715624229904479611874145742 -0.31573652774730917679218298534947384121604832992166215840199909220995740496353331804694794451916704314 0.0035250761665153285977322087158313824748734116689383923734749636852765637791260684039513919943203698258
-0.81154788254962391523899251197999457477293526320334790181849330389470919890224504164127264090695866061 1.5611480683234951217616205533555840746634135167338801059980216789386759667097645570206706395515584088 0.052862636960989991180270217560305418907799704833685563065777773088206170801504290553157371969327163362
1.0336301883377213906484802567293485471253224840085308340933916763814769413620509888974364715731481139 0.70467125666733626640009146379929358810842886207797571660535163274060843409990365045396307329573507509 0.11893377583400205820079212160001771891935651602210333209567018510843343669000590035465375392077089674
-1.2065882155569778773510830609482282516019542970318345110333217033669159482600729201865286790348934836 1.3038452231915711955410460074752608038056209792693667000773231202352271881539031360732182366865137791 0.18437503127982758161245818247865731651572974478433684704116655221714080885571709378380939684868431067
0.62804564573680287573621644255577923534451778713291882018106620625720278903667198771469664235622814191 1.4649897498762281097886622826947236237341842784086876622184932719405143873406912821430943859041042178 0.15235201078513255859472327224703079478661231976253416714165077388718250732149600335267331774062473138
-0.48484323074928816628389163559714046043572273020661856819360979746548676005061076833244573968414789949 0.73707382015112188414749371557187248293652090768423560828935724116358268737893171819417517448543704068 0.12143688052448940240614753085099506586666465349096185425492910764179587103648467348876285742304808584
-0.13241613129626394917392699265303539625770322631842236208348322951938671083261810725628195661290693617 0.031905757124114212396365003933541791785349452269862363159541920965076975672534876123905911534134404619 0.19426062975744864178115983856913558588113560232912944470555955811611058086039219479522930273372454497
-0.90317514627073715608394415633312393436394030028779410482505029548109391087340739950429014809439020951 0.84162977847794820221468182124794001625005305892753338173943510418313264938732611532835247085465266895 0.033561824624420995472894378898214213682888293708370855183926697661265548392903225037102963327383772451
-0.073801695592508927568666598026297262422207024221330468990289998441997069432768931832845096922348787569 -1.2851922826798700468484347505890608218994342555755708903283450424343191622524966143131659164285916315 0.17958794889062556747815598873561432429135535449103285584449225603391291588144085149612147446515692547
0.94217234618026336100343087871978590334153589826862261381414514910568085019689991915901731374470395587 -0.29277919145130546233390983220128232110460030295925943676704060747120375242283879270557910363287153285 0.12194366903501641761597088373944325016137404494172431146493466650350112602167600253767011176607231049
-0.90892942694469754023890806681961134584482084168625728883633681317860554359529186768909063477392422354 0.26674787223661290863687910685322883054865683577038433461756231920049048005599186024127133899197660983 0.17624893580613285663552004033194885665698597987386276281912201863510125856690842465218480095616154467
0.049473865487044027813651861418096929789157539922890112175589439108987138753142567884888386860816765115 -0.75753988038745445580648932922352366272152222388996756185706295536040388203915668724054118487274795749 0.087106617943574819703428444860938822065523495292105502002814651701937137348619866590920168768157227692
-1.2675308264270137334046223280903929485583549922802766492952653162671626981703379349037251156731782332 -0.084453935441765563139790747245199131622036753491277493184439692630813530333362811812784383426155324777 0.064803402969359337108599736026413835784253602262502392475218797147882772010534255288137708116813693836
1.1215505295809459184468402556905205347120069544411683200698048068416489487178462252021256754224557074 -1.6548872259993011256141814602551914316924969823009293288079358615150100570393915814355638385722896077 0.073209506136244328760390441971049467325066538841822124441105139814495622522042321565602322091014898685
-0.67597773596689987795492173652634082941941924904981441555585037332999835148767691463757014403879921866 -1.8632123296917870776712900930523340167265399677405538136931298354318182911139316170974276151765149894 0.14435890677616398234803751294810516577138854887032743032241504962025705687098309248057633796220125256
1.6201372087792631154110019333267237783054887379590143661677724370406652243546314590837299984747954338 0.31872891316983438969991206872808921723255053045893798740946475441637326618191349662984334655404233321 0.18387538546008584738794132522108692085555987209076207960622299762393931334292162688307304347671740438
0.31656198483378661930827893868596124668870207785472087544911168706683351851683951430124875950699013295 -0.22325270790947936259465826363829765476620202920745562334981412908087926159321629745159534717163970628 0.11414958767079023206169388122909411401116045353257949078291118632159193839299981164562607609878290635
