0.85523810008861576612392247895926224293599289475158702986263243787710585927948163535840174461425930431 1.7839286087115264301773207540058569968693044641896354083526536226880778007209174411073125318230524154 0.041289852096176508434354486279002099888768226000886100900650240398627808048670308657983525229885729712
-1.089180851730245110969662752306041867861072010918234853905341522881997819381485723551724815680271081 1.5832144744710679864913111753840623659110291642504569720152634333229116953740481371928092362621125748 0.019257972673398766988335950515271018381904781760676787682337866030706709336126059243921580439433246847
0.41268026339843731097482541654152124057562018292962322802819654920267556078392241378810917077685732713 -0.033435383777564367939797917534572780700623315581388799770762123193340594445888691244582458578169147005 0.1701523312511991902064893692779793521917380169641161731111096029365135852852580302753466771078213506
-0.66428085956601923202487456404788385407713330115990268287111801896653910992370717848905144497140575154 0.43400330811267199126650996476835075855086614112508538884595663808543813846327263811007141890886706441 0.10107686806389683324606679135956044273690382925040577661210537438544783929198174995338064604206831672
-1.1379745022489603435394910189521355791641186183951712597659736157271321119238165560187309112468347582 -0.37069855080010846465730842289037959480704482697375916737345776171105984692879435865406203813452669592 0.18926716379664707739304816069225590835052985742379033952510191327048263165446368414082875884837122713
0.032300239867619407655050220820395956156320192755382184115990074286316815967738620655486279340970146632 0.16198854427402991195986625308672107846857169311597066488189075165923073844846354784340634001996228607 0.18622411758465507575001854885699629955830377042040615086502928055899766123542454617667880973911806799
0.13276597331847992370178526170114342909296379596058608363409361926982730792555045367689733897112705974 -0.22695970075410751952802144083141338172813552945473201691033997922114940811787782590521661299976179128 0.063201278267291637243244625233804086639506774365065614936749123208173438930170228403896879736756081433
1.3607392373885736260985779619166846972643965866433507848547513146845781132576601455361913248492985848 0.37230685957325857614636917638803154523208452390795477363126558944782418020571660472322457094110750961 0.11494460001379403755044961915762206168079414336185049609715551839289215062600475633433067956150909959
0.39189598882909897084609934302920198030987006892450994070467800567521283187452298508557243635598450408 -1.0473118144733750311421061286585242128192338196758158332806897134862482982335234874463376204751886368 0.20017963960180993322474581379675002328190502079636999756800532284319362476861540126251240265599026134
0.69069850008205558450207198076688701041517979911037925143369330337645685729960923324268559243552900508 1.0719374195221201128348058025239677402379540991986485049730887234364903073481138964557037135519629633 0.11453193372563302523305573623002920781223936483505869854091471192643974410710920761490369418777002312
-1.8572142565516211482518446427955229013746404645307601583983840254788083184681235219685881297478944376 0.39078537023358181169204455794623133288888863667127766282252243070625903933743282602946088165146327428 0.094172762799912793897395987984580876861936016074363444955698808575784103782408536661537781755893814166
-0.25786119015957816315301003518488221466443780639451445455172506724889646009044351453962846272197154529 0.057385017539057892548794157372299872061881174365681626773814163515931185537410192651161664721247847446 0.15942763236059816270132229170676212496362021932805454595219882816192142119128006165459313976204336211
-1.3094722328510291637896667358351561013913667168827976246688734962883493260581524787107501135174671801 1.2174321740703528427362299637201173233271933127870503968420862919838432462274405649310322987814826577 0.1827739467109638149617330117125801210851131948342931242918916578554253908087848727585414371007966965
-0.017521776037329942714744966597988723306677302671103102692747348896218867906561934841258507974239668432 0.019941615579532093539179297877059629972200923450855680014461523450868587908356498704574467412569380186 0.090067677540013957464659322769327112964947689341091064972402783343412970635597233428189062455276585229
0.68066244726704869892215815243746413288389195113021886285878691768004657848157457313564880666022682354 -1.1715641890631476240223289131111986886917005916000971008308866640494135881619438527512348612205699656 0.020620038798668740439693219333706877401528148295851461735151733841320255691062078615387935841868762205
0.71156846099193319795377597311632709296899693560628815154801034848671367310445364653203664595623319772 1.5237060998323129140271646383253829786622853018490364304690381873171247230801842164104625689395842664 0.037455556313489220288101968142735844857631396922029734251689137537049359860831440165086879246216361903
0.23873295557102845029095161554613520983128989453853922013324130835307970605849573914655784935448598513 -0.039055961233891441745384724604623020766087267212522820853111217616788313577393538364261033906254836191 0.01793035957878825215162182694544501896057505438956884688493460355952924033805496644572166258208090866
1.0382755413307166041482356774054596023048737177408036182142649717907588206918429846332715765184180155 -0.42679199908494631213617716599683022700062429057272406973266537782322367397896644516275547220684543568 0.11574176885120792531285269167068268746942666012112232390443479245507946158611383598982082101011540544
0.37061801252196934969908347050187095259163107727041922714116386369891252064493883941143708443811588704 -0.58600269940889986853703071998952620765768452489990700257767073083963230563448717489523273392269688453 0.026185825187084478173305359025424716773335273588663811811862215501578582470702435254336069295728666089
0.009834911639690387313095664913771521163631830165047672141486262187842580038738271329683989677002549717 -0.31717973938707552366930606184490789998283954062896894964615920438387913284403395499756529383901403672 0.11392630254814857302256002954530343653712681865120008311067783916058992572346168664847042420153438424
-1.0584877416981775433290368492231498587050617541802889524036131342731540020469846058806064646545802082 -0.56276018918625960477591845653255966132349495995661634265748833835048527569403019712305948939871231792 0.17953868255003681316350092996031574596621043968911074775044205274332038859330998277832128659553662282
-0.13064128518572376037350695533385573184107317745903575155418301640725605788074126701716199964156525761 1.0465285046296114304874961443416485799644670590781132543641210017349615561559731121253551701865446755 0.055998533793617385233123986826400138235252151708442772324979815622974245846716505975500619541913515577
0.10077451143849179126072704117811777329302210556978575212715723653910088445611669491220732270680219786 0.085221323474161009241898649681814931256165962313045409774298895717107754912065323705086008166961270726 0.14138153611564109085082097292041884339732010567731249995033779312051943365941067006183786306155991457
-1.5820637668782267535654080222596230656855426294556183029989635110105832518689137478757058511322722135 0.61019497083303678869561074155787459561788203814996892162590636829077806362554855094867406151344957296 0.13898597692334849258940077371416612146828407526450345090263973225566586706633606837411996539653370967
-0.72294130198560934393567835329762598677723445316279172452265253333918909557403388548016869615403106513 1.4152961934336738154366603796152909136860099270018358499855872070482479708262639141109464988238536168 0.17753987910947881204698953189620448442283599955207946698996099032732982623948439444974005249383408942
-0.18693883917417316040189982700197107710830607380950504417149038011929953641125413098347452258057369774 0.51345442055334220546045597989993377858377690212174691819142248505342928059934867076335382304605460052 0.04697307837083866887373689329847199739320334974249781271748426803752609626487138895059906394505027008
0.4700810696200598704059120256822462637451249930926368862353143657823606204833467310245726033774810689 1.3572677761429812268114326010728769632897611399122495458609971961618975650662187582468434235106496915 0.037604396426679883407833919082854354444048031980825832883860171464225821237341795633510127481906206499
0.38827694215206595236717571738514949126215542041949035240864389602528501170892474055217944848054854877 -1.2192633035444133896245927229702004569586703633380839525375902770903566190529470095687862937729830432 0.016346840927263165635868270636326583445878903315772389214721244882545354172576505328843812355445549127
0.21151399208537209678313851631453914228993591618236638004506755843804764393483926231709808510156083958 -0.26603575097840551717366207711795276097588572528271724550012117958907196828612711500218229038049605153 0.080308591797333549775691176989630796492846997867719304603766193263821700875790816958163369271696828286
0.39877001677673714667894965502974853278435751521881311952606689174519634418403643152574532145055720471 1.559547100258459117133054050738055948782826192329156644735136136208335879555026409057196694161904753 0.19223500644331033495915956017402010053084110602374094983923793536733487205327264385745895291433331198
1.5788094486064780415067846855658361419592544729477959041869331314693073337229037371786855390471295363 1.15798125440344753057893393225596714929278169268006541773790874956005802354388838236871036787246918 0.13630462714079550646151045979193335479223719667165424418305360687049095005215866086706644102265108013
0.35612405535186690159934932354363121733481548625626653309210438153458501330013633015997997444055381534 0.15944937166585995317034038123749789652895133077217888265076413556042803507329226651066228428901304814 0.11411409257618531027858363573560102759859101523999868002726850500016004505576194906102317799794509685
0.7512810312977636291380459115909594042411207080384616261779252464329071620291738378404258830339892014 0.36887986318878576656498543344689142361238264427164286202244071190890424580432133012580593428411925739 0.0073778256224492033702868664035339381815860012153738151309931513107736579411314689190110182642002696851
-0.35729446750880333124989619841228728523670303462000058910115826127502015764218606930891628969688214811 0.20261200704875394902902391225231571016322333225558912063176925932886717736633660248385581476260475886 0.16683031995731308115814646639450182209088912693039628489509785935564908077814547487398061791583537027
0.76577719775907627241076994381046583664980282431429615752525366978881450937041271052025387004272067899 -1.7084339635597982238383147806546009123659980539413992145787387735612345356917546597708685843857396768 0.17175002129533575049932930309789112022295287423566395211196250336447101266953479579648269397702088089
-1.6689165445578032519360650334722604194422180048662133237280951393921982648194932974731227695476851134 0.52568723525529627651173649926928951171605007096385408762204044555142121007993096495029419450636058715 0.087128695162725174291430494488297128645155550045655597730202755681470736498675654845718264408355657233
1.1805927958176942093390671409320358769918916165941810366565722293546328362693825468421068081518237901 -0.33245994851769688562094974271065041586631771791280284748907377071364257024984932797262711513279272059 0.19463328127624667844107257295645553420020665350775086980018755897506664446264834490989705584421595919
0.048631037594320423832738715673696810636738924808276661252770421876239948733344791158724012948497680403 0.92710690631071662795180721950015223357326788658859296369625265783538710114103413471152650925248464511 0.01256357073903646730766595321699580112063536760193289278240243099382916257837886479039468491948373792
-0.030357300033503341164461936970689595067634893824267512709715094082461877555358081388121869693097718641 0.026696411565601133033578837441909115054271248807254492429391566287850245707974137071000913226557140102 0.14188281973222024899395758244599033835283668710331498802414888145138338299589088412372617849304168342
0.79537523730190026485346175246759621216996112139521923993102986226053908235025413880338338145889556161 -1.4829444826604280567061173885885425655204194315265212093392461686658032308387485683365205655963219217 0.11425725312142028496213127202024281090933259749702967504621258979482040891696468664487080972418795309
0.11420077133010908072981575117403572041155528286588145438490160851827152673241190399370530469354407509 1.3663616583664919204490515992576775258142281971606025726846183608676355429832160584374727725955367548 0.013082609334127210162746539695217900300985738719073881912228815288006677471346472695484267922806675256
0.10981685128151527026609489496447534546549443586988669898786971375357344547288869834841971235118526664 1.2698791236608737788168405280917666697389298206951024484381502632141824722955118455530355583569653442 0.17698663974325228988313431200650952421274992060360109589950451438171083765180011036426462547335064196
-0.54423922168084881290093739161747936939228899439313125667762227536611595371386547816510246799996949848 -1.2788196857269212046428770939604960737106235508319577660268945692537501126867534664249659327419077464 0.11440214449537448953729307576391129459596129585353011099420820182689166573918161534583225151080438533
-0.079291529048497428895610773257834692941779929039111407483955061927183071319870392808271758556370997805 1.4215880904450609042198834168155764995583991193987940473003221574752730284790138497414174278014914693 0.054844139035325733226403917629139570231830981816715801637910282183752476848529214742792215813906397872
-0.0086697527938317488620368360855953397923600789849326617178131999871635983687141715741127889219148659742 -0.11707285802503531511296325941872820405852186422168175303103676550874795233383307238956160451797070265 0.066531636524642143532356125605864291021934690991857089158378225630985328975152777370693694191007760778
-0.17709309186313979358082831126939564571970781684705798552978700538128291995562222100308757977197925157 -1.825900214378945992563343216200623465501294818074475293009363016175598147637557779781907869209300016 0.12353083743264388324722105762558877924433826788155938679539947690276830654132328027686505539416422081
1.3083512425886505586940238624698744441298417115758753136084950733881275635353728071882381064240622938 -0.90504252853142074537900364435225291577467521693508454678708122411644646858915651379246351435307930153 0.088704252990300321856353383159147019572291274127595589538571145483313391566746602103715829157794853353
1.3111319419091468493877960790254656664696297779734944942242346887143862368764105049205435556940463015 0.45371452752146910074334589548707982371654677843655268552651532072305546807894086152167641109019564998 0.054604846519505187033772588913696778766445885595694652604730640955014482932310343701063999472087605053
0.52787577902766452074942727121858823132560604710382635176619500941326027853594277218514382916381847198 0.27653645969188441376262837256477859544767830899637138525756145250904869848324137190619371990182614301 0.064437812964094524523147690092350154349008284743279349321527155343609204164992358698121366781867028151
0.67885135143796954303400317296514695745254623510652389213826471404096282785645802741251105485730672391 1.3675510390796002643548600061374274449200574344102025423383086707246356511584834468739777581269890929 0.066054902169463080942891324584496966953740916627118813835174354241075974960353190731105230336992683154
-0.6950999588802125308755478621592678948897255626205559585741845236379086464805705334455649639001141247 0.13310186245843163538204405456637060976996742629582498857674903697293847734536015606015649212233933091 0.15571277749196022463527590611970120998428685945049912935368753408696557434749742503549752130634327227
0.24811846081824600440813380855179719271456672089631305613248087603793243219919224903081207876640686989 0.0014086295660021863089729857933315749241945380579805117246249547733144427277272332684283306744003545675 0.035111745695265383081016027386990009689682158478329776319245434831117751824356487919918525985226677012
0.75652333573128116928584435178025505996947800267002224536042209715151964496860065737140711132506558105 -1.5228752907108262836519886852205070544502319112971828216661707381807999089382845984465717799039394662 0.12792733448730736833198843261315392255167471978575672777444451554265668152690769334965539793146944629
1.0737347772219013020966217586241530415402031764189733607682211016716219771616259230675810020571453302 0.1435855071339759149925265280375488246607417993460248339567592458756749159846196121632585946313184519 0.11968350210784595940829714963904724288074429500316604242876074069707328396404489753553321035729070657
0.07586892656465208405612172753036704993250222477247191909213171710403564348632049166243513964202498731 -0.88615321661025226691691052862150676336895953759067871367492159296964068440380188453903023328498950496 0.00037662093333549930201221932050286130947677281939712659152809532165403770144877484862970258650527994936
-1.7471368414431867297133440012148071887037646155585364387401173497472499201777879462512140186479632918 -0.20360594114677737834330956533722956127774526307331619937859550914896646323500863434819527373649052172 0.13093147484189578261956407953889545273637901929831891487870517771425870325084264105550233094065080174
-0.55759700070492517787017598990421279240534489895329221105977162796583804075593275107605327527445987487 0.23120037178335816891195325178440330959774389631429669528512266404385777751829925805622931089091596551 0.17847531532483263451193937843613074276709708718697135809468895212991372250640181001431939525638989232
1.4836089435896740314238483941959323213097524830207648527516558477040725484715291799931812786756211513 -0.23253659837739423817488388148804019484595093000796741385323849878955435361576812945940131549698887249 0.15521232228097816288147754221548845580643232817090190630086293336906819180947137492239437651419399255
0.44897289800499625880863874643754975697536722624997806001551206202059208527998526689755628111008604142 -0.017654293425013158965107377610783598708220049506825626981229181585846615028061003124851786997938059992 0.084194241894120601796147512628308019157035150098492678708325304639222494055245478518100678498132420241
-1.8748334560660582615831805606453464754457241970228803311064226370984108947038579819845849681623674148 -0.54533705322114724796185397137688730630461807568857529901417050057466835968685888101200666105152944349 0.065046794305531818493100205050450830876151428715560237197410688985499615571457906653209951912894214671
