-1.6393918087730021501861554020887672023089202801788497383044281804987102442250469598276128432594569545 0.62088436686340146005966093045889184869785338207360105701122789175546606395213176761172045297623049239 0.18182836853789523805513837560197574266327374428516936818063087618782644296854276610863479394948052356
1.2832663222176138464878771903337583363940785531348941111129807549015187932796646718746187551658154298 0.98348690971867039596199341088493135042246589487200615082591507002339928171026281446324575532580059175 0.18890604410606892508292978426208155281080672551387251608303445009579569850262496721457110305839186137
-0.07133830415594281083081133376108430924367321441828772086190084818033124188837185844557813731434292377 -0.27616911001984909198681203786844042437898620132613187502568845189783618133541345309611798953825864872 0.16576016007461471558049927443894775143503297367866264307917435136179780982435854580749248511568186834
0.67594361936126905364837592949751390270917453683296942057792988767846785060871689206008180908527429908 -1.5440734142352728287374599634000876588409243640914901946034753325987830185813476052011700145195474512 0.048439924144752372413535563659877461821384138154139414214083029363014768944086515651235569098838977841
0.66442792103904593437896938587974793834122682565376465735638287619369484042762087340390835923894859723 0.79904197702191513281363079381924735201354447240915516355663774083211165014128733641416107089435079598 0.09654075751647014115542641588582146087040098287477970752278035227408790202449409192473523468496841202
-0.53211457471508353635442435122637923626898407149339922222775827301423190753042843663503978969183539238 0.35206365622123584619576819239120231844241657031303097849186589134718868751350819090220949360580659625 0.10480916196423809764833001115559808573959623677605386971519690960305366933906784134401487251149362405
-0.25308160838067244937982280948037002167271548929959038381500006417874181080458032545950277307882825438 -1.6242721829124903673358178959429897494478138252092363026571406266284993858264690637238709245117857774 0.19326159034256017413623241808353653307982538387922842977442765526545818623913307401188933257130161524
1.1548553834110182887328196081167478767728552768059903939739513238217097450447454742299007893190511884 0.61690955990301506695848089354879367161489178246108355427028505139062312248114960747341587924395339495 0.10891361919120384916621873534570572284905913031712358021849409097906811709436297627106176560003837167
0.40151572111307432115759175428654925070068482484100211471301432489599608587965084465470858649228869272 0.13520560859290931992100595374877309497655825291908692625028593728581444928200184695879883058886503109 0.017857185205452320249125503584624275140838377594367972127152601915382953510260273321678385185758830725
-0.63014591422965416745076905407459000419689814832500879320839721333417898148649830831365429359608105131 1.3023124497606024546645943743437352782628487220174700905014777280783225684326846448372172731285767542 0.20516840410111804894429704973683943000032724252777723942981462822002504168682735157898630982799445706
-0.024316966335199685314420057237716581660099928367980303134191611980366916773016293203955753913682961122 -0.081924834800644870414780888374381788930298730375743654083298438933889667432573801501696531135773420572 0.10982996225500227824633783928897579747030698388117135032556781729763632651130868526814969586315260629
-0.11416785850795994968193754034451731742768461924279653252331542180570033280635606754754045600545483636 -0.13209864012256284439617658648259824286388744814945800086800739049329102483103747377171257430444594071 0.03195431075042133954383498553217780651383377501400370157490890916568903190159185540670849977108431287
-0.96918372659855892805069560389339550717981574651942471034661423739856467633542710540291532577769655715 -0.006536358347431398162392627860421595386259083312639957648784257973157745929894790558049536430687381194 0.0026422360617819181574424644606864659340824325015295413948828038978982221977438524665332522257157592774
0.67503086400334879325907245873429448212228680259744430094542087887898060031236046681095399847230526889 -0.011146846171012074406462663828525135476631380278386246584086613064146103224152622365854434446466820549 0.02533606437071069542002185631480370371101583822557886345791940363403130379586880212740573187496636583
1.7130062620288603911561953646311368170188792546510660675015355075525842800690875294551385908887188585 -0.040293147301430370011872535202889554334162403304051961206728592030689583547172524910434848442838070367 0.1036924397752573017166060501981704243779425204848180399882752809470043747636787781331905967355022165
0.22215479140461436178601565633231058041238152409450960173939301127850832034526860147820426140052000847 0.21913308974875585596416150485385136015971924013576203456723979792285275196860912070176123336355042524 0.16527491358344715545872717937886132216872739786120213456235131411493569861746613196416514288941203884
1.1333185984432857234191333381901051412635140650741376457025518070769459815965453038222945604859696915 -0.1609627857160428400447018485945292630313417438114271083820800743935560906975210642258026923379785251 0.1951655773968666735669811829508611191194369832510040908911466446264052641197439639761754742444415073
0.94209455148815092930050100150722035517991990508402479165742188519468635546407849598037724845707581317 -0.56720393941405481781066990358918925955008263335584113276444157237954642884136284619672004319355351339 0.011624091123582117621572360725342542875615239182151325367373880797439631830399917986016102790848919301
-1.2015295866713303280370977924691517603127505267173070379595731236874609134673387737579630739916508757 1.0197630665701018613070044673612949074512367239813731387064876140653080921570335059221946010289925949 0.016265401872942532229270420710484179144763368611486757816625687176933200058900389135659199541170476944
-0.4175107013172631987328140498674055113813585102633580661428530301903798768009330169035774594901468391 -1.0840306142057653952175862006288636489306097113089687178921009052288029811864141527755214208859339306 0.0043943319741291648945158151853859717405965935656578506126086732463953912724109511978980726476995464066
-0.14731918310480450183950296612785555835121881333887923290151190887162247160697778391879684989836235371 -0.15189914982743868680829125353852012421399028458462689541431402199857699598563157811234390500341693585 0.1438146822697578616999207461029249900268795231553215390077389764862534492808470009441443231345956291
-0.28096268967872001796816836210147014901045621574815181396664920703409151556735851906739347104197336196 0.79210078498446521590990435524776624682729948184827303077823553324804363130732817216033760320258071391 0.17445737292583857341625016503931985729956288619137346065332009421649989407098852322101985691033591818
0.7393496767273398784384466891881496905521774531552284988029464389159670165442709422592511165700269652 -0.58226066463035360160568894018120263818832393421976015406602743600767262629741725149830401912185139885 0.10623615006911485887995789068770253154810455259165866852366489710721409681433324033981055977782770487
1.6184520927455566246833931360223844705922948632991809748258035899721178440913890018874333510530037016 1.0804158933075939454832221998943173831569612994501260872106022045692114818087526197146629180747625302 0.10277919686742036619404804176774597942642247721553165805215017381866467549033419564826830943775124835
0.35945343546149647774367615474058528929153345420949169110867790247100278320888902803016221162092105347 -0.86238302589498023301245341020277479152465429073956900619238935803849881639555383573182290043033563385 0.15945902701363193683652940875488664490720081060396682785871937540244651489699310736714551518852701481
-0.011526360196104293312028980183623285622077611853387873546350801814642309762303387335851554688731065544 0.95365014752012268923053921292044025586408069549425058564467294108134708756752640054101961821065172777 0.19505038276090080970549229803884596547309856179789829673597385210747993314354586455134011188520451946
-0.8324529478210777287911249566080329041825805624744284427413950646326738347955091461839678677765777708 1.5597174759939040134460230360318722647859052334220703212638370434297679021577459120934764291581692524 0.093496801541307237329926487138591609021966378989546275681298863281505371121261953093534984838103886866
0.080839620182920796454876070004832376120312968026105179159622311379105102242564135069709743455105795492 0.11811281627239824674548031114544374730327485053058806921202450883127656973363111081806078076902404639 0.073442017846623471465229754593267664639344829305559922813422642532657351996430784211839603084525088176
-0.033857060058094501910201834871430016301020687371872192009692706460848862066111242066346615336225977397 0.014249785287823839652658922390171197136963838214542542026181864670184358869779633555918579729439570872 0.069298267131664671023695849877992892911555266716899628978983974831161947363187357296609134004649642611
-0.11582662355787108128690281380017152111861143689935135401790932791986100778237459804181405970277050847 1.1131170017199419343200152836085320083550489031020259687669744102221785262002330503745395688154209129 0.11044651605678065458955409990318780613640809808125531453312898492037783757434697911840485369387561674
0.2949386438618864942206088372189078271763094234812178450394292463206041642103813477317052969757054434 -1.8424771183850673927311256109762566967336255648921194476769096994006380564235326887929111382121298832 0.11773030017550223247729583368858104034704337986958956622996311540289809605650274439733342305206877277
1.3219998157623763812172461503004760434661369569275048066929741483010595109547027749682369654277395589 -0.8356710229403339103705804775449837576713553793228041510147192575258460704713038060383474297269021424 0.20636973988076985562356769182474381263096071684840472671226324179081606331892491628460206739910885764
-0.040853101576942428006619518202445646584408993884468002630930126840296106257011779774957309420845137913 0.062035344837316707475055789535722765462046039147480903760908694194796692426907161895457155414949004789 0.1027541685297218032796462948999949694834883107184041061937441553774731674460418063863052115913256389
-0.37194218374298019240102709110243851927733434796561082207702077660296622271426971942975433487638840421 0.49555097711882651991501904809760106680043150847017553670592045331484417479480376503294108613669170394 0.089269971800581470313907055712330376787554381057086344107477667655514100125901053039182231756074667172
-0.11152514618792178731422437920975479392538569211358530897779986418428481525494305261289498185549955275 0.28834024306488154145873870350842061934921834585799177216153125498709396487959458313715027090207693925 0.11582643761362602958710991810604476223809992674088025663675247266259184433597800402604680151719448083
0.67106726385508930723289405607885141994948799465890394505828894647830985253585598428482961019828426999 1.1501312168994390552119210669348683747978038894288289042437069285662065996755496962989503989676665204 0.19125794636580709214125573718148092887777073052570712561089024220772775048574478458773047895041947114
0.13913401876969106536806134391174819319811633455299111068287078485815078042432802005153474199981685719 0.29686156720927578792254876302116736080143234553905123374274452262749168443040086224175858907658977779 0.030312717597794254981593328492637886500426509329097575937527575762798678662145357133003856587814188987
-1.6762436063985944735702174298676363104420673428572879973020079913571745823783033402276629161689279073 0.071938203301501270349086383520119277704087785322953101358399815919025069784356833417572969410939872191 0.20942270027990089309084036941852739625879476388460495448917650139901762001234796445069807476955870864
-0.2823872266554953236832473168840797039136090186536831733047384440673952780019902129039821639300758916 -0.41772131040204591510660078223617515130331955278734240381564913467192600325594783111638282425180986344 0.087473935408071838302397362310115161270889241602570414097189093064694996126521008621360617627610493942
-1.2536469260590283587277520708018803310967559031066120402325877081886742262927632819868812182278100552 1.1353613396712475253970502768530590919108713794883588501385016701770976487731372165128906112419242907 0.10804924348337884939302047316665461988085390167598477373225242609898001000491354079348700058586899676
-0.51071187534448165750663004491687275310431081796252489695793036997606342197079068583182059109840782961 0.2969029013957391840651915801756416451081118816576896163219740221397256200951776871055810443607874567 0.17154000465575494336391856225971292571840676951134602976234398687519016574844012801447269219173715634
-0.6990732698721192792888732362290498365131411652695072179557216731976738198812145058941675958123542409 -0.39908938476896836644153978454276892296484432348059472237156198783033786829191760995544417110314544646 0.15664699428995027552728472091350070738335581694688978505669193430374008547371914119486135624489325841
0.72765555173198549665607472954805536583340005573857374284559153676433759883737674795843763027020943491 1.3327847523652827030257017464063602375241289121561083314167647022611489271908044634318387045242168527 0.11069224432851119859905910923656885856938336135280167990908419740023979927657611913507137862754247983
-0.55722313909409468906056001208385923050212872624088182449437221397993845407418302969594585187833181208 -0.79059480849662554933535511209591761315152484223841819035381510094548250255660993134684060637839024449 0.14377451356002271671601804127508700127637397194543359138990525302191089937768176587286930501854051641
0.048635116226165080455637832926663666656262126735798432419694173280912932641419554814402717720904767733 -0.17812254263401579857283688660913729975842449921809810370321825265236237290447227407515921998820304334 0.040097024013458533665350903162891001678935768688596491783331130577947358550085011716492379885477213426
-0.31534181871879631138366895099546485416496382337014668654567312000723654396692149813025846482290182606 -0.017961875000098625416331275009776529732909958933776143733044212758130539244375113245083726993804596075 0.054371476025964755446949454424342823397554187441646206624006647832666893528191861957034856413344691671
-0.094680644455143998386702497072682951670419899070918503983726644070094042189980684380063237136430778589 -0.085194912417631571427777001290374131251866964029587296498811856315838379426590645199392179412575246585 0.11565504159046419184309272937148788781246334469967168867176629139548453882914370930697279330550855538
-0.40123124766576010435714176431224654000806891623169473593606242588250113479565574383174796882935248592 -0.93056935433430174354204240583900261565415718714202166745053122430383899081502481043207201367192011515 0.0030903171664171220574055583799608757775210537668137608640999002816419435977018753742899211424918512129
0.02918184039943553493375165919135829627525922743035385584417524128634962299291990353660892036728449107 0.087254136325868284220702210665544594905484450838624673747699242587201714307253921893478723043491861538 0.0056219803417645571663314235214727910425533634254168120072477201483168821160999751292558326830324092966
-0.86772958753401405699797612526131426142020610299632894103256465443526833750142120659182323906229638159 -1.7476244315544419074382578300385948208871907812558479275856986375716282805750112943341152175810941232 0.086977661702361375155738786779797630835260827174707540747544306078289010753514587955612879919161080252
0.044137956017515273217454894917391595573032713192043207952484130524049337279566829645304483831897221637 -0.47937164641781007000168249058575961508114019746303018653127017037179457391358211622265305832793087964 0.0097739518616885235708309952953322227192804564799125753247739555057702271135839975083257521921243149062
0.98342227042961128607839397977328248238075677609440499645254418913466725747311601673552369426511656963 -1.6896276959725786857053978620504466209324692897943371540760046965319874952949474907615978677563864268 0.025854349680733346826767967863776074488682027579443348761552667378567552969968679321195095537070012062
0.05936657359318196099646610084391507301543744379425221134521620828899741623048973961442374390570673967 -0.019437204418114921460180985164538410701046774632714201243852789177105052904079440938936780885666595244 0.045702373250940814273188293800889411786955203640759592421322046858337201333961552870916268442301467901
-0.87928717517238698834439495977069342146300408529025341207304230868193547749590944193131627897866929069 0.53522423174878579517792748240684070549349363467035558549157085281750838850101382742839229486236879248 0.066600538868399295617042151014608653882191903923856497623150945205851588879556431130766989505219776805
-0.76908775865631998534132429691780032519584261733446540133018569932860694577903281661059697691813609297 0.075074444468710154061825642459827671132916574844593593927454151592781097606052191752875113740210625006 0.077668338624595115154526983183415963454497605230730759159255024716523444390456195044183742475539981881
-1.3897450351646478421632143238779073427301798273848598007549261395524340909189812058440351464446744317 -0.18736311552617384231891000677447570301709425755532278683156894353296268221599677777027657452846142093 0.10623301033020780936168106564447054996127982442639683450235226629994666077388075146457415041425435372
-0.081502883912663286288382734161390208131716356655191239342171201043113550842590789524702041734333174738 -0.35065512969629672310075491946531921915183900364227838263024795860286018817834260347555416591471153794 0.0075816121108809146283214574892467308363184986735251554929505804478577807382965307590808695529261685966
0.73925696575049689182535970498124773119373406223142240966990773895830709965013636727476576580740331693 -0.082284195629555452739764887728513231710882386778459762754894173728528258252793121784869170811171527285 0.20866418992049011909066014612037258835205510250533452448267702952309476272846832772967823936093166734
-0.61605849201302882794729771378271384793048025995557510759076487174496961043589675495530897191244271768 -0.44017108909012523217622878024511983211468799649778346839227420522443319802550371330804219272374947443 0.055023553874921817756420328976085981421438904876505296999538893522545661316056354837611589457108026089
-1.875641979368494744938310800787947524463039921355708168922688961395451030528875745528531959628544305 -0.55365030254238492903096116938751453437306920194683546025155570462723282065174517436623352383477047811 0.11086321393834248782861160719299008169057708131297105687765267801475923169047499242703063851754969033
