0.04381026318435970895908975730884653848699619722390610910996596962467710743524033708365580179448066843 0.90270256766209515033089151845912928324544344352940913371340036181415759561904975321962363530698847785 0.086820146775515900292742952451908911290152929768655134650016930434101690969060826679013344850593761567
-1.0086041022837731375643412696513139054839624381775050233385047435234287326355321773017148765383819796 1.0491487152452161912275902046662904923402710511566138914598481872152801642077400496645263144798912102 0.15088386505619366834208402393065826230784050314879525018028216965911277562778384076854050625867537243
-0.62454350324871782553798894841288580490953272368670013088147979570743616427296962521229478069165272664 -0.39289302262850588273081097792882131165762802901144694472460256874052033871682230331426175918938622682 0.14338752440655093866986335149544138039146405150957405900722984110940734364956627020672402169332912605
1.0378867659950453262843708784032455383191615935902428712442717168838265856855821107984335815074200393 -0.67757416538231971981325930184284320357109107490699985207035350540369348150889977180425863686210706688 0.059556128440568222224029121952235698069787448568382790150405942683885289105187679127434315983223717195
0.15608069447417610320818219244740125309212355719054996521096661936646237173921210840682947495156856344 -0.26021724758735676724381658017764490821843240008598230005264959591102252484997283667445248179215549733 0.040831126352464816847536694713655454114581647600626742698102286639907435436457414042142837719449680692
0.19568884481891183305390901832309382370139617841797326859766127693258839361172428003420889886273109457 0.98458893678413073238372188561992243847480610237051556368717306319552150943214172288070955018076992228 0.073652665540200881575614364417188026410702589225192368568653496460207242070018464079649527344270506271
1.8640941448801023909485077686210145960077192273615993246334706769838151314591879079474705271169239759 -0.61783618165312508626189146858193692853044297536385761952141046441579277051701167762034400999642489073 0.069855416916055136701467255641238313020729255555344822706428242701868127937500617853431914456990915275
1.5438856694074342388852266717042740922083114265467617030157801771109335257636800425925127801237248074 0.0090991200496588412948381427290762129268551631883825369964308931460504277883739791554599903438077564461 0.13163742922462755006620233771786322485439205389265755845038558063463662780069295155183039675997023041
0.19988088606698205130588134211509814340046727448069406680524823743230999909892607662158704706925172007 -0.72467944805045118172164388218041816223995316890412650699625582892109621144225667303565163308236403366 0.1093456088560985684314532538622842432310257711537276469681538300691299924533202844781875745971193915
0.74650502168735632375843110714879597239506777321702108209793904545649967604016539683836161369324983461 -0.89856209880569674733941020197852425824616377738522309184733361120979521302622518387932789376788672906 0.14365829811318697612411321805840764077268124424812787066299283435585811386024295313086670087878392463
0.48591233986706458795422256407897274046866501773671576012820433344081078588648743762456852645572751046 -0.22366510488177882159852706140819179712360993837800034542150605655602461598838577844783100224758775346 0.10575062731563550324335534501082040469893249819439247664109619455997766224880538196811204389824170327
1.022980237654311249539149253550075179183307036027339468800003901806563107624342675707190040685967168 -1.3643346706807653969805294053196108850418021672628891205800497695386456095665394787509709348728735606 0.13902854007940795530323938353408943967580001208636781898607109399505814110745775373793099102050651607
0.56503346601332507106395427611131408847010023281773219071807995790113818453578777976508432785923943726 -0.31371561544159722230148629556601300216865604229493770917315332045790432942196922768657507532812086512 0.088205952588268063042641963709139367415826599036233850682919986471337935690790264232918386580365171757
-0.86618598835897007722076067822904977152778028821197132913154817390217765965627000504942699029300960492 0.24083275526270347633423643418111120477128068654421192536789120673716909063627322378849959968387183622 0.020054555944154755317431447736790335470517840260202199998939970595617662474143097052901968004340950562
-1.0464212419615424201017848069873687926204242705746408125243567812082961468893198684311356357037582493 0.73734542103649820256808182363002598093445059311127598756956135057072462180245008779556292300150921106 0.0075684105880160841330400551567980948380011540026093524613162718131904539236938879236349585933351650969
-0.89278830432276624157284805977668455407133049956169675877511790660114240314117056711285685464384631957 0.91274291073990780823209352254613099309080651600295388591056552342259975515255901957196548828511301077 0.060531022081823429474914524517275405338101960705682231456660466718420488488811017804894340488267525841
0.21604995417765796756029042059204136400070547849334821922462459248200899302975234367164557084758721319 -0.075952237743754176088025598990435504813359901029446237756875143823766791013132360007481553301463689822 0.006765585583480833726363260161453890642100202458701832365802730323470855305920813800524605909199023132
-0.61639799942830885601749747634692847356470159096636091227031967005032019555392187230830497992261594934 0.74641460230933815579190378724207124884647236176147197756716452467652733351178481062618319300111614936 0.02749701883037590030379163225809774724538397568749245817719059490654128294100139056733416748787760914
-1.1865239354262692254958927728529175048250862436945504464446924536100792076768000044769082493271535156 -1.0645290880305538146362813549650813306290114640294530194518162565036050320089016915012656172724224201 0.16482281319052051793163532097365068627799501821296065155616168440745832647061285491047272148792992963
-0.43409239428914837317347696359928639112530036123503735213651727099942275919657316183504417287339211777 0.023889341046087993553897548301881430709236041807320962033334185112246675032699991759244339514086953989 0.13560528591585231028003468865194800520919549544555094668540034562319445370767893752016838121128079499
0.56521380336922456532137538686278158734648874423810261143671790514893422610001986801024170116695342333 -0.45431865594194203722936529397055406539261902638476860709034619301504989587141429273716192951442581206 0.15329210090009555462446436208581724464384985620205554567096874922398919416476315167024097547231557862
0.38032387164834777853960336420552335709220614368811395573317837998348588297364628540743299201400195028 -0.48663909691610714831260941961603022842679918997013102962731465272596708515845559604252037233937336263 0.078866229239954085960933986805578656168345061550751204614708328388702811201603258704248722464615425481
-1.2832147209190868464894382397196835716446073584665231120999759291406758023024332642828056957556787001 0.51129823675908214134241369896421916499287861565323228552831137058965162715295718021285180278236156824 0.18749256057925540857869313691649074603922056742816905660832324631657387854268099751784385283540474582
0.53444794390443855719165585837979996737075842485556874039396299345461066983737483718212503993622657461 0.21588673162592523513406387774239226848461321553135903735071564367962844158806109365457401218377423325 0.20667885393173505295845442492264753885841028421849641229032653559900375907828237749615366775331137125
-0.30478945687479590033779696717333952393099872762930841394251368098907610531485395197593176585228095741 -0.38885396749947931466634689592430784356619069213609739349902866577457837983483020789813363930314934306 0.054804386950273260536147392711565725349794401835929845851494965592270396616310949943656324893794308099
0.0021102533056996905308929055441991947571656731138805567940523681071335588505075098193460535712635575646 -0.0071801932506819892953601023854296587705821862609524623780002503411392266709119417357429414187060537973 0.17385378529434469474964771215476518762732472701275923483304781746062409240162736054242986799729216875
0.41296213629173096075701759426927991757294641431704025849640029821597024655558177986985192612200492499 -0.17832886797245405931062683094979720277872227055937225736516252655945504401910274531237289395222575524 0.1578533536768004114396123181166133827449856372140829953766826667385187247446475574671170429331881509
1.5393472253551010753874023150700686000792439255771378430271724321518032204784485475714605237262451409 -0.9348898803705006588199057541894710730814437586939568225423805506896060685719830292190196466034569198 0.18287611723340865277305330181343891482003019167977405295868617628849126192967923859638403025725119438
-0.089823241777403130681466719630303108335161034064923015502482506026872188290831562018355559518471390771 0.5941476592739556280785857375444901930582740083795400872216644201081565312158595922950857086622480589 0.065293171146015047481838135326860706814367329240606885765352767601872449482474783555301655093598156012
-0.39665276951731139738674336128161162806470560767984267636091799619081500147606103765728276616072203601 1.1735017902358295558618676120239090584294415464250305666868221368703631366666775447395036589265550669 0.19105234723322600774484051194854428725534369072342014188197023686888014629888158882380307293353950004
0.16766784093520832713530426969164106362503206547497165507702284907641181290149608349962748104274326901 -0.26768224050279022272192197913671886093406407193212984494977619779894693057849352145599098867136500243 0.13172608899755002497179267952232282069763824992685606378298875248931568662754060913119225907786812058
-0.92269238646894138367101426623229175640549468162312459274108157938749495840396141976805585646394818845 0.30264537694965927232158077184529964986085061295029312585170297279939449831502091860410445186699252595 0.16060056111432403430708522826151667979682877893646798774730713140240546393383985007361755675755649336
-1.9339675484362069298440843572045402192143548291474913250871607964519676547006934578639119780443470461 0.50365335299682341759440298772716085164508807201908112346026430431669457954666369191609204807653272761 0.074229097695079618269473571930345850153702622021285649862231136714465678492853416986645616477889720396
-1.4965391865327624005959828422774156984130301978713992319453445946636751458666128848024966911000024331 0.52797366180074123471492997093077866046262032838214768909531281762193489328930046444722165632423087782 0.094380931806342791426479502170825588481542292736708590968470612694764705418425875137529104323284089267
-0.36720539895045164016563973781263542746413844336797834841998790188591486616625123965090621612079303022 0.28888403496947146275782203732045700437208913339507070783102407004075793182206140892175728417758579549 0.18232568085788272114817170679953036111310315704019652136156877992731442566417089519746639618784350327
1.5757670480571472592830537035159526297032312500509729602667015455522905972186478701752599342316216366 -0.36881802504325410605866888867358902198339186754945782182500576337760332999668200801872760233785608043 0.15429366518023451286632614929547007116685589615996630797594181176801032581542438979040582167192017686
-1.4895752586049541325496191628312243883678651007148020175723328202626073039467898268858603354898315615 -0.061642164693307294258044299920131338298483384582242072008652937071761330164262581410314526921199033043 0.17629020237329388982327801220227797472373114100212576744593453699798493914220991839178681630064072474
-0.40942334960974875309664740995473078343552359661750371258846695625216701876477312915988584602137032313 1.5840441552745543124057367680164644302078191605676360044505087111226600909944854059115034679299833032 0.040346302684174270470604217403272973302549040667621419056462233603183660793719633296606713185881835352
0.83627485017864645187656782380405072985461500946167470140228570692799577633239430087594086409515785842 0.42541859035041901187837386453898783338090742814145523928536848257463016309928236988325014691021693541 0.063986576334368290093145534623089910253487943564491935365973289095319976578747115447287708086136298918
0.052315368326571696961019762162862146244870342919043299033613506474221365436495154089686619513181434224 -0.90255824505606080991076799098252225876293704769689756189406558966787572988985204876573710486365990021 0.030854560338208834430130806453287294083990969538083635727442505331594271191406808099915962964345868341
0.093812062527090193909157173950951571746950465393736709496200498504154739900921083286663597092220889936 -0.020222519820676376926791511972166406363886129068234488585166499506969819854127271869539935456424240364 0.036973187117127855172904675671960387846589247521484210664857407954242237708117556560902734866481182537
-0.80467975785535863574600349844953819729876615777088913429860086679594559993775954085018045166216276273 1.7076736224699643340104293826772283463350198062595930895568782603575999686466065604171352029246392528 0.11061261838643200974897478963443860562060928322075965870259034741400539451675795251851862078152498298
-0.30229313729810537738361907062734457542679033915569927172922162347351180851208356536109836205041354606 -1.8903913386934333609988248689928091637030896947692260800732792772346636018831110469501321313224841075 0.11667597716664368527839212793503873865470869889238124050074946959978784173461265882131582647549758083
1.2333936564578912943355818555453332506660160832996992092470812639348952511823417829585562587272333854 -0.91252980302273791825637868873904060138971866933216812408604910678608834584285100166910110768159930193 0.10804477828534601202247522269299073700684757707126406422929831885810869686776606573921747901024538332
-1.1085593455682336288160023645235282452141313683877670973903386403879887624795581157748893996822067821 -0.78891501253670785167438807105358934151496104244823787487776320449569145451577720795809826578238440842 0.082574072163780675190074474818855497704346214645325680577217309023231078695171358215554795055815496539
0.62361124138106803407836437855744354071977536006253808606749829161970129480638661977093909895313264482 -1.402121332729154372371771357743158971596769737076318524179690831791859798634726091297011848051180898 0.20107856736498390528968888883907337428307182096407764540253107581718772102001094815152574816596665082
-0.28405337622932703611947283242314993388889539606415919132403018492505726623766071058107484613828191683 1.2406417281639585787841710356759851069598442208339294423495330014526541270315646182499364844092052645 0.07490047657201610481982871497726053134129598290831677155638848166495692288344227255885100619307916653
0.85055922837867034891205705925906707385695944090724978925497962560523790437860069230392604428785679645 -1.0997527823112853808370037256301176385330423818257946208416568329882486508443927508048773909131414544 0.040356410389660710397208209883955394643678622854710934364861534436014572697394229513247749243588335646
0.7973479316360062291722612507192244018680927344413158686703838137744095931395014417975925468948603486 -1.4700597550906965937692873282078285336543558132364229899949347381389233648527639083405545913689083412 0.10271817247575123269974668511727550358439262222379110951011195597755339605106109044994862138203499845
0.83134317570992756786231937105065896078948319357560038045057950195756140354003080049051980586548637261 -0.56414512694319603564593036903643713682490195131551687271924545691845207133283330081909320869537946803 0.14244744468684842734059966623838805556499746918491983506309789808633239970001014073277600508281895815
-0.006597246195600394799587110836784262926642717819439964475220329622696910253228492388529663433463955238 0.033259567249025924072746266058337270443477185385786830954444716568430666894816231946695081642715607741 0.10986178835459305568316554516320883414303568833984698137216445307152317642125238329254581558747218715
0.0033635351443727723243637216181402747004624019317320575372321070486301736561798052434451850865664758966 -0.78794582891953954264633326099061754008446285980880050641595826289191859849568354026574183712787757901 0.089090829805000574186888308013385494534344626731243972400407139306752968699050472310708220167451933113
-0.96295341400858843446367368458062703589499208036706077910797393723942284650005575300952925619593384823 -0.8067291596962181949576577402293129551142102412195406533454446143368471613055894887278695486036277388 0.051493393953298654927499881023466501541431761194976780367015470229648753124291657937559273375791223296
0.141606922513955684899284923551255015750420431170198960111714325728027061835575106236977686537492421 -0.57578630147692193267337706835000010882059101596787837138586146850009859643611425316743656764751837778 0.077567663701008169425696021910794068649872304372550731369636628433987027348760227604901871140010733781
-0.073529338837367316661341348787584587081353885295310721971457784815691003806480729523677571358506742427 -0.077676585022393220476562758356080425083785465928601589734394250482874590587171447605978189109825950076 0.11004865904999923344823047902793847508713008291087058448006443043046167644806349261213695598971005947
0.58599349595695538809978448668884616083154837387068122260723106275171873923186463880494576364136214883 -0.79990539885524828132504893254387008756604303481808172898582159192944441343745066795144492696306437429 0.15482496934112977954498148576858990323256989189775288318553072622227007578065493876113913110274210463
0.070278521313127698369725830226305538636962067584177298776368655148996244820465574802831770459486446298 0.29305280946231115808625189358454421015595331564235793869250555402892702623506408804914829052621039364 0.061012005587526136936761495680196477922807501993629053183395160103089777057326706217771905896883035571
0.0093000162268740114527341983493843052306539206622702513460098440350190822344944879161266346865150356664 0.02379256246049007036315018540119374265843889605975688129398923261633994697701064813253967055664112229 0.16604252345538917872045837881044314522428696641093715813868874038370625948259706297781878306414647256
0.71367251333266694653805055984372728051282639431712994605963903712887081615464911477962702985874245853 1.5294179212940780597003064773115371846920160291374073555930868661684859872094828726864544512680084753 0.100346453275260808183097180589292987575046886985453966986156508963040063535949956675474359164295107
-0.83687286384725513190108490046258512982784873837710508199195193367075636242730286400357467858461437011 -0.32973014796735527812791166226461063258178752868542086148495271886492570066091760463548759323057883089 0.004644021651864499029312321425658641913461995906145239917479068116419590063558320679022380369268417272
