0.34638050956299378818729484358981978679041395228989806453296737570088400186755557891452682547818336843 0.53206523241875427060202723326946764848532965929504629182623411972731421500957474918202478032997011159 0.12936118327549287250358244784257984913282032412076270137575212353231154899893762768240245485640957048
0.61098854379483395650770012862445957726748723185641300060073007045664201928804313437409303451359763637 -0.54402848404015849565797158846162876163484523830169892680173028147791263215566793034234741125896672178 0.027491801524680310545647031600774878052500342666009978668747309974151074482372704550662390628425858565
0.17001675739946667900450912287520104497110994908934005270981471127911643096305099510539676784100886583 0.012175185230182324467839827485989712822719605513557271499840202002647467572319737459063475245319513417 0.1129267755051269013399650654549760520654972503035787910148520848798264312588184981954844633641338101
-0.16785853126212744460963153134644805722349381017155911419754601106512018187754517491946587013189340629 0.42035937191569803374049473205322113839125468742403759917214357249266313295993000141238630874114256118 0.2009169940076673698523030918589609507304755858130430356711994553380036700304133881417898268350690917
-0.27322931735631456299674547376108710704080875365614638409587055353170882174344499458481032099090489954 -1.9806970850963574956789304207610556722419698306080373594432551304277175320070312409547957983259391525 0.15966625498695185965619324785619397337395059070945572675176949573711895644450195544499741500086140511
0.80470235808898118093758429205177947751883748900294975073986654731566075738578073301748634396664827827 -0.047093626773751539420591958759666617619312499341429640652462498887879287536444277876392319737009885952 0.015060439914809612199026928336445629120728745735102924447698313918622584914306269128260117090901335887
0.11232206183552520258890088035578917276117961174035792201683196403495048543135414288602352861900073639 0.011285368335700734529189919796287267164346034761761950975973823183985067946657915442474774637413409257 0.19140976967665198529896699864885120669085517539803149667943500402131128699964170065823320808544033462
-1.274570122569064366381143870475679142443387754514129437176453533109406696890811395401849190068150047 0.083381941500965668613113060019620549684986521236734274024569409421599463515317764306744168608352337914 0.18315132618163533611349841038126720676791646660187397235665246032243116946534348370756118369479938488
-0.40635744611259387123937425615878110088758922341094799117045485783782665601193135006892811451498881573 -0.28005163189202884325985282462759352827468638511776095086435184741539048406759878559841184573956933989 0.037457028496115585354255233830757331642910158032001651667485451137987966600317489263708274897821557487
-0.14961298754273126392678783539158881717780550214643976593035095695373339431514331644966649211334997831 -0.011476965292205075684953333461311182159011494126921066438736896713213805153386840652145605120938806632 0.0012988890755478701826525830484079357675077261207350686481193643874351952257134113806990000387328127952
-1.7659196851933567337371050385413365129369877104101569483957944608504846296395704472333446787466821599 0.47641679962781063788129462987413663557599187460031026334205410839152066620747043584086833228935429086 0.087828516062338560919571107244049600292231093762246464331427286807811478904488723101631264350945752581
-0.13851726495184500627895904408700514603773354877801010630613120205596446385194799451635973320575261799 -0.59720824176066484972525545176070362565160564749831669753689924447361096929650577003536057265170207915 0.11466846899482635157125052321629916701125818065981581307207416487703530838354355300924859448330082063
-0.24623116007374869709719791890055429651319963275342383642033183866962370256981396865626115353775092916 -0.41034186173955080293793388379726857023392173934336338584429056467872397490400828436378253252170774196 0.0413659835576063086058021536741525986360132662802367881690362804015812871630547454142947749093379594
1.6116048802404510470666564315831923465369202941549950090128827705256803764827547065776134371463707348 0.14446442439618942068328971188753720450138633604319562145204955141410358557134798699749956372996890807 0.1383589988227321931902081011028812686077809753843386107940324712615276032484760909903037722331234725
0.016931998207003094008803544155929719043888653618130747060543161607757647876589652955840463332173130837 -0.046280761025816445076295962200471558587303343038850686552862106894577444019911153353400227504739999808 0.10072014229896937144731413387138979360908818518127486152982437314756063676489928891031712662214540567
0.52059733732694714066114232786477442878810783242606489068784736574921378713743234174262649610772605045 -0.58303884718618852453843964908068217614169533108188383809301875722722964320574561325671621589261415501 0.085388235583542665457424850630776638397911752881407457510733272060658813892301260807090869404656487176
-0.62817008462791836439631369330314451743256690584087422418114040377709974620539411181336153877671190564 0.086165049451078966052988513419332674360295595823980218125964532533036059477867162467488926563449201082 0.18439497643232187438255038852878066168749208793120274428951136783547501963209090497729576730257117072
-1.4189408414633672751492607517249702943017829574361221185502076263705355876543838215714782647896865552 -1.2836213653335214661614459969687004418554703155856196548560020137332885954879339509678997711427951354 0.12614930024123017360566589576547467407616899601037707340835959712256829343115221640197137362744503331
0.62081124939687081910772056443632446645006276495769206280340837223710387736404385502815962634125073339 1.8270389694215617879426226326873064427522881723907537600584458215657580161023106649031456538963240637 0.032630966972019874721285088207884383494503361093232210404980657854426486006152829796346482945379816108
0.15540077441754723328614237729889475968678118410810952204582669326990635833126588220912075055076115771 -0.048072255807453947008635207152694709742941443967113172723195449666004890696234398600055094894000679127 0.1096717055281009313884652926326772032606624339506969534725800376997358122256409549765872215605420202
-1.0371579095357210873327858920461156414182091895047348715341840014569536921649914711694130072568361375 -0.77964078860716064899942795141906933232083517041548778430687734123081694296362121977343887472198289403 0.030510630240734841029266744744682948021165625368591005613349574330229608451575682202847990659787794815
0.35241114155640779052230165237552329869035964299009656850095847547095722702149709323329024906630101684 1.0504698034091866134127807924147322927685415977614011110089748143755983886349192156939933406893370459 0.14975588260402880703773857232415202643729934470388714406496181768747141807135153432234612390441797171
-0.98203278998674758493714592128824319762555003901637651194942116473290719217698183999067408691388802302 -1.2458364964790045232981675274879275139093366772532585260022700684565151938180256637923598760721638081 0.037299194227249107675385266028520785754770596023376910188077738837372612102616968258261428671637344779
0.075855491051980165257482729815496444502462703984703631302401027407579085734600244946264982445046376148 1.791139300445164607832179117747101486887359652790146463312268039570809379508366425738794380244761761 0.018379044141300542438834326667314338764226843900698364302551929710145135190527245892937623812873124757
-1.2708227031580407621442377082196238618315191343592988561175364214155055655247126878781679963653317683 0.0022996921209829455634332014549317462034331718179272435083728017238868591825805483266288073244149654221 0.20171665819117837073809628617335770849143304808711980551636625806325274760314060611612699288388587282
-1.7142931270393440942948138377952295138587270718071268178465053450144616926641420592148791109884986819 -0.91422547408919086734181167097905385419341174642636420586955124840133482872757246764986465854696004992 0.082532043433681104433592544142920398014950563095354025975306282983553510708303235752151774286889496584
0.16477714380385985917891567906553411879329228385015953414752653886287065259084092814863440496423776816 -0.284647339040094743763170238123060508958080289517554841017656920971841425114670374796758645355257333 0.0066201103860997568768574815267679926865582096828879630542143050359995603923870877087579645242512764176
0.085762493582469984626161912498214682846529173811837388772204344980214189789715969568712260926560441237 1.0662052674399833462626426872043371150138916293054309918702778644938529070777539841155982611681304659 0.080386862040951613118839218687132081512759810829165523638317565418613715516717748990030002979069263951
0.15513044346013321206307673477670514638182294633291374832095752881894309131723425093396928518427391257 1.115161844511032897104474787351731812206080441159955509058734472511638519511510224514878338943084716 0.10991429823362944330873869531142195680196541904010552548168515448604676451016711343617920774223009725
0.060331542712344505880083974106066106427411401846373997959583894196983609602064676400051535596431278108 0.082015227978167772865179442193699202053878348704642904830492366275634951230337758315641151442386401878 0.19403412349307549130749323213955122517963215426071608871527413644912655793087399950480408542936621131
0.40662091677661467480752422573568000522962302517197561249316413139163226474174517779723966522074660009 -0.36615033851762397891414824310694831269155958800525761690111075957762235399817583078436340108252097136 0.013787153089259022221844896852854476009049588366693860040055890356957316684628993518761230903649925595
-0.66652814484561076058594905842459081535741500246007430845233913684921543905011755770940882956465021528 -1.3474949588736263579278110744937334789587006509154186480900614015694632797237068675170255025348281033 0.12681314316434693204757911929442457565854220490832531753673567151790570772827661854181723606177277934
-0.0071125783850742879173526732247833915160956147481668238238764841227720566862000177409870621812864382254 -1.7819082927575155846109300365170068722487083213622925898766848341976880359308542955736303200870807665 0.15590889031598252751896518757757708748871683386073270744113472923777396265618798061445988614144009251
-0.3243428694672111228312729305867362995022864908693972507736339924690840563986322104234417702827163894 0.067817207080679692026863693206225550802259444054124023890248957998349892547794621885613862748754716483 0.12738199069545470534089683122780503505767757871099572494070406279829599326590219525169318722876406529
-1.2454597420602568141467936031742167468428016133678571390441507557453823094191860454905323923916406486 -0.057825154051538812466594474753817569984421226070795797681818555717613367413258036317179847378866077813 0.20828300396188680784915469842685826908284571193675155638339337782612060654725690079747782934204502395
0.35364272102650280048586144020859105625560094000988113320870962182156543148091511580236022348926886305 -0.49979035776090735708519433399780769994207831913935793666066911577439235794967173157619625327207636523 0.13539542835639217418487150188770241995846476667493095443364662325532172588109382485430649938440785349
0.28732876987392166087599985452720359340918963192395595748725501580186594919451744423819682517457203849 1.4893258347704239489835071113427575832420602330655448620585211973879825132755382747354373437748211845 0.075355346100820981429986888921624304914897001608831903151534352048639724468968786488911777191491681171
0.015194967762898402772973958980350348489204020162244867262898966487352342186766081288654625514966432383 -0.0098364303966280675997979744762874922798841914631716544494038126755171388458682837452615617730375599248 0.024553953227096562485069340480010564853017445011667877989708411408795189805893698643837496875260582173
0.020828734454577808471188158846348852230730291575720679487598164177586294391623719917367116485464487794 0.83826961095079237546655757579639175053426700613232433446205410608292531631796377888112643107777779867 0.078841305816150810266823070185670476273943804528178290819876133296066756413642359586408925754524705318
-0.34312356929968455837169481302968813404687843381889781995337723634304434380938149711221099612744340171 0.23100023789099546502936034741202476524813458165350254781919112054931584409708315544898594802504532528 0.12226183198882239660877577714061090758984895039918679525813207605419024949849367928720687650766144734
0.35877469268626922113197000659184701601251382989665094903857507285498306813728816048412620395178827647 1.5222208401843115745807038590257127894300268302050906440461667490591412053195501816597286898235662431 0.019262470558714529664602604226682507132982492588190596927824054562387579573919432086890966096474935577
0.27600355451536401304494806089634803992455932372920204910048195750569850711629451244800072629655604332 -0.061238345852557985541885005182597510569110579212796696006191959197937708733365291893012735059805816615 0.047840637191862633742083655792010926553873911366498987316999329118725705033645688961371556184945094445
-0.74812919750968446482925827822820184243737333978346490041423126816956349884053297152706843299847797267 0.18103860669766990225837425124000940296219085896852022513392706280349490618141764158793799099099967551 0.17638499532649882715539178870717701922949184101467081450904035275839343988603291096916800678941934304
1.0536334781962848181362831120613177511795998522562882609670048088173460740554936150155257249256456923 0.6860709116306249947459700167848077364478560772766218265591639554172687634651893273492670863968022103 0.085523223178998988737140297662002531835069870081408072943709194087841971828276075155731679727414300648
-0.39612424769058735184626148860752347333876605700126478179988623758271628474738444463599767316195693504 0.43791668798073690349307347910056955175582414155791267420028328727508613020762653925234045531280990778 0.10135717250800414919467131617577528813824873826289358499519574963209092473769942363570084489366833425
0.009409100630126947299103938675529793331512408802233722122287941834170145055106762538038804272094359558 0.018299581164957095650306653549537836128727221001473720753466755224467782855111412845404437987860803187 0.089311054917492627961749118438959998162492178446407598279406612308017281205689614913584303121995851883
0.013816272650189493016665949571186882930398628874553170538675123968433126488710976234746353299682394568 0.33734147952259675477184235669297670322638298560636445774735222992118242885248547523784478277155439306 0.20801860160744997039179533444934331749654461545177298312224092270357930831488738219904332512745915624
-1.623577742311158004759587229452030251107466634048183025600869934599951216664333299064565902189717391 0.30387702512675874031313775304151756704997963567921924171729455077352625815230664236097206440225906169 0.012999429844286062900028738708838387819766680751882940829016466385122488303467158443826930247531597484
0.22864288003856605608578397121451953758231510910299961534648708505498244126261414084779298303354795122 -0.50095848861175369199608553871677308696710592429240809606462902079436251887828456445675677161648610694 0.12170628833347458135408137616790950753655584302967776890160491088326065992610848288316639246591602313
-0.20076260194663366256872538263454664134673268459159797146086198905262660595457118518581774393246169263 0.28629876883800468495369694376788149327562389883375047423912492123202007370300850225741436039259306578 0.032610166935553024819094541594304058324801245567622966023948794185500634462511642127603865682938927176
-1.2083606518325663700272874940957248199232916827268825407972243290252145556928463384167993422962900582 0.1446415586708261723067369730169359032844249556521190079112900447833652108205252612275645815058040938 0.0062045620349797610949989687083901158080092548801061827628592834272382941361968120756616610305847620437
-0.78058975876445423372629777430691042302187654003504826365888069812609432193591501794267419095763163311 -0.86776397480600114541413196494048460757770395670675550241081928317129937152284279877787541776929520037 0.10425753953886161393509006926568086560515329300716835405930210408413041130827189862644563255643298024
0.40818216658832882960639839666450688126189097651644318338186590168101889246573883403511411773463599798 0.6651170341403045276476979369746824497880675273541145427062512679096916606947335922428236643819832906 0.031374953620809946374773475943994369300478690827525924882915559308083628919850147604110115214795952556
-0.24066485335668588124590945124342927209771537012958074803707114556854281813903118085447129838980611658 0.24406473214521030350641793866269260871367100630637825421376531300633426336832355314955972175032531856 0.010848391430573039999078294526736181658490405673026188899384275721653479447886338860610274448180569024
0.14183953241510963730960562319481752824887032138316381499373412161970505357811171941880087316914071165 1.2401875420579328076673981172022950051037217876876048594692772191992532383383642883371738838379584576 0.09284443977838159123926858154891534825622240907973501768269878387846172729633974212846191801578645585
1.0148861774482303102085266731235016876666215050944921499306803618231326865717474482011133485108709765 0.57393038645120713061104946185187942711259572619505076562721156952844425353962855896455423272069704869 0.074425026698405105999676874493909867851127826652227511579005215501448686725625758502997628912219215498
0.035813355909309567546282166999390199004696867227335577885476468243368290582947992477417293487291804575 -0.03998991710502149494243273172953353713942197728562552196109587903104334460619519344234950455472928383 0.14618081134191395123269072719385808420192654311421701042173577126419795815295337353123718063717013159
0.9976742722208717242609171746190136325409336562018525257876890117176730516589316935599480184970854818 -0.33818374845508515179601363729953214654054647206243933159449364425367505003318029986669648069704502802 0.1656726145138470023499157065166523820577620684515498962476158372737409816448099680835639567223956389
0.20064446101968511695638712491935601215543388374347766458685019391114521622734807052941004124558203218 0.13026711062630070185899066776727232553967286032845299005098097877257058036236910472716993669903109511 0.14276905209683495085063235304150576936104053984046517734330263720418666447044142817120603625929172558
-1.8838974576343533847690610269813039029339749373133235160046819222828232704492597648667008060827340654 0.12403776817634177221567054471488788250333383198730686859036850882046619551426932762352086911944356232 0.19111818103671063678093225343310270665105455762524969639831070976847170082716621633188313996609296564
