-0.53521570471145254700442963870791919306679205355185531831712781396596390547891292014873688466777356449 0.94518186106594794689096223399338557007645614825946506908079079675771143377556606422375324226903113086 0.096716795314045592259477473575276068729626963571475616874773507400503092346514447736972348221162669958
0.52081623142483273617935768825630071362425439695330416628623282621283611544128071225606142078058759839 0.24343878798237553803451093764239110694600070824106565492725022883845030411098005129453604413828553948 0.14588316395840748428489687218104660857623656658793921192167178576005739840028721292324245312906864351
-1.4298491361788512731370681151607298508400039906252757222582001015921649903843725329502353139280605463 0.357028551336450991655638642014641724195778979845051683816790607324994685870951759881420556763284696 0.038337232240668025546344251657675672611798966260399266097332167840529040030656360660716578032581304277
0.35766302127456426325487242713826621329517363074371397875206037916322421352577495738385963502602261068 0.22633149653735222560011500634537002989583270556682974546591674732573072854242004683044637733082461631 0.20806284330558107908112370798194053659706834298250439398328170587242753884933816186385912401181057439
-1.05128557843863093539032817776579816871795098548982825961367753720820004424121374119408203501614363 -0.41742145283974251868156086398738554154005582286037701643967397282841996625646783510351092959114161803 0.19107829225605285720081427416440546333082126926824143201199123077934741574124946294490205490092884983
-1.8755646290477820488318719119634275088610996914805170466483572330622818176256817083298323402898819407 0.38478560200700240395854984706776960477361216965113141746492920985226224684138945692080738010040165313 0.05545454878262020270112031501204988612939891878369162168413696970034711437724143449384228770696229045
-0.62008328179122626729089867978092150334442182383282137497923659488616131536715807764931525763838028702 -0.94075932559487432029464297372745829692993741865685416734590306036097499176043761132097638493504152938 0.012030886081615787011059929436469851240560545447219443165879738803146374470952451506356050537169692911
0.038742614809131732401589825613473031940372376432516297912364461080769753350948081223223224114328807992 -0.2455666149352578700796482014786761335893842856283326809267863194920827417767352651220952470955070873 0.096537768587420526666834828215182745691307271905546806713835622672359145509981983417857162562026162441
-0.15423919536474089874520399111929633516150781627539975601774104924139063807422202653518400896462805084 -0.34030776897485746264923162748428315630094033847440035496097650424483907852227716117693243960116765969 0.16000536925222765369432246639494621013308659783871445932531420577222178985468880411399679960895262063
-0.39050396578133037251726166422656551928654556956931898578620800283512245130446997603354134435876065554 0.81414798178310562003927883554959181699149942494716565539737081769677597086759888573558240438725555591 0.11414431318001415422963616673905026151659449843567845900591179718724930476470641957425162704523275706
1.2172237343337060184928141382174208284791206714722561182621160689333491756478808664549380876469973884 -1.2694127656684723960216853360309258916543271159801767513038107770257140304265029119839344017270538943 0.16811433994437853064447750967064643657974393579233796928880462724160986914473857074784679577185585179
-0.90138040413782706878974297961057813498150856848972937831419366889129871593000553848332877357728870818 -0.4871160573628090426292517714703342706762165030756807088819516846673759658200183864895680762648196594 0.20765075170935727124547492137068813168581099813677698095194502368839010658845304787541088385805894804
0.33053964611432199361241627658532062656585684935054062137105491011722678826465149542272970219518391759 0.16805562036542742621138609171636346128499188242678817508385457779372745349679341452785118554728877122 0.021975901170529067158674642845815432442433199890350133199508216723709677853044520138937857682624579133
-0.15522860613801892640793784060149652475447242247226690075831847558334997913724377506212027376085262222 0.47294572101819085372506680361833799947026468740156121479302329330274914856660296357457138192282876936 0.080088177947074060052603051427966660335460036472866232481964208750126101416709036383563140183877426821
0.062063311374400379588143760456633413985902334065968553143994974220962516293826187254938055803154015805 0.28230819650110386770709211518038052965483695804013495629470504266222585175835235722482092925386837239 0.13147900428126769219864005188418802288187367018267714765876725321260143437430427359185073253313735462
0.098723738276413532184028058043894992417056394019181484011963069267898248891488164906398755307092982971 -0.23124402656564459391367258015864512088892298816227770456827185993112749932583898946047772705720108481 0.19255064625748788850566474566282666617739535632781548655326770753783130948792215551822310882787429848
0.55235279776720500223357006880417436082250445649721188425552742084046381694181307123569981445331048005 1.6413351932441632349459765494808525670583194387734705667900106861430416687969904711267213350035363618 0.19545733041651084537064762332524120948454273331475472550327621628803968222802461347167396229335584794
1.8137011697886607756701067484021537218323181816057012007183540668779464823748849397545350104404853556 -0.16049714912832813122438336463613697756399189594979503740293294660587205006528362331497841742444795652 0.046079967090984697468275437233000535098058581316259817674342609024674368764485905854275769226436612552
-0.2850351815475180302995678710834827992645468032621133876138961772573280817476544231645799830220136421 0.055727688301166519724348440706790030458102868764874392428573891719017275843397051692113024914086234683 0.14200086075945853974075737104672646803548988694924321667304204480401288222697038247242441428838990133
0.39079752167809095587706918791981774126834270555639007911665536228369084428631184991368039476542598407 1.3256594026968094504056700593479932985466892413434032337150973155353046441021065597136173096481890472 0.0047822063264844553508805618400167064691487839925194035571617199402808626486962218229261110547969611817
-0.25061580448723222929978976935780802099905662927966885554012708187207166398071817924387767036277955776 -0.10893382897926251502850264301089217980038058891414358775442247943680519318444353739498126467177537934 0.0036296670224420657527776908553618139211295574782394228711709061358423301602196269455648975165461237765
0.86937608302001755538104174400952015894731725854618605884538661048378453319566720872847048467874160557 0.42124360771657136904282693000141262082671334642726931370829715739758050909454052065306946030583040294 0.013584738432785755471501858699437593403423061649969934761619028411289958951044237553608100538381071899
-0.44954257377743861078836408094893994394825895683536082849450363286130012198747887934626206092483108326 0.26460936541818252187543361003870602560045771699593257139655386516371328864265685655033535903175988438 0.041200469229366140515580152388552006704968300550120396281167233962578891811784289362449130168440372681
1.730087111627690090618901878878751397955496157004121575562880144361067992842893150639979423177340233 0.36303794237201057754810281622080811675963984355575145869218555496788031628484703473110128155695155494 0.11414411362248634062201625436020481965954787519456390051190216516208445129011898218719038543617263962
0.36241635563477060102579396904741330596344954196676373658157131080039846684475616009805704015785486305 0.41560701254127672492931583357637010946796236045801142199581397826761143152880005558282717907985613069 0.034253349319310512004684751788531595606181016759348344090401699468239192681878442893827893346864841449
0.075328528585926152393519958317487166761616472664789081845146652067987025303017331146628187092405579629 0.02133439027283506473121132551842314859132504666655755788185208557677345176947519634729694305377318519 0.057522793586173358623382730184847295210284983611958588247353665252003734561613476100451978633802898328
0.62490953649479291953246326708533977091483774964905181951591542319235014819921431252282311803759232127 -0.0055339926851081117753429343490626939649740538148961646609477903884048414842627095211197955732393920922 0.15236504801333744281974765903260744791270721727024652759423334077757376318292354971595916699112343889
-0.24858520553499033949241825642117810054056205470174211364777846630292649027747393005727313382147976743 0.64877313645534510209407959953716350895627021940616917858884670138633613244240689937113523572251169643 0.2060897099687859168001098236800904726445975978962599637696468089894409766057674769924927826936933567
-0.039564230273332639582255641215865936676431182780060883242638983165557533302392548001230280100518929131 0.078671487972233130534935605681455531216802264836036250207612641373841332294909438142323134850979236815 0.13621504863580045159876834834775742216542011125247837683470351645115909806901948005901373835366872242
-0.90677886923348644722723925495949744765870967532502482474337420686088379146381103512172196224345267709 0.77150305478737810056820604767688580233292039012502118186938580606608863724055564125723139694166896569 0.19521090244824532999415428302397471430186582660496388380142409085186954910507010119720797168879771917
-0.38740901594566071096607405593161418380569881771468588237012009495363019116707688825877768561160484147 -0.63455435632299575622037387265894129469896059045830092262806745883626697413902539082624717294180887147 0.0016668470641323059032545107518611305813952159701371986074390774889276159116282253441425199608185119844
0.30147699336035353160699808978613108101300035541266658323125235668477118166695524706384859443741464215 -0.16095044482459075649958959635196566804968282213654703449387059115368212664200135564782569025302592747 0.18963309025364540465500125655334204271042970784201685157649905737618030201211066992030276508799941639
0.081568821455719504831703147525961762431924418668916570634408619875338327544856778700496841984394840206 -0.24598955209310895825938390978955546090140817079828611570150709648481062909833631361967978950226766812 0.079451929024774761952608863141259055257051453512046447422513772590463408502461144922225853508680091592
-0.97263783203448063733829444258830568589968110741231588374116673229665947520536814636586924776072754806 0.60785602167643786440332144169857168977088009750512261249008188226511717459132364534657641046427151729 0.14274638287304486312849864354082548789254708629232500402067149066245080008443649506540047157550744861
-1.2263492947369402256749359221313087244234705528291145377554091260614169078115349692842110655253723071 0.12158679344321324178904992856473174050382873811980425159546821833413933112065208325721626097723145337 0.20849452714305742175579428480291108849967663903756008664321954317036105344641045725236084841600079129
-1.2464828783998468676859554475457711635802118178478286424247905982025289188045077202318543514257773444 -0.042285048527659297175692659549711569810703672788602076860471577487667151319446749845987531859886471917 0.04222260968115444356028757537146240304731779062898203368291310751068002787240441713139036656489491655
-0.035168683909893379954059304422262794089971199504472402750257990426097690890892544074148620635373237685 -0.11027409383671610456572705956091594899542805419142565388333450404356973305313782059383748168106105387 0.01497642125372080381259157522411422391884911060589539935742806121235428643493536999908502466230359888
-0.32033101804182735161747829143784061960288919371720979231010614893995270312889833199214194076456605432 1.1455185674389220844260526043925249502184735016486700075497228923586163096481690715007407662416065012 0.03214259360073187932946859488214286482775712902266186761564574758691114835290248552286483598973155666
1.3974588850822840682402763509365664635934733619571404026094840624759681370305829423639964912759799061 -0.1016106778862552925733368057348239754503630587670733233773535302182661466676295638834989086200258463 0.13033365842873756426017019516120318661369358274882470258252065266862947730090721144045185125266822367
0.06652911769023123279316762529684710314511682407027343873285296193934147449771781408377482968438198426 0.018675696535940276872863033210553779252253730173371610050707283876527939368834232294487291229500174611 0.11084210015676844615626915118116056069909188663266796113260640589432087235533155833261988823699357313
-0.56028383564272388933792669549172418730899395087668195803635841887849227407131104103571606273991629034 -0.11186844850019802287990899019148728613489212122675812360356777448771857724149052546439829208856255796 0.14817177538285205920137154650170622929144568883399249850621492150794458822993553637550999149341723438
-0.68881431293209893963336063603081867145615813553106325498804059219667768053100016192091298062412563839 -0.44142681130788497364128355703149537319814224032113398365323577596743316768522868075276792721910899494 0.0148255749100714344974584448800689030861578538806161248740974887617172585374293765059290650727104175
1.3491567722151781225124969041003716773673341555943037006685956336165688903534724265789920345412460948 -1.0614228146061417855656751325753417201503815924527574715553670438021854336786088959783047022650624752 0.078235766648010584107649166036943092760098731849216536626223029141556734385463628581874000894021177745
-0.45239105139683139589474984702667458860025771591904303728004147073662817180604009372206736718652743704 1.5940506343026582157862498800072407358415390097443253884769357255966185314386186903964713423736754223 0.13145660903511447375605480056389340094751532146443623796550669686795705374408538764259745923286761783
1.3303311238361733158967629546588515136047021416590279729033503299213973873802591325285487217201812467 0.2228133545801525909025201338042996646795594527546849953862954724334079010493339501550094230672022722 0.20861248818373579396939829094723852135142463701514438300437963596398392524483091015163507886580967034
0.065190455364062881140027584366896734377038970552715847420530129345591967174742533039370610159555582763 0.071333456054842104001297280088056605717965318327597243171732699847517598352428896327835059008171415234 0.15435186921031113790146666923133583417983494983204444056779373479033867764954147879491350284162910454
-0.49545222726781212583101693218411121328471586800529052054769903441390987747158099410458441684571007665 -1.7747315146991514180570425020133629358103678733795768361474097410841630352808451219368280268091554056 0.16482315631958027138040777580858973513790178418563471176304252231806644530487400050635786227625525132
0.12514244214366508893757409327423521610088336509728584899654839112793892461260127092321103594527703743 0.82671097437079025847382644084737030530649995782348404334313585136643620990369822218416867022201442876 0.012276392495857092687782883309195562392311681308495813230208493507077286985638024474472051624218379455
-0.45735797553402238418199496713952536401971342408102132496712855157105650949229078782365093920098982727 -1.7396146516476931092881813652195566520853824184271630015473298706923211271114240451804966534148688097 0.13916900789601702044814639464580918049851961427482369915519918402816886789825582054574860030312745383
-1.4089905928208922732132046952767807032105265379001939826701563787486915869367900550194748520358764688 -1.1822537375241466753288079160487994474157532343994050120213262990422161104903889826891758106346142333 0.020445541910795263953344325921479284289981284170497392474308233601964469008046288267319747906294616189
1.890273324284180147569464536476061174282729682938723006753356936421157752252093109477714335913615277 -0.51005706959873893173638742066502751296953247234124757612551175642813263102869370624324676232251801385 0.0094925418628306870136839109230700052288762815894750002054909746209702495633187281658127534318128296598
-1.0585386448673125787630563614766564143411217138177584276265168164076773434561594592568921475121508158 -1.3318773082736289001038012109862570827826595705153293129948490826918004380076360856274383143788616139 0.019549606868515983750619189540952975839402352073622120237961015718778093618676571711720443657072651773
1.5427392904284224141033188903165865680986021914423490569269390291946649674111650405791308295748241171 -0.14865927514324996031082281065354274073839152737552253011424013581452000636972624316140941457825068281 0.17458933477537157470821948420409715420240772643267013456744295600460173123017724739614228526721684652
0.035831857056526875628287841006314858634045425915718360602329470005596637742348859855361216346875877765 -1.9748758682709361840982128295912610577803042439427304212020056033616993502680839534393976571922432869 0.024735292292937047595973297705597010520930728354178435027970515557426202854088334533210502167609508325
-0.42205996466965285932659969458143592675430881766984481550330305134671415610439817244263392686122144139 -1.5255147050488455033162726997657987544074383644829919987292869404915662974280300554804421313770394168 0.043290522769811564504800074694544415676369806733554353893061278080679247526385606086984080044801803214
-0.071727304932160949021888617547241544428147464132826172603893750525105635205565409584454150818188371417 -0.70021599917038174856851038696835361789644778558499704617178762312683847631370741261717020994745608246 0.060385305143986833537408855686884715307999619652628042159515005622472582433824207021816919505631213983
0.8864014919134939213203498467340420864047599721585869330783355862564164514321871767536764152364713692 -0.45074135264398989056510468822730361006307812168340108251904324758141195143743510415430728811170179309 0.061675014791380825834760872262516135922637075118748220629790691583258015888472613195789902155511415618
-1.5580825369046677583080151601823967460742966157521878273948172856458345900795522006822438604894602636 -0.37273535741721724295302397251124192518529542197336175653507901345882654160325997101386727078096848248 0.047096390725388694916325475920684309639121833759045700689210506370649768376543899622446369326349268361
0.32713445064064876624658817528019989750732732086541682875864966487666059084089105341732310186089305337 -1.0639402655358914157930557475337444581451613241381875056025964785490584080051642772404550795064458493 0.13598591564565815213639846815506079884447148841252877325275893574666558771741855045858786730466884565
-0.49455136170165000829782561350366743695569966103137579166224095990494578823747546261459752048767487534 -0.39276305037204173939245287565276448109039562562996069184883490979960339228024277735177232545722490445 0.12712945547026623551356405081998061623641838606408038073069928854211561767804497209177180004549806009
