-0.47778579892767320278098798527772870135462033603297511863064391306313186258610649978352303115941959383 0.28640140224347415025454980546784469812587262418358822058932700326433501586769201872455529127148182681 0.050740719057286392360063605516792571275646049731001730658401747728118072440908969580219369147601317143
0.95987747552411085368226580232009211764828489104386307428347427031695930515996895594729718664744243123 0.55232380143242156182841519468652355474113422661876632801111760392678701847622142720116118680040677241 0.012812909000748021809258820724936380942909247427258416393321349837734020329172919053896355038257907514
1.5800840061766063578764947525915826010401871209647751725351210401553720759411026261637578582875295743 -1.1548847230938699055299397095627805245864765282453100605704313192137941041996646967843413561973461062 0.097594004406217193850589294661233605774142067232356970312313484794847603997143809606053029868071781384
-1.5909868532156356766668220733821496291861990630901176809263385734469898549861719573221434296412156101 -0.0074897493733213026749064480850465322977789672135316706817838661721595697087152789903136142480859680095 0.094617240145791277215645011437900061991386156217830126069892161740014731122248717734599549032582403699
0.48403474706184701369161450223597715201745636055245736797596656670540002346902457772042245453862153303 1.2016557193495837627753110512921517053279195245107772844079452403853636833283508886702146493219279691 0.10177719384167369583910537114247499845218000562577292792458646601884702901894615796923859580443747709
-0.096960368124786933278310982094821421688558718281762828271051927257666938026450314186284168477947033966 0.30754047741240874795491111966940407434569980598923915694243622283799885136321160056071664143858363499 0.011354683452604520171768007300700145817247415309034558915902989890742240355329021817017574683035739249
1.7009984322774034660656437528243471127188302683680541261418951530268989543672187996066585427955564516 -0.009124867672355802159408792044795628585712503413532328978754619929080407632621172137270255600053170883 0.035264978180203438504022780935668309087428063361246923271573485556318242585868214291096180265854472718
1.1021978584923945404734224177544804749076328252864586952264367373907450466384161278369409602791903221 -0.38714660987135440396735374376431936182533260648209222150173280759861427100255523855536156698107041517 0.025025778923962465288018394254574737032954887635637264073560033179683733640555175991838551657582423093
0.12242006311062322918758211052505030455400640628702727586895327756431869802430487968108281083470191112 0.03524175825133664267038952842396885521773018460752389557098093980542840206684629436791284320401692919 0.037980621234365876860231731394149507255650682316975157848513242473639307634999439755336493363858836306
1.6317181274700656443781146587742254053782445455093793615056364476631377322233968952702369128474665977 -1.0266508918790520601650962697498387152703914493416049890469280535798118538081837920590284384843443471 0.054856695478564428173717547895317755195861077153576229675239423041782810945387868672378410791673135815
-1.5428143962140265782256728161278536323294184730948578364381220251405351964415479777303919404081459826 -1.058816067762793939278703849856160771745290547597414419492113680610265845132011846134229524176351081 0.10611960849436891222962852937155520431508526927044488670549534891085248176985984869206957717121365693
-0.25942654187223906350302696995374552905894489003456962286863335749029901761971486355832796283758831831 -0.047354401199623267005912751238241036285534705540571225226771143775572657954699239809148055055133683937 0.038825509694154594242207591823212862383424570613218093487066950772362697840497290529887016751556503071
-0.74099241497496444385272380266402518039454340541807783020671841716987072907281371347287191073103072479 1.0541515310763284164660238382992916583500188983541062189900115914899302984973295579963147685399888468 0.19239927744508119468999718860067238299656780496464687756976774679108803088526091154583835512395473698
-0.96257820159876684383734737512752455004756495470255435356023183026524181467103968771920439381327399104 -1.7463514982738831136803852230039685468447972501828203263076125927160007289772257356178505728460815928 0.1897707953162330431656309551471230514445189472479148712497797498575890852489859334053769048910266934
1.0032353783557174250104492342970156604434669560550348257318651575799581361438964248704944166839115819 -1.3541246196957956732201040023809054001067446081675602302360802766698104786844052831981143974177887923 0.11581928900737879681957509434951305991164413949669664334409480134692452879408960857706029223787056007
0.88808977343180399806976831918967921506975959489149161422597616940856437310284372910012525393944928877 -0.25791723581373736866479256299421646597389553377441844081893397320823979553362736921865170637185139766 0.19813370674880837921139255972737970223000566584883639785183391040053850483623814551088851237410326459
-0.091513931083357843067856191478620268534654325436657031629826726622872494680071910451197793921836360172 0.18604758172404650679718820953797516962899017714117199548446779366652994972669707601630306420243686117 0.15613119195100304358961255151601631302442804034786003301458534536992583616761952052277432131910811946
-0.17808418538454320610154381161284589915030035788851703769074322353084788697695111316744602302415097988 -0.0021414045157507182198053642286566553343042445441738154758722684736258889105302727014634722250180880156 0.024211605386006311763470690896258625615627315348221611943480930813685417466775611501586497788105470962
-0.27003067470142270080219331781204970943035875425087303384585687873840795100083875336487497329443118586 0.64866501788331062637012026703708767037967232242690372709947872613734004238667868090748016835940699659 0.072171342854754040362368712670868728160575256953738506482553227952641547785814270759492020951191388472
-0.54462430301069325208646923574387460150168901351661284927598497981926063848029148805965109246165722395 0.52507242902855971553453304162539953018265856968256456314102197356387252665804554478228976678873119181 0.11213916900558533720255869203656366404885233231139884285915170406834410659913033841872768680390151554
-0.17631244173146417537190854836597727638358898639656702938266263724564818815999260671947169326404084748 0.17364637920090737831849868688318779386733735093505382852482619375649499158937400796873456872618421987 0.11313909483349411838709983104497802145498932674210094125373100190760612805936158424451483179601443757
-0.55030627502436282800337245775186420303519497833499617278554917513930095819092177405955246672695492458 -0.5749063748050252972017301003519725826686145351317277448627003629131200510089286183327033745077149166 0.10501581766241439149385191832182085133871493126694237705076130318493272281449654609510795177282690888
-0.44914815127569948481142938121268594190029426902883310348075772040820646811637806114248994583058665024 1.454837275634704776657468741854026552427297059342203520227166732204969589883739617107097934621275615 0.032323362296542620051859969400391158549590774844690070473956465599539855755159560385722186305690379457
0.87716934766675718040056211018266504666290294288898774332221548352813922984512422246152398753651996672 -0.05271045204770051825920401071687745822667877726570971621240202263332303184020900759243448334987669899 0.044493602815099430182981348042779648930133582615689073141446273495479416354396249621076805923655175109
0.81261916499522657156434853571085156913748926563305111509308522505767575280198084628137758396083633082 1.0587173412909483870260153322749014773688742782343435297826115234663617665472583936979726505235146683 0.11692385642301016043515561704086322491893021424802083005768388074070482846970805842026742706567281698
-0.13736663994873251116502681472369336451713856051284353024622065720901792476193225779689721193455583849 -0.018410935888554571979516689628195995213551661824640004315299385465954543005568873459286868323202946963 0.038131702746933036439340706081842019904625971589852342551223113661912619313140886734444751068629373192
0.83197043297891525195334741555020976945296424309369066454282183261400472198401086636722899907934144084 -0.17656796999708895430289859955188085775942799312862167522291412627409245326088453573265182537345619152 0.15572500967345462194713377370270197225385113176771189887190849606688485116305543758191767850899241152
1.5869148580702241120938872845094437025906506841342791232939315535366860172465294080810306216486600034 0.1300524129863386768400467687518691481028053154791187317510612078927684239831538059158896983526882396 0.092489275410156512502494197974187122024118177383954452497798206256607773397268634130512087604687181488
-0.21066695143589056024021376701133789223856846262383895808249907157371810696595837024146346745822002611 -0.3352947453241092084512524382920239584299106335504585544988581935861818573072053087226388445676328384 0.072502768131707699704925667599459856741646388596836795206087418597572389347126976513648630522294151305
-1.5775288378956125199289902671597018130092229749343170466875876890791808879686519684159889995361434619 0.42197063727162862943885342483319503240284105968878090603950825840654293256459157833210329751355367948 0.16172443017583888039326164936833694937678621692427294054019525303614542339689694503996545700881530501
1.2444854635058930889551366260155623140864153600908211447042686661961669268314411765138231665338064662 -1.0160836175890606699926546928593464434533386133684238605588020263300383108227722058959310802033556117 0.10849730322242202706395328841730274079359151178963915815312653843658850877581561024796318463814138628
-0.0086080885918057217567934887353117210939646734305726730277233596943929264341098508425226291215309178179 -0.078286298165641982121276255517843675464987291976191581882334725920225715397162463787967251904069947082 0.078778149512201551639159413176023203491961646585332763585085621265435877126235575446183798269719731709
0.042097645833974302067510717458073267072083210053458764952084162568715492522098485905174609564032847361 0.074115591334219188519918118130011608338022061555985991687109979803379548134528141014844333968726132216 0.084850166453282235006600287027895492970931306165433844456453688105266616441944268618216813840158765746
1.0191158072143402629583509284195665053932391693583258850641210489619424481259571042423626245273809798 1.0801912780784270123851598126099842459181444692857804804371095224104645198201184098792719453602237662 0.015686511181389307396499098137437743715878163399990747975967504617841605619586710242252334990918357303
0.15020350257665966350744629332095513419674352745562528021611385849875195593301759434784212316046835407 1.6734625337805289799945909244548908815421697258247914717219679980247906211267303356207287111350552716 0.18441392908266584924396887219780519532006775292933968180656157949489465589926563461370006251812877045
-0.17821864761690715935438422322224163182223405879566817969294076919030997426532718775741789677134128864 -0.235131035633096812272607671402842799748760354500527184717653019112231295688401142967193042054509015 0.15185826210353240475636163826581543275886717340759099270999966030775274978818570035521824237257968057
0.82345847073265870055462678865103249343958387580063880463839707144692099117726794356341595449653800267 -0.65282903507843213295732014965738497253383108229525855018440954129033207743359553150072721551006124627 0.18957520338857360015115622273149298292027295216930496581870338017865535094747502194647237562361479316
0.071323849355792451609291802741951375910488287318877481057871954282628240733017912226272351069455836755 0.13011235063795995619014757354110520711485369961877790293169334638124576768652413504093939616039178475 0.019788620588202677548363479827272693977743637207731491337280910859000463503000210384368767299679108562
-0.074889864102863733179724227663854901644633208100688694414211256565813918564662115858847913912985450953 -1.1897025875164861721990967362951439967389746954055793328797104131617902180472882456940223314385332571 0.01946762805168789034322557825787244900589871811863734467539196652266408638327496992506490558257695895
-0.14870320992254267086510508851318867038426404331691006645619829133101475649374451567351948729198381597 0.039088057502870209615742678165283288932391198554501108978113602156237847911844142811574522500648237098 0.20643592015160720678466888858990394815730228690793016020040148922929067301320478428729208145196043869
-0.040004781977792350632177347450459140226673258871750044967100217435260600862684308337772440458805618356 -0.023713994545099827429915904764421094085367304801548914557260534970425974644799320334447419818212049201 0.029409421475007571536030858042510847568510072856524825024752217289851329700521552602526404031802591928
-0.02881941675067500265050623086108161022756463530944183942152820833647869640172404082054299112983535252 -0.034261126687213304977626401312343298341565825781734120835388023827155505219880260359612782440234839637 0.10713915456618477021361012905208338212815799717277694621450230300653198623835219959112395954751221827
0.046548794602439101639066506452599804563504094294719830977215808986875203340203776688723616289906963653 1.1354419907264876761511489197319549845952737627606775720795761025940130314295069874518696486621686438 0.064123486828088378679242567979767156144343154745801852758189491373419121558585017188392791066017311779
0.12484034265675881069034520322754167288270423704907263286960162425284921817841674682298259782438605911 0.18564120186730998322182387152576529552330064882786443411866023860085896459665537852688792064117820436 0.032117253394433277162227846532746019654385658240534156742429162506746931274171452406137394221421079557
0.25516707441524665271486675703782755132063748773336675557107796217175239480674032478817760536894025353 0.55733823390766473979724638122967444744601559982614001811640400182154180494514345563000389049285687047 0.13908590440344367175799997629540537887089709149192822057348855134687781236916278067236050033456037901
0.14872080520355050783901743280601817505457758430432261824059278353271643621761986529800423186212862927 -0.098203629431108766210937929587576668365144246948764305385122822070949942115098611761433496971725589207 0.11079677935992190535032955355686548398394873012265859981963185011112549256829573629526187890331229482
-0.034747200667142280991568813490934685290758433108488812409263839791580193400784786662360253175511040382 1.8960801257512858272866424685063126705688558322707975120433668687077335160786380890567783991250126985 0.084076761401786065668076051503531488103540417661766608675930732361768332266715123117112565551763151507
-1.1828764045135598400277641830555156629053904499892335711047104152602174761693638732764063341206641202 -1.0945117635297999187675467578260211899022861943551140076532902646239942819640810379471184758311912022 0.0056528174070576111773138779179354104770499389999186796927655813089490068129769148746093330901889048145
-0.0050199022684780283049462511783761862320878199620001056873920491958472200665502318540204271304498073398 -0.001120122920062506158530701954428041228545774749914995880019425054257083271779851541540994026846044344 0.048508693763706602320043950072401034987745415093450798583577830277102094095997710278879018135947211243
0.35115227604278807640349823371787620220526448152071655279907938442917446061567375906214193491049188004 0.38327754725116620886738246083101712260666101009952765055439560479259781927296938835073375448514271973 0.15776206860120194373728311008595146338912856249536813852377528716246059547392780935940823799424362091
-0.29596671815923076925876809995254409377253314568387085309300443166769510882618442131448752562245285824 -0.24865579181657062328602257158531496916418924149298233226795794059053856343710699427248010138189703884 0.054032716275394028882613689139903119992637594689640275286623690421876664164972220369499642253337600231
0.86502634145676113525878518972376181879704648877957043214554908146505867321579551720177190610650624956 0.2023053914120600380169962957519875381253728898510852439981074392099921398946789753894947378816402047 0.023841827036359246912248208515664352512019054325219937253042520853986382715091869485672488755781938879
1.0653493557872990009421943057725836004340475822580508399318800834600873714427156159693065628266190677 -0.36517518075088144112929071890611798102295454032300702049928193751480348530816527856199068131045041914 0.08291703406024355513226148449606977256988004211705463956106230581923704854262290733030848924264154193
0.68696485068554412986804964281283717004232919873784169520196965542133501759542891488047006909400383964 0.35485771334919747254576805765127502842300469248774682477339265751333488772090325485672382172943671065 0.078307761716717913548913551635831349463207796482636914650258275048099998148566567069534922207588397714
-0.14601945537851898230059920022252198725718535909051929181947007276165429941218275672247716403456895233 0.18159316025633263365083356888062022968619976639068240330104231912830090355963528154727566409269512055 0.11936424929555346774431626112245970087116912376053341372292711627588383352624820328229197152600175641
-0.47786730041400719603875546875905084403961023432192771371450122324442482124886828545950768981275349289 -0.76685926973315614754825655542391181787514028100407757987965111920100875636979068861902440887279128523 0.18836620191761956476042869619780397641543865646413687767482663019797817157861971362067425547270116133
0.47204717435157964167608461157583499695777262148577653070158944928850734238075321007668410875066716966 -1.523131001190063499783285427099517469559536544575752499762696420574543489392981841821029802101804809 0.12413406795116529031638280086568724680676585082313820297621247767170435934153919506208025854206113077
1.50477978047297687831767224465664017805386954912487886800844592186904170429686171525858654040441422 0.41724973439101257112229860084760087717078652347160636878189234856157092042235688358925522301792653789 0.16474459192893370524804497231876621938202273598144389201878171515572280909063537533538056889711627019
-0.33844699408001788194152071076066977234959709674246044254164177653591296557629904773239147536941162432 -0.88405527562270429975586007962665310592974447250846917271055181440139748385314305546252555421980998509 0.14564782235929159379016599091835590276261705056648112759050166694061515234815681548538198644994850866
-0.016584239150330900144772660804264032561895149407898366468809138608864085765683001225787409889266092011 0.030412060960243863707244577812477225142493672871878558408390235122431778425055284778541109356636501131 0.19984604604289962314438806117196200419357946513348255268029912648423764219736627555818915822116359375
