-1.4082450965525495354824647763412417835702093095226215220074185184415582121133325187484286895082367334 -0.37693877200964588914184619994624941320604834010357246588564685562827500098494847596894914125371304058 0.12640087539549351203357476181667047246093768441851239246492478089228672726233859630200852597290114208
-1.057631738778542069948303363937489994687223414751235213594024248072111429277779335368316746918334425 0.19532234177915507154489539426523920841996477593908957312142160332512644552332068017528390732206632691 0.11472365026855645143213069285560771501100205604355320511930601074278025757352813222644432004613050532
0.65068349750804036686123645052407621523818041261209655442488303508239440276251915111326713185577531097 1.6410518694660994598552549862875873502359761192626203091004280098091545388665075820902073004973187873 0.075394267222307519964464486168333288869635732524384488424950810956893499006697930195468559467882629579
-0.38453094934888090001558987138360193355804323701200272218193178906860133761075571976613140249463764873 -0.3916066983334228679088349565646604967298528720321637710400359289005401176005694864199257034518024382 0.074059623464778691292643883349220943884074151946619124143762503195905636581221127388600430477257638403
0.63384582373453655633274428919987277751614209278873730032418775454815122092575616614048294394728801054 -0.83387641159269407161587194701222270339317049518657124575204752992410188646250758020311243346866965357 0.15427847540167662146138347955934727695814311461141660930446220017276261340518480925643689260329182709
0.24416413615122193399432054597798059436177158890161158293817598479345670690127461369463245385528884349 0.92134131443351246404024188409072851641075492712744542564604875870941014419035924456197984558547900456 0.023753917690647681651481982376076925119047011574375668857149480352463001058998466952168900369256739541
-0.95523823142900266015380993125804660090344455029676466364262255684244570673836029728829011613694038529 -0.40328799775932773986856998177105483368714258317895449114066696802846337789263075324811450243162537817 0.0043429871368382444310492644739006360437697254755677098725997864936270267856750997461830965366888789893
-0.0051706018794744534114483491986164195426502278506271840085368383692002423002037261495424311276821847204 -0.015404284715011184206904710654112480140701622460467304320969294873273979478366739115500876657153211506 0.019791426382237611697437538573206602080564264889652397503121627199423238134968928374184421762100225544
0.64967494302581851728878020303225316506752304240970061092986894996985345430332669768499183699726600199 -1.2869639324328270168218969504042879170489875036480566895678102383692439131064685932481166307518922034 0.16902713108035509076349294841879410337662355433420178279213624603604206328610285512503244280850247826
0.28585570571620250481548366246839398158125401985379742291024404784013543174543716175506639395453713029 1.8225436630335468233635114942907236500078960702339176867286286848852708039430555388209180812895331423 0.17270764916283997013437848533105316737052704426580161141342312274317156936966137099697797605029622692
0.49629494838168141458637692285545783537399573666124231283645148475747648023154747864724392069963711061 -1.0975973876532761292487698261223915682953554482610749534457753801755549772286058295494959691326883739 0.14783149829456156669621677575835526262020631187417929130123597499013481677940479573753837395889945747
0.9590870215950785027198123939156176871950353627649403835148701193192742150865993205841844563582936901 1.6349234898388744330721507968382672270943225125474054840030561704306927612286369230113424878000363031 0.17390373987855136623841494660626154538824361908016627887796272757878579766727523427172586676870217771
0.01195450375434035022395564075839719211703201891168804032925803799372650852386755214488508196193607034 1.0741040664733209377660835324435508179168538033109621230045381916166933934939425072448893358290328746 0.13104324359793053940122163972054320394596376734955636940637505041004886134812698481448410430587704948
0.05610810990521175008094770706476967599527832922926505534116919584412506089855218180662316454034152259 1.4500855286878968142089073052383416898486985318235087931757941201011346184460509693855584970867165132 0.028399681087903859811374291238196718355356075719700960876785466495455899013121381362601122416329793083
1.7145316093779035318736172737056389883783190325451498598333645284286711834124679720544453855508351817 -0.15430720528753125217512289524631607803815303688912735480311199690310786621278716782361788266929476646 0.15374386954508136793086826382497863868891371648432460708025726503708708304781582222435232147356138784
0.14371091425096966818384972754158444376574488856434749444925594688056646578108904397798382528622116774 0.32492737189671986704532749259077719469818691537831313703612019163188995423278630844199863016221224427 0.14100727362119610860331649879228150548945611361956365938779744412777616819030711679969731875153034791
0.18150586891375446404217236660338563175380478186340964021120147081418261684458760368780764535892496371 0.30278542045375264950198129059510615267137571655375600976990479542213068048773469281934033356554492644 0.044329941896957592082220287018357323136910775877618268626777517715646275925488244491419157131259457895
-0.61481841533693782671122828606567089663508599557747257859346241007250962818563550912537267915951332634 -1.6665512414681566508241204344998676399991760872368620624732668349558747779065364612143113822110993854 0.067519834474618108370777914840176569026046997551939476929396644885065433995012780004162947676333277951
-0.3815837358423631619022306258969823743120872638982757309850473092216137808694444643023506174299266411 -0.084354120673795155427542385081113578783294595127120169399831998384607750684111954196697568537886373757 0.12828273270492442393423169104766615792781250764870623869445682306604383122568895080873351263106175969
0.094833599709399719939568092039624902724801013374760731236245414535083445767226654393185405425020917753 -0.9327029311583045687348091778943729721945935222779590425102471119491005066382419378997334726221870905 0.066180740237097832773390353523101802669233963344822186547507769860768545579755673068981063914357434635
0.34599494537481351371451040891258780960398050694261673094460108650042900781808263424517978192063500638 0.94444373215446759892239841225498920165233625090888163975238473243000776548096341349405114601310978827 0.092487043123600011609438210934146024489261831483324397012645939047269883613386610554950186620701079322
0.24904198687439140275128464173404062138003726909398774285999142500443256484708749963515047186642093747 -0.0095650649555745041222869316059019923754943310370969499887604166439817772939661625913285194696112220192 0.12617347974651266827283922002948833178658322575762764116186818027725254588171432892523104610089093642
-0.14318685360261934049283769235409835556614513614465700942569840948626266083790811023293452494225886995 1.2745052846778977854554979304723972930656825619305447114342560645339642771869055402713145526081208772 0.058369682952445249682477414182848795745382291176280931289743601858132306612847744614473368091998373851
-0.59775632441450915640834042899835523430518072033835953932005209278392978041868064373153565901597568312 1.3343383177806206323840507592654203597752350220891295284236181472696453068643703832312077143144481036 0.16905658136999242006813329884007931557158083641313927088566164002743831151729361520790189758759736864
-0.19011521694915279461701813469498688099750576625440151453074941136589166437542112122420434310585671791 0.3719782228662422156716245278505458039953500027056707252338980299152306491862256148136029543179894262 0.12851911914753226439372283402489767533188131426612201465072006260171585732925431881285672021455615998
1.5716405852511411635603657329973488327487914964631517700831670453063529995625308140046210904257167802 -0.5695507983065276966423908421437926211033388749574569140851724994069312070152437052803476932285468024 0.19769548564122984862551549461689954825753290033281504508382540839382503008854836351738110249203132863
0.44195590425722842752511222144562454286656909595911054047517491861789612941624508684632991284066737118 -1.2991478931261677544543520631635269721951688144852968378375954896081054526523345011059011248739245927 0.13204507568437104749331785288262143278607114679234883544039075736597500491770782026397850052651190148
0.31324494288404779872614818917770733979623081797921056022930883947089741733550924760318835402253612516 -0.51320816240110060345597007715349042332711294756620482263194397551842790743240880636391700756504041546 0.17442121662875910969876465363230354275639202028120766394777709125367819477463885407825508119873230963
-0.12999537591867068573293407035680334304228065573706953237555733974531191351255883137552225371119780226 -0.31687062613596572609827534038431726228819397063342868209902992049896951439220974543214750379060318379 0.18023287814335454932848612986822228181470600479692431338652847229066408461630196361100619700236460241
0.56361210429054866686769389542592115015765307865092032192919194278375141833476702586035099695880057006 -1.2928311525107910436633732244835760064301641236487508228031700678315970525302662528591901919830777168 0.10627062933926797324746044163794317096618380913816706731985857882041319919418544485666189035763861777
-0.24485610505185480014508171372824585416500370069165543885057618463406521694291244970335254345839937904 1.3437466144192642346551070468038222249737340954530944979148835756270701581732631952548917138138697155 0.062672009223802526577485248225624071084764236806840655777496438939419175482339222742773107875579211114
0.76205240963051475508306484685899153874896857797110708699957373865996619244161431587151365856833470466 0.16725458990331615165247571074765301518362001702681429011204217505725522205062535534342748379695514058 0.058896077528811431615172298947102677800453021057387727333970217620152080979362364027599501645380534748
-0.10853087653754044972618382695280025702722755748200420645470336288209289474051199377159180542301821182 -0.51955344727952103880827062399940772529970582508283101535966805415662030128657376833668326093157641529 0.13761289902261144331730709137850504795449133388459191406501127782310160965863060601296228774876316709
-0.95910853855809842314496138266456269877260538832868002410655909619051692478890481570866076166891505797 -0.56998576354473262062093701104557165131671145183945536468360138788613347527082641288142493379709870506 0.15275782763823561705366346136594864261179535153590444937286098429964249927008379115159318866417191475
-0.21031387362259362831810976118159674452517981998210231667801767896298506396768015285411948207686670746 0.36282319112658455316641562479938196989671101232062062084926625154312318058672751760048443057218266946 0.10415331700978602554616171480043543244234039267378667017056406221209546570768727164427765990437473706
-0.13671912106280544324569691906145045450177540253883158807975426160343257511285784671732733141726008345 0.36450926324280879658107044521033306729219341553247248977494574428310763293184459202515185640947810746 0.016971560545512283074878779118815462414779403171488099952602702841580221921923729368787187387994288396
0.27101463071143274977373463186713926917641300829544461772953504273258039591596725409149385887034550894 -0.07242765303190999852002562742275921161995788987659073577846723353715667057160522093277680395218570911 0.17132119936604960699445310400676791795109523111163810943158931437094935749478775874111931977627700883
-0.21650615734635755471256370410132180536172139024740591832069919579732946177323046132230235704004006859 0.036347556266239136014769576719773616303339959312494662728794087166893466667762402141432145204096034659 0.10583549985765616567018592675579271776371249591696168342179229955673502636985047245157770538727186252
0.0099057734507644865641472806714873352300365975446685568361064676602074030941557493550159155819351431479 1.8680667498924804396467092219405894720836143679012461390962277684223573452430863284375245440388971342 0.14407522580222128019227223928471622845002803394971295600065185549047130159516245474032660067272526026
0.058816071784311568161933533865034584840000328004732828492751162093007480974917156187722175280015165575 -0.25307010108010203187907564168107860911742119386363138604702265333224488122719815448547748500564991709 0.087967312552124288691336786635711483971974344298569090360643618542662431175569606629924534817445265584
-0.19680349131004089117912493822042960160869638700795233864712971043739393573030516083070086980228133717 -0.46414393848204378065932715669311619126746514595763804136003876257118958896551886499306642048226391512 0.20131425992053659881634912825129554648424620319283104697368558528140534528318281269041376724964604864
0.83381769089564657375391256738800962172158252077174478597215881809339209235046890188444972240637010389 -1.3374964114134251364776494274834344810872649623611159233492198580023909910273422375279312457899139902 0.053483348148715207805801450024712099484645818694841897594889246952656561062687834793715601206085406491
-0.96037550430941648207425692394987992556339035289598865542068023010450949543435636731617258581218982467 0.0046706130256915448624962499939488231009365062158021851304748355577633472329423922590952554373006795314 0.097047008535783610359437539862021642170917555753254726862176638028772751713316414012205378269243604239
-0.79859558016383440348245943755839099215034717788546556510777116137577160763693350339244908847256500908 -1.6747136597297201303706016245715792758408456348362868908121545856447583958447428387353340377223842406 0.055422316481036435525300441408475741805803951430589101723234595426775011544275395790511344556243121079
0.33357416742758463977272665186705646556880108051867125487250861859510340164130873170685674631805114277 -0.34145874631425643967505611697867365363242461783384730479185066334789307549711288256246008711914614027 0.0455204668806849494410358022687591506150719431093414138606190048593234729780583132544695865060084726
0.90840367869923080421685692699273777170359607723474192778233192573265581515571238576223048951965260351 0.057271322149439422807079170001578943368568648669613934977557822053554612159717283927267031518210218771 0.017232759578942415234660584213409476289139277016873007539297942168234739503021230188312527100489536419
-1.6975749860869483067674256224840953497031582985505305027536194136673295922706521128460584375570394081 -0.57896962756796478729803200659443986089901934265070562468674245881305664816808101700750470660933539044 0.20188316472978943630779026364055230360673498010532574320199039588120149505754759731802341721215444649
0.49885419027289805026108277940913756992507094663458734599785996276372373307048416048379637226422643718 1.0132150575366985067011543959088174952197473820438085172094837216492430108424535362681135767489668226 0.14736081799086103889246090161596852645824490634135118656537628503969042718989157902341811069091562834
0.092704718979134957776656242250933266675739655136867508304083681845671426591207012849726930025104160535 -1.1771647942810850879326568693877147748877169963899072904447557568255170186671519543476892015240188506 0.069053731800327171363679164741523872892850355213492294434848609356496897992091229991429525099581000928
-1.5501821072016020286441529094876296886307926226104306950903454539439290352066417712397032303947903985 0.42598609143606856987573942327388900896358078198442783857766775001338098250739082622238704312834757041 0.12884676845740923643817854403882733470485051622393963541296833832303499285229371582901390871489216
-1.6282734615037426630306457272358640503378927536172982259410689929347155476191957461445003249732159342 -0.28215898358155741019527845483390887523410716528319637897987155756132024820602167464473120735048748788 0.18510394144520306235556712378041894332396451154587687297797419207831221653947098835583114838196267002
-1.7584099222769538264798414644046343624511588373972961645405154642221403978925191616392170049369161979 -0.065736552064256816729949049054659948149261853529309165641058622022469904340407296389714444286514059234 0.12592934581283861992519686803612527276543360569768110823293083629005154947330354915192267796345156905
-0.096893081774455356457960519844968444540475325875923104706909310471399958262611234541166082040466037405 -0.93265696378666386841876269944282544706204196219334801854181082683175593885900350080391622255709463007 0.15430909661718049498852010215070616581208846214073440076740986756888184726160401769459436515379783318
0.33929922359246923808829341082647786633260584441498752536000258850451124337047720127531812984176839277 -0.67035614176696482983326244056532196960840210342318027652049728154010853466192540983071486328215232568 0.067980464083194077040734303415961119826871138148088266529725454782815602116287858946986779727770556064
1.414556796034510746096069196669798718853377571620499020984927419255905495399825445981159736399974155 -0.53996053552903471705094861018654716409192503734159884909950121079422209180132168867539856843853957275 0.1979000789631904691439266450736494168607240871272589893029718603784376309421649322891855637617973319
-0.35996315228678141380836552815665571237896379214283556671062603281718331350288771889476776608549145135 -1.9501669719237803631220815083572262150798363242397237921698781888853482044346637673616794439243700721 0.08252210069371786848017413695781572080078200233439944756766180861628091304878314862682391910077855975
0.16016358014607862376353064276057648942229708669903693701810812429460564789512127514702317411789069542 1.3937158363936245873116859266298855884675367138332670200309155598110882135232202031726810719793186492 0.16408765743057573323020567334795680553806268797953343335939138996497949961017352135583022390417081527
-1.0354439463076778127025331948473909608047007622228402989336539059913020825321738630709584435197533738 -1.260556011337626345350166930244674371264767607812788658439726036790415219365391863167181839658598635 0.1592081397064637391022055720031064599575877131670270764364571011119498437045175942623262514142394035
-0.59759845209851411306382347251751359054828543288708617105150145090849933878675504952815060341807705367 -0.39768370396001159045757403234498236939597025305026375187513218058713247982579822143187934231046206437 0.099434814029265865721042500278491361331037443852106572907610061453626136015127984961191233890400566424
0.40905178513394059815677569128712207609588546670667184084604453936008132121766778615323645112923987746 -0.51757329200504521159158980989934590722377882595817663973234096217063127000881132783061383845111505133 0.18091942213213829350251020404829405940769520632358871178258805812580405931162446713304734053364467078
