0.76042619031564173680114711809302932370992154453701902683978369484604519071636737841129306247439597682 0.12141353956452059327401762685528213235851367054836502130728798587209140723279953267277599473227664929 0.03971014735024729118982746491715753975657344013216917928654025149159677980891106908892526273161421164
1.4068722813803535761097479200011189446407838737517559637840276474938979400081011337899413959148814133 0.86815707255783306174334995163955441937936554501217020337508345289515507275616476044618290948782611733 0.15995663207178609846719245291905138523201372835033823098347112384884138729559938416216300068831499443
0.76192623862027192796131250875208794245032349505141885316955718688011849412811164943231027344286498387 -0.14785906055110390295929164147557305655699752099574111151360808353533111271781940954978405571078998754 0.1422038979572073194273495595465879210221240072151072583166912864831247211416876311135258642305779372
-0.23656255361032333338276337425682149766094852253541948675623038134937915678140448685461708297736811316 -1.4664696940182879951747323888158357419322521684343316983362702491374147798308270017028479721208402253 0.19398447596105651283012956225205787288650951018308210536163134160984361452791508117331000280190783489
-0.29011692599065899199314507387710921884213575741957010629016520547001774361218616000978386944741495262 0.38725967978796389603733650464685934209346182184317680809294337299995611832037737980679247765967343863 0.12101171973988118636919114503251444706307293295012961324203726254870147288773311104538312860916279244
1.1941364038852789809744455461739805140972172531942134415454619026281473429419288048847040865040658174 -0.098118378054085387222130708455385612488940422675685453934038552754968847477225659627353996663572537219 0.13115721645119027425851276491536404186044186761047479004744525061739694465328408248907550763172300142
0.90116549733324908242364548459779407734095672588578983370253171565341022395256189654388526129440564454 -0.52000958350487270254920840449668303438911344219319176896442308760905899798982016388291522549958078687 0.097791857855015522123014951327311691283590896250888889524737461721668936153317801568274514312877069061
0.060803337717524421183817703556342678549408360709655939038306221392265233998990579431693491584606948924 1.3730874208900005029914326954469893898388306360877601292379378227646719383135649055627377423994966687 0.12251627115081306375215338378491186888127761640525697481323158280445933894168273012976813302089357517
1.8933984496375373510471521107281335968015823615377170321116659287003374584025110371283542264689352263 -0.20650150984720744909248261173269437685930981426725396480524972078111094037985072927787094471176965553 0.016612112485900706881323553893895800911770535847237633271524305313701357058416486237068723226008887399
0.14757243077994594229361749309209032787183819423336254082777937595319783584916567134632905383442163137 0.14827176843930568777371041697423275209415960382838491704471925965625451541644532373615284566888350521 0.071874883788398487467528207552036688851066304488813821190335837644246890022073391473786721002332430371
0.16660357863813050822027788546919527441777123976918198887152268053531602857321159475422249517368871478 -0.66772273358359963738373928573769637883155166589795144578246617876580470626321880456789349172764090803 0.0078577763627296445706178966339282487527908495175310686343632315817154985332575027461457333132694002169
-0.10523586310459828810080170426361297610661238680929999153427250945041598741507668750675699345569063923 0.083980703318291294368282823232006758574671505841913263888165369481234564144784210564847039967800400303 0.034521843911765342071162884357116745216525194918678453076117932312765851699434475195468654789700680885
1.7442517746808202790512317889442949773094380214762409700104339605343378406845186430175007595457763482 0.4861235352705483566736524090081091649883028200529523947364089346116231219725368696034858116434158438 0.20261930448142467502945122087682234539549319318290536923455948219197496236754538393909934708381839209
-0.37518086383720661736685805075527496964693619463121107030051464289815169406199285371197066171196166981 0.21527052783815104299131343954451597474728293712940728974699437148488824426618703344903235542933610629 0.115673127205151611844447821272873374532480056099927641475007633251212888002391811115847800835137911
-0.83978358599346315564553299235577868208511911814173847267210008980811976257166388512485300267476140853 0.70916770901313287933223591730247624044292651913077246430728021856729266407667550911668638220994087819 0.0015404393577398538681292761643048874807067228434014676372381454655978594107122387048425975385092371926
0.76285672554135651282100489453207768801440422593911853807946148768997809431873708214017604340059174343 1.439169211464811791670577133698246298478927511775063572216135985417892758315098861793104986941462767 0.053375477087122880727149951083251769818117248476657498286413201501668915991819072693236186111166773815
0.30649425153703221243737950051062558119870705592844579733216682517072668289744515009731631713509547936 -0.53055929661040846139451522345320364400307683702953640177792539880124272135810942704926095734439469138 0.099973372955215226183868498375066517600589733638334225127955411232440594509353214086119383731995226914
-1.0791630230902864354032848653875655071968210111962279180206856451842230516402561724383941564773354546 -0.13264200233699009391542427557190146080519214201583527086795987299175680287705746686672452005552872359 0.12355632199254537408355180790098360537551640084825997754676544521516567759518972920633051732864761351
-1.2448316589592264021573935347725873247247659992039179399171082289943380242464723761337346796400015556 0.12532862805813583815004043778895236986976941326449016802677788985484741666533846957977333636285282354 0.075654057342629879012767092096340798763390808261844576533952234646933992796364985206815335287555925629
0.00062315024305776893756135021269366279717236571284664899633659644818973086681363143218740168052587294004 0.021608660218517115832486760569847334559299565956735277007356173599259405409177791285843072650572095885 0.014266543418415711999022625758419812370034729456607959883023585642181441091664045474914623865013109959
1.7553819208032486365038029973300435909116965309077277904671359729784418258716981069754967164212094126 0.57242652585202787766445789658731412814415228173113902031589454100115261330175910352446907658518204274 0.14570000606772959421114864280383262975352951604036579898507168833748142368409268407952806850801419281
-1.6934384134945110983268846082661432043495424515060767612683426954367398518662724579987171703447360094 -0.23507730097539975600274100708518549881783387835600529946141100514662659971953126537476837855647016635 0.067746909209774139314582346096378683405482547305828751843586105416320344345343954240221955820042723526
0.15603707482419331335310300772888148168508382349214975297634501593155277785150584199186614085786703007 -0.65746623255459149832512599993380251988985748904838482710108602813495615614077579380895579240753972769 0.19561929741991216393283707181152712362912040086990723320470295624979269147193130556974055318178618696
0.76576566106105043938941620159649158049077474038569963615760875040781033198846922058569880084193891138 0.7156144307279497713132646285033237954060737992539251312417562022399769753868175764490567551748555829 0.048419416420079615236056501869429087880933313882513928679110960852708191106790570312504441714249434731
0.83074027845974165802502440656203314041844278979155573236165529368292782573443826620631382035887257893 -0.41520950908217936067601755612240767830217385704145831243215982384041648561922154152152048943997616412 0.081767857500999764520702606203859571587254765026375960869069703471793439912192664025528659998832043172
-0.48753784807239279572538150698092065616553693132622685317656386629013645065195929830607444447707541526 -0.81593439832398589001572614419794874551583694892036000826558161357990990471301159500116261061684737777 0.06272196418660584461501458362057028104629419857162231323921862665949173174712427719466327833798514367
-0.8391458624776748614594140471730192440193747620235647266915278652714871722479386005822789401376926031 -0.64217748848085149104547552742817807091401283938405017456642258905720974435171665526649696258340289561 0.037657724494216529151788412099629052325415054521574233288179120755000599259165122012934853811302347087
-0.19504611117086023100894501554687045402615688168974228958697080688841445494233332586269013969104908569 0.38141405162675006980455602897256454766537460750421225086580219705730889496012580500329093542369425632 0.034446354399183648651232489896143319163976292599567822682054121666465645534241511113746108690379606715
-0.20711891688575596598843547037816938744538012133982860195508888028411053522019310070023996769708080742 -0.13886257988805244387378774169817236366869433393779934422414816219413895550043988609277768643227943283 0.098408879526721316600711377556779654854921226827636968373117133449276729597629294147847856639175746486
1.4534389596982910309351503897318617953926017739145514678965599324004631943863081430328615674025079448 -0.59742263232475738353159224271179577761648006830544843330179348273385403348560380710342853222023356834 0.13850890350508230438724881756237473172081761316998020670084603682573490994917170401869795301469227138
0.36770286837802031173858257304327162508040748778301668389494116399059415510242739195150595334282292762 -0.66002794550410100408421042827547482718345292794131479555245196191614864287973968715616521912826951336 0.08014531951062875205500722358750211715253011864315813176296458123042878692162828092200188084823544484
1.3545960514441912457807875725829140298099035848888201116940737927876612345668405852161155963378877189 -0.93037554867246633914635070872744812638150314956769270884703284012436940182066291913395584566344395307 0.0307189448753919910284318540575763986842546129752223486906694812607725270504528663865453485788877444
1.1316858293355408406043305175536243016091082657220253413540372079727118104197298826050676651609573228 0.27409542808219234906869139775804197753402215179453293226332686038539667882922624519987747748530991087 0.08576023586981796194018320216863565448116737366355157868559070522114227270591327410053506901901256584
-0.030750021664058748458873769669226264745637107360103786045380331488565518587170422654251242915470273014 0.17686124951431001428156533162930367137565630026180492984773285284016520796472465279496758099448140453 0.1065244031008004956309664221090390764323418483349411785328940022615971845716323255716620625377218845
1.6671867803152464301267638577911075461308463295679476923384417988196323760151908660066719562336739628 1.0062869811283245864360410742809288713893265703842554264072073002631405139454539499094763908652751978 0.17532167568455593491021738520445945658094864697092667491672842612833573619559041134090006895724259981
1.6883792657430967192580831742987086778824298740342382206208499792833627398814935930977912538652995942 -0.14474177464441222653974142441136796140010786663656709506978005418573156371457606583423522688010641408 0.08739620011111902225565590421162872330704581453167485018270775558243174909533293842918534767738018862
1.4448486446628292303469840313406599750139517954318738280371685015217941818241389577508418278304212964 0.96713981865296413430044904542375883232334994747034680842589517429904350982410689430195324195077288904 0.1738667022817972606463049667927618556883352942316898005492393177673438208953098803485648633816745938
-0.91733977764179848906616055341793394723370669459801577882892151110523039569036533615390534669723854708 -0.41802827189050819625503048489241965937881985965809398886948531645030182630258058348519189147858218056 0.11215889919400472409146448211674898205595052759842060647218350427754696571151580133766499617843028227
-0.70864048519041289017510122452993161912062295136128573057040445312007440494675395722433991433664342625 -0.40229949253692700638031316743105476151027202244206653328309772597754769797874522349663905909887482018 0.19157144949123392044438981435009746836541405187763371654564727559200925194531070588014302194703074705
0.010282566180464093502923991653951160712169964272853021927981563695197972847760298403742611348312948103 -1.073519292926244833846125948894069296102027014682149389219981295739037555102686570465146025988972099 0.16116159579730455859188517711207049374905255965683273252057723828018640410786675991359559544730105831
-0.22581179999659685815500558457944188741003931003212101714891642487726890885600045018903329199245086883 1.4524749239627570600812645576023774097362255993384792216136658729934584640762668178735114136932665503 0.1488406674951413886067446301989037077810783614092481095087322761021245980480653396125872880307235299
0.032198891663864498225816610913366578616723629461955224356938030303958112696769653661557263606269478385 0.66137550969459361478682183506382550112444330979436259386677339040576275802662400053039328566258536643 0.10165058930512845006048800708258405926533993723211660049596955905329134460441808516972359922770158093
-0.001839995795477781787782315378791456695870406265651092953473324553502359937316687009433007652099106733 -1.309768792240506703227019226165898063436118387437054129781041831188797305606996580506807233395580377 0.20356239567257450623461444844408091740271963755901255937672647905376500087178499576317012165660727143
0.64693987159891036747955722247369026710222885297192636645979877024093827021002065606246712784501759876 -0.34445167358644260531424258301042217187521394551648964303500452951332860880746377628229314572032109501 0.018792344747475653692482080828089954098612035989838456393249547802502064435569143606034953460280785952
1.677749873853974635720145910068738420410110729392740139709537180977059182120224042899267309930376843 -0.78830092732044083407115986768379260228775287720864644797324664284657965272685481617198224554419074305 0.20137941353801085552872706999139257989158830885772222162726846876233643230726109955833371562738811655
-0.64167682398575093769433986475693205793530800937529005096020695176147091897981957141225636114578061226 0.67492513344731140988951000609862028693259147125679622685306702776904643734413482658390271108734601771 0.029495654667056800914511797697342543053134925494780792904170818926356990689937266189258955406732990749
0.022189457277776674522030227012592135925713186429823958438728562123890893983227398314724769055645679246 -0.7665150809540844126834386082025148415403054159079356337563220606574555580032034888560354692982855091 0.096166774454395770841549736369033925573426106935374256379452757081932624899066676495801744414835781327
0.84032326245681082957603598313776110236398156366928498354033413280429396574147840517217893212724271944 -0.88256636644313203210666373163841715688361031936181977994048439267795755336976796636658265753602244903 0.046322276576505070066342685625317543308962330379858363424943054642360402749815889432141943495003322124
-0.37362752339494907170746179105365261853348677967022705220657970371619564841454079541498240095910177415 1.1434016128366911453045595753393766351313464219436169196066774461741231003627033330086880801522477979 0.088212901053768184913928002451013979838229534672992606897151247663951599988780316687005100793550007093
0.76495237384931375298020596713007435122567683605601592065589464466591395138981475438119400193681637785 -0.40787611377586824836155328101842713648729868978398901872530358369368409160779261709565829899449961591 0.1815902831592106040973853747852804973264460460702114636664472389838397200583512277540771656306227625
0.50301211353004242543306412542034903188404244983958314891773413347017405719082103342770731586500928181 0.70940298441814811649623186820432061209592828726771862168279771762499353658363574239118776365227263477 0.18034086066484441935852622042333831445780757379248648248678738268104205936639116423506277275582836332
1.5691230063755515468073308124949546839993994667828637081759846928583273556202043033768840161508626564 1.1659423233302139163468459063273478236000525989819303965004627552000987825222704385242425268065544851 0.069073698861789114570134727477358988968997476967812302175653629678741446614277113017269138890213558942
-0.54041029939956267269055034131012425172888752010502346943315097939362613303344295107389159491451369563 -0.30762630232215508158858181777997517414667509808661079578985742557618561546511002001231372523796441932 0.1010803076063115403041762281516988536050252063889279812984450832696920068606868128855008936315626231
-0.026469164416707894715908728031750102320855095125943846718084565257825219085637282829559126445659320742 1.4759867160373041591096705799837986654798347899408408984207656990366317976090182442250563145531611895 0.15634532225640595936957070825421185720309063610787214345640769754250175075929932748429027549283537572
0.45245441893979064630998883320218262458899067337094067920193385809285801140733945431423319097021892338 -0.14930948487338025119631728099396364335419117293653511724768587876570067042337742229777514868611878459 0.10271904860933268806541681219654823188028937829551756206882173623254367618331910109096109106335773044
-1.5782811967821716246625696080856188717546786130372566744442876172345982166471384982935579512812763735 -0.0016749056352908800400716849049279132280834572043512972834135529879326341401543119230397298138395272384 0.19864215089080894428152552709589477389899712382329005836650873517107351715144645059409568674268885639
0.64833105520820323372363885287502624039114956427946205826883855117165212252018697641239413370360276934 1.5808950680983302054840630568593625732359048421624303441454394925894873754571654046253484181128880217 0.10810927405856519305712863315315787035446786097494634585771273084014971547894207515711662503453376657
0.43018971603630150968343879996592342220263678116265234055086817464227249743461120547438678325578530045 0.7804732228431234827454081560683382390212541918328155313524756769222700280539492281081151918164080675 0.090007742708929733478759770378999333747035832020596582265242254112909860046885169302404294320086117237
1.464135255666070464206624440060272427791872517499174663223609243065522158345492119760762538176628795 -0.15048693810676850382353113945800160188679805751264749198282082819036031220332748911265757682645258662 0.15102894956376277553922217359029631671815263324156130197166144269345454823537524091638666409246831351
-0.21566481841125249359609434069678746383425169427059821124684371622424795989363877570518894752502188238 -0.61741600483161651440256990144951381357601596103378263361661462034382985099978091045286672990272547887 0.15231610629132307961638938298521314652248444760657370436410030243158187384345050177627469433846930356
