-0.12695206119323630208204512882050828121581491689767391491540260316711616226650215079537020854939935669 -1.3976941665939485348381021698353731459634633555035965888262671072511876956279992646255792629107732987 0.090509614140010391188774748029285148605781118986499701769242039224246395089666840461142240593315729154
-0.38672772263787732305135999760273556279427811939017951268898983372724652887394476950811938176730570667 -0.52400688955076806915842515322889400303503291173008825788111441016436397534636383131828616675336100396 0.057044709487545174630318858509223815641807874536445717870370528054627143931834287116229098582126149169
1.4356350835666772724477319267281766217516836564503697514735427808352282062006661052344753859078949329 -1.0973321322623592408046632595658276794815461500324686786617281509017678425089558815635857225105386928 0.054344888919432097509161941089206634473023052784765901109684753866711714231591077559721191468468314194
0.00066246438566008334972314720817721183637733925071358945618746255788397118319126298637293445182206873217 -0.0064968694984791859652312281460482278841251998509107567630750981879177365325677649078807127131738236958 0.092053392350004191234310342529530088164304975493402440127826497691088122515823056555338053078927500265
-0.18213460676879351239162395348163187687821858796515966125270268656841938311034477073629543591791666583 1.1751306373270562956389588212304210142458220737260536571419017638852753198599771701253539741014413244 0.12249364381280922531225053086253356887283247775738847324165603980871194224000536876313482641893852807
-0.33025110530409158793592334992384449275108389273514644257900174568940131138656132972563045223735377636 -0.26884440926079451090394028193042069732179475971847354117539452549687223932482926003708423027692669739 0.17580016053227019363504318539033225265240999038648131391402479728586557304690153899376469596440327625
-1.9486734171488869284606515201089741459144517270081441113121210216938322681593606449177511242050464357 0.22081678114674820091239674397567960486167667513496384790146797311102671591601600905439213136891737456 0.10899927596804746034424012282804448959612548943736054192092065072925746082023494250110958171271377304
-0.76263328995483242274086371941203864081023890648898911486336072992060599380489786314353451714130980377 -1.2619267836785001352193573321217489711587539619522791394419120130255145786477348260893290279295462533 0.080194577291432282468386790809613808377613824050222222543754521433856520125657957676470007293837545914
-0.9453572850114566798898313173035758438536046854460151409271785163828770383115945877055699213140869558 0.21870476515425531122452277093145023268518094587104631515992224470755604617003185047444307550047603696 0.15728960551726588090068623837798539803364316538349461630104089080163355025240025511420055095740814131
1.0703599595047319354481314693949025561788945541250071812693037547143288948984944363100400703368958309 -0.13824802101808278919306903320580943588031237222210279462052629570781987762972917638321196531478315711 0.13962341455248111386477454367886661176229825330855342862636369716368900311219075807330540428224683317
-1.4104926635198852155414302042220608573593273785181502136536148425875288651834794178070782323197458234 0.38158159108588766519227556522928670293594861440816433368001082725397434179957932972397716572241800352 0.13212025912843655350996216747959046505315215036572688508693055523593508315119684562628751785801422569
-0.065541506419622396356495363475313376039270379900057392124414232374723613672495278611983948762150313702 0.81872395499709595182238974441105543092591840672384382675442473852131999716680050554632824420250828027 0.023356729817655124103259320400412732505825570098720094721386299742221746291983924960286274234566768997
1.0442709832505337395755854679653456013360650838551762318606964701441831652760690120091011293417409851 1.1419891243750745262749705266999014546731794423128554786048528306642579440561961810694437673687416197 0.17137555314950215953687863932303108786054053997856170257898187636820251284254282326972940814112653458
-1.2257509977635276448933021885293395815462195961577380706561136886966767258537407411384540731989727595 0.032243401336834256920437554537701987268623164800754146570681256842034161829917117839596301933110130142 0.13625221961304099233752899986015693146496149093277638622125589523759432705995507669655541064746530175
1.4175830945326316667640070195248241263448100105452457814832564959693601307217916486258210771242994455 -0.29989073463115396822689935896112595084689828406905851459365055380188884571344059708281841635818953044 0.10593209966943475077920314809752129584338794749550037607898867990999383031967645451697043405467989099
-0.042698355792736926706778101891621734628494939137506994782677876445284957972919332361175822168149129905 -0.078991879872857073049349843676998233127752297282436164363135855133471982867711542247222183552643894192 0.20942592804260372618256859819041150545681616713493115454378324663854790521382472077087670366784349341
-1.03724787184478201672565273942647232345330609733881012017840860871078635130047379488827065330980929 0.70046056244369913925271411371405489644491133573020733524881233065438742588097874600290617989172046051 0.074054249315019190459540582614572355914816044694663310265189834474420767817422455422787241425088161608
1.8309810503842318259700916564398072465110793080776147666018800988934370016245356805035422421004240165 -0.34015499612646568408508040632599432263334677140584456174028244066400784245213097658882375290601908331 0.10676810031001700025961320340305256015838199897992202048744805709841819638192548922116907794798142344
1.193196815759527279746936800548402277412063664445399639996410064140766475869216966312746792258785114 0.45100783003322668890451294130372766002979049078885890541219395503486424918449530987810679196301532599 0.00049311845421435538431090457827206360756581046402728937887583743404780332064416681577001732726007539482
-0.13079972338136282961900851353404083897939032501134834053411271893740258077811564321172842523425414102 -0.14544065535822746812443111674205621725706884690515124009582479915686901440073614347948697263620454033 0.031472512927287644982225034914351917312612033660091834489867891380011747417526042765432285981027959197
-0.11464087685009545138125506552693936493814086660313213436263328634344344787133921358938591448242425246 -0.015948227465365424490946567264748222097956528043698964454171567907119909757544158785297130693561724195 0.17186815784369672446600171965054939655179005708748922651218259339717734439760838147199287135498793462
-0.12848878848882785757490326700186180522549826544718402284357543759117288098434967867084362265781048243 -0.74749477115935512279821154223001116553884044882235173649694273295296721125719269862436607197176489147 0.17725458383133290499457102579001691161806142064807298817011309809710068196587910074788737459311683761
-0.6245939787797285268483134599481571052386311917095129745842613205441800506662419317708183240553371092 1.2438513076383516698822955576833688502152612811081519810033593762521984180918006777067919630996561057 0.11991592649641248332964131286306482891124542002650458487717084757767285106162048117578347786131969183
0.22370329788229410024129861257360361077331086759178444117422565179941761368141993129181011816002993381 -0.018535375726461267962680406125426038126301333957416898529378683069760104557187162523729954484984093805 0.16417605650104537120850868711142074038100708948941161641794346456996632579903507893457715219806482166
-0.90388287505035251386975456043646677302905038509032016141579208203239671157001176425727733231837750986 1.3113202393825612034102113355599108860572233183061192090007542257486237636212922914978896354319406543 0.084521672832726150080857112953939595764126013879422114996493756991143828451624510590968025813416991112
-0.2157041765183363881263343764668671341343229225212008399068200554371233781587528928641723174556259117 -0.23581568944365118126819724209189573189471857101598260949332045051746203441576864571652049672034572602 0.056908156345838736084330710546033839619492508882414236079054015733223637016483120411695710202185423858
0.26254455586604720106979981232124819921360946595112711226691273973262623744471123454059775167456818383 -0.46476705638128009186637196321468038756694948800381687577285392519252785978373968755157215372405403773 0.18509624147478422780408226207634841604131105984162690882060998249917373453685757261764320479563217136
0.50862140924071393149221634001273639516193403688593848093384642343096234259060085245076538766894356947 -0.22095719040155051075249340905409174734642661813983365708785713248015005480113371950748363768029036827 0.16044132458515070773078954012095270096465970481867103509269192827114760045206911539151607286214002851
-0.48609879261739195103355847067991731447828867320986942207281905818300302395613885745549409217660309519 0.6513658801929620922249269351304674983816206440308350455428445021741984974197322313233282587294184905 0.1439255054396041830137923794161605747818022357025530896420505539585891914280913611355101718061277557
0.30248623598290317737214306061360082674293744647851168009165227782095694125333411309677131451669751723 1.7216143156173669007939984328255918408420800034689556648568863601956760193675406687445734546794601944 0.060233524456235128876223943347245095456352620515594831962382581814114233913889073520963182365117859438
0.65136301987241674406045568811164617318742704022886837137978818959294344825193867057571889680164465544 -0.075127982322023333730928708402513420094515628824184905053841242507133584444718078087945686542068533361 0.0031721032582311089479005511316535896278725367695085968997923010299085539742733108091039960025765587853
0.82149353376969892726027647341454193747000788707439690131496915521888646758367316009230356715233473575 1.6741306523255178593084061201002515046868551946918548324563504999457354438472102956117488852095660851 0.19564195367136712989002976746125584656331924868213835377878670227217327368334322592744101175374055244
-0.2809383307392756902868716233377996914918455792078702003918511297956685948810725243070619383060756173 -0.14195838912168860793447451959485011109476666227201167941746797132113976229221479140769654350082549486 0.098040624911670018706075147792323002606984227697524631844553596708686755458521254892505517458481535781
0.099870678333984723285890756340147716032672328152331097839187247323506631178156733232653981894505386227 -0.96892890946588640056631160885482033827628499695357111303896822010396670445445333116973052094726081133 0.053419815393390262326960258033042345263383427401689339288196020297390742605474807935342423751874322418
1.4355094236567850420468898645356790691267562100847119996397523781379423321470302011633220555471134561 0.9440701155585601003088191464113039188704649224981725650021944127072124363267894475004076057532733278 0.017313514055478779214864192195017966128901388103001088087961479566030422150950011848606117599348828765
-0.18637127473727270822267005253402737050446184881674693369174787047127258457996799117977388452658338081 -0.51071782474577033462611751996024484194716079476804750323856376565721440109528564415763981774903248067 0.088786186757601259835979489512201399431208598294463557330528738414339646832565901701270865568017502549
-0.86481362379249978935088066680405205785192927530742853664360597396208031434333986117762912633189370951 1.1639667886076737791227568270461048409975154153470416032334507261567705644931975094564345488057178982 0.18902309303658538618583937286485133727269246297559488976104831744125195933131816739506502754318486181
0.32735063569049757960486556785163678629531704565536482064149949870180203309761925698304855196074346143 0.20397463287729784510353105368413455821854129994158138996069071641349750487947106619060196752428146007 0.042331048284115090949586061482571073592979642963440975035286645257254068186922915651213592140320110382
0.35132060018845448664153459630801534799246723088226483026105392158899900985371980021499418595469249733 1.5790508430510014680098966243001399741124156721493213662391664640334777007850836584851953420826144727 0.12033193368133073541453501409191066099562460245536965371108537910063450703980305676329824242569789876
1.8354467875820143376478235398281891958046882045545023083378368688836988064709182499696187943650683152 0.72096796876032892408637699341614039471416721617460018720151873725863124151928196869543469159700503282 0.049678741628513254583561400775729207284015025168584936684336333126552170396078827127881217428948029798
-0.46297180019706449602235267485033195708927846338856490925230598212563486798101913273756362466200601593 -1.6183462661191352614129345860466200839298127883471926595736488903948536562640728786663245530613356663 0.1969552900258164794688975738479777274782725202842732598895125755051991780414974416980173187396315878
1.2484979832123132665241224879675237736896986869190221334290310538173613174714806342403350561760495363 0.70100322052350472102050495885983265126677169525708518184394220589072721799271713235843194933621189478 0.033215857468297734701325945817032564947310539117336832628224077729157121367896105278620367192036900801
0.5528533818760857700567410371357416441987447178545852160640567963627942643724605039688342001201237069 0.054920212851286697178393587245368079503958220713061825007451685201907858718941351158181960181143092694 0.10413465369179070371064551197877746106568570892159154040718655986627189128766902627151710926057648893
-0.41956393447432809037734833521835187312441758928046183021166755421514625606834479679423649907701100972 0.50539719898400910297777144971928718432705244021883705323575021736609509059990529461623207541527396308 0.1695974318077688933495711020773257883602533866443838940804305354630149234341353518969008518240945022
0.18479840038974660577821764601439100122780518284939884582133303708392689433568128281023542199012091203 1.1282702342674388706488957505449430847918538287008406288296836542030003526889300707199084015281726266 0.11190321300005661887489852297372040421575320411735787224265901990399284490005301092317317869911345802
-0.10440193686016659519777032237934861216886982727416551767840882174630818610797990610386378557920696719 0.58629954513810162565920425167655472229234439778945677809104750793558179651175887364120861562716842074 0.15209356645080055125349384510965028569126408548016390783018356857420345894820026716208724237592707345
-0.76777819950910918184440137090680985656118605172383625836215289896666370441287281777109172534836679904 0.040311434788540833264978326063984046682323806467491638438786614515310128736451931466090822234409425012 0.074058056184928703883337839058978894649195754840761584088299991357659173054021877733642413217180334146
-0.20127897891521725977329854319216799464554537487984997730152300377144002457455413293152326800851383689 0.089929454704359641650596453306370245477621417734060365436162173242987327052150369460516454548966134593 0.077804281625514049906690932906954231412871422951298380141612614491243410599493628798029885735821978413
-1.484100385077944119625176464501565557169139234603820651603107838032745729406931697599024917392017549 0.39229315683865929091622293136866711976083266507708511400558153423643550091447860295541519798927434065 0.18339264729761257593098633488985191274515696726240715397142870883018589521748798594801090738073089061
0.66494017032903646779991270884930483916138155670435077277695491792671009128855970208303843220521534044 0.45447280454068313623555737618919274856641448095799201938947158839083660756340871932935741275400671432 0.006881947429756782843297850303606202174582063771911980892198486316235662746728080420114941119024158244
1.1273129976046122730342988711913128639440615874045234531621053038878065570321349502561938706107622715 0.23868842963865241185022293600745021486319383189455114587879237752384119551640293556006715140923940899 0.062442394428149957783214963512877785178133225986020701108811165053584108598959834770387486086594141484
-0.62118590976132958796790578689844037187253231682089036165008532157613480134295969541690441141693887188 -1.0491559263698259800608776105278470384191266568264339827318719215247227561034527520441880818009010177 0.03829420013755929960004464884510669611081993028959994093817261947834964725388343892173446949150426533
-0.58441294993520744496684919083660938581755371021488731451392389458662552313545085490974871110254652161 -1.2309928735713142725708768871829562087593710451611061772114762105512761602441417733671261742116381838 0.13839331550293189391094250722477079180535471599086124450591736917803401451235905889677014542549881902
-0.22521551627942470992072650721446353391440303399268411069058662876396563364402827483336556496724346601 0.054665170957688979065454022957097414052905875734005132980487703489996818273879092089577874432273965836 0.16870805000684581767057067975370084235885128573072569588978168688615859279307162686823500298075274561
0.14504670856896963420430072193354190829202482046597552875820719807090333869333474159393523753584025337 -0.72151879026013721429572390071402230616911278557339967260973218674390468415505767315059397289933703674 0.091881077061508152241709500447434294985722696992844433839655929321771655950530451386105482110351534865
-0.26141048235821466105759031127581402952189267856325870691943833802018663566892448161004685658589822377 0.52926678367987343860786185325445586713771245283968479658614388674561797939510024604904890454303834879 0.044182852572314387295094851834001822034334898171703551590132675000478358335982324603306134503950239337
0.9028677679971679758731522976898944343616110656503244357041952388667568636176722026272368085964778307 1.3114665601164257426235117381601190750214630415649923918271104815572790029259753752040078155897742606 0.1137795780042421119864917544783548383503950274004638909609517729500834770042052964042952640959622086
0.18830110123775287828820081486594007903110638135153417676864975495162991235189614892472512119789753719 -1.2876802660542908060776055542893956797527569966354592865760987597372448809022687785013286761922394608 0.12142370953826988665223527193949343064963578350132780449644799096550634555385744183356625606624934255
0.78365830931180593895494996636568061863972030804283120548129386583913161645549675838634632733736284914 0.77763370441209920057046194441506688171103820260249823128160365481152009843493252543733316687439552281 0.052310554960014666748716077769315275888838480531833883716936912213305550986756034289979314323942528123
-1.0797041633516605395698904654720860195499017134946641103512535709249965308685487950366884738236385022 1.1065255036835838845538438361947533950965345801153568396802745711865930115918330465203921644780580363 0.066076497364522676962338642765354797190144438724569557342493934428672078778836417515375369228178663522
