0.0051003967738690921943467740490408608819537879951134131170468011706543047983954189647430428142876747292 -0.0014150484067421327136296268532138231341363825039470941798128020751243503952978737879393241837037084012 0.15859748057482980660468363311480176646585776863679342597052014495351557718309167939719139261887534198
-0.03331396865557787027648651048745738979241623727560724011373338973743099768014380828326617510255637435 -1.0196731898349540083093835546925340923179493928592879203196255391586652142902961135456583156951318641 0.12456537253217265794914610441782149266456991908105516000493840448162546895744199863645047973733613145
-0.43820067057445306455960500339324478151100015358170700389807838239241212694891828965428622285992911262 -1.2313682155396491781576915626805252095619235014855747989139440416146093358936017359058916900152538624 0.066171021637151411210660914847749784809779793945799844233681446810246513287554720499595222086385137907
0.2568586736351671290083269668355193919293192065142624890801104556882206827891297529890901441511104905 0.13193181803170709852684814978298355206275317906645423580532078498112028058984982018433387407866467212 0.030101058426570332482594263216545466932772678711052361259785930354977746571121607458590931401786327075
-0.21645223489084435281446037484021014441379238468578937685807667568833158871074236268339975593355252169 -0.28223988180669800457740020787774022125105915767232028735016699539597104381605106947086011304236890901 0.20161001289975324640392211080565777351147225012786423625106830068904678357372423792975425788611255412
1.0422013149722063267406866041993002976473555445766552289765371436724060563634828020408803357120865335 -0.29534903247843306366892920772884948173786854482494157235013215553732071081426510549619240186184219482 0.060463931642818183366993145755661975653189083619569797727964738876316189406174861598543302845966633021
-0.3982511104489880051090395051789941340591296761595801754801248233748948850554541917773178404150756028 0.18159272894911603334394856149816862420483259048418300695328613034645550304107013948402425158393885714 0.090685074041737691069349023666471001596677506397472962620477744243189554754030611012440895285995570654
1.5218823145675712078416256234439019073491092844171392279654305662316159691262916090434065699793066508 -0.67926006369771288258001689290396871994337277564382785866909163886893750466595742753498532846583170634 0.16033794581887642418405324879107226983140650026621054432164121612731623864936589723402193797745422982
0.16135583814093521303558027996704345571096161138030906108769529606373766109237568613071030220343742575 -0.46285531331768960928787656812170208617181815211821493014891020098914908886752365768937721199340698886 0.052053929487019246064382111518527971998239412392955668805656326907492482610666020866874846379543564177
-0.89909418593080318726760687591812501536938875136474639424281029388588543826893705892410695631343063519 -0.74236516465678211597399924029254288530535864241618935599386713805544772694906882486131272046937646846 0.0037298739416010595967922423534561908158703843821548518906555687895997273433746058644355113241366491487
-1.2744653936502411811346553254049600579218131390087555226497796505156953944026955860730549757746673271 -0.043541313330669094444155907466109140536328447627805575347400311521239183300293338700894422891070277673 0.011252519311103862826269801842672962097063808502020884612181186801480632820198273430309489462728226726
1.1735339386255907455638194883247256176161257674190487269386488710561964178880340985960355278042431081 1.5615138707724369179414860422053567965580972321288665280409985246689334471021169372273351663882085554 0.046509433397562502222515740382785466060910295370961812346627577069873201090854500248887399805739823032
-0.17973971143875803689356579591341448067416424847538454909049438350760139693685033372550937574536859978 -0.51435635535968856308013685234706938112767019530314411005633011123145382444247605307063832578657025929 0.14805510582441250107301953690191698735549182537582886748256333844953931329837243935682571188077262487
-1.483509810151337575360098748010337347394389929606315185945906923370940157013371660595601821768629103 -0.41494454535745812476233407913123870932369442372045103394480649813179118536217284018294059441305746706 0.1091130711631605202073730835304923462777221142798332624259380595434377481713081157806356227784660256
-0.43131024908158495320059385767538829167607670539756454234424792579962138534613555153771075212437008021 0.14215444290698140822836872672161334988563976623737557623781931320476659065802092345141478534366379968 0.13080947528270791364637444530443835847522204747026068450056763215248678111620428389018873654471596079
0.36231475999489280032870875248918785071725076055290725611202139761243931906618240963889095510662832171 0.71642783724009823149617039589169788787731453325028122172590138813368812552354000875608129264582011689 0.12264245446160938907528319752076545426496846386507080875266746470886361847379001026422182428944510527
1.0412658844329241539009271632542130199859634722469914400884581468554862617681349600898890894260681212 0.91426059904322514021743190955579213400947409283490313056018849231177469537584162652787125183787607379 0.027679295295290949868981159655905310709113334631766763415789879391168135591302673387991091449767404456
-1.1614615270369214577720604521083024983097747684761712141697110641696286303405928847065703787235748359 -1.2797217747902740297348479215889930599506406232026727320024906996743702886626651077412199255177985596 0.054139704463422888301608895399482838781455122537216654134503032597149993063204107320868229203500390363
-0.13151227009086591392271251532930831246648880733846187227184666902550944786852053978589657121300254904 -1.2486438980037355113586288760613704304378149579196369996522838582291788758992343118110190008844185145 0.18138383392364479857620920440065551547306657335693917573211679251614209002046896694033927739312821095
0.36343519753624910422761704688781026502371812612508726762449744031238294063810851802879540820845612123 -0.071791246880662812123181445127982479097252627320415121648872434516844716403019029282588563530826676766 0.17252133173495536695651545309079759623423781662210743448580300667273035270270205095658757954252994418
-0.44690632488898179188727634691202207388605891933427248769742755391637476297408245610755388873412215521 -1.2985962068486268096169837945969942422910422457865569988599361067900353101686751488480471144666693884 0.10797580649477186296768326511228866439015160167753635089866851627236717922541526309524643033202638793
-1.5983321066774606340445470753237720568279806370536783883457212794105918663148172426730687775952141297 0.026084068001591054662744827557501812188918267564506752222820801355709825783352818758767707774980166603 0.18045241938706784749572673468228244096114388660972730784150240696068808473734201836351199941493092724
-1.2908379981526978034899717662727260677863026723701662118969554000628944030593039567932909117589900243 0.65510619310354761781777706052464068611471286408171706182161145475696172134422248695426021406275318158 0.021947825409886433503214753722304499987305132133397394386968056746700489076876168182894056959541602685
-0.24616582689795089193292465946525989342371272771536218004804968893818114750287686565502231177266268021 -0.95084417598424800560336400427478279121471984242118564650093904107709197731559893530759848864748314482 0.095578593770735796391019358866787667826792076761834598850444542530567835900150777506121036578895147697
-1.2468023718891820847165979780979679039939048305285013064319784782324674600641863647351160516843902115 -1.3807452944105452235912671142893262410782253230927631655397766298957958508315941969586508776117845236 0.053837338085090998826720265642813536018945570142737972300973192120025934284853448812608627522245845304
0.15832587513779408008841030633729308047565631998890387817055108150093068248689142648492894044924955212 -1.7319676470700180474031263087233763664332192657156074377228805864635160853326440248214788305392760423 0.13956780488942946842109531232570025987090502085185937469781981113511882868503170783375286011426230532
-0.0042851707930647568801608033912466346966007406391339848045618733460675571937365566686300042750088940176 -0.051707037206742765295111975942125132138561242076932903922054769848107935970222668364880396572233492703 0.011101362629306129260602154711649538458236888537429411890581961628064917010314215577337026295095549761
0.78803973940357814914513316776044030140572540539087891656528399618092581383837380787199208641247812472 1.291222228989324786583514521457769895972758568568196903789634968245474584990464754164689438003513643 0.054769789931958054760801224370782359406857528318944840784315659969662975693334664967822720889634689403
-0.31031611021744420763110815796921388583631208798368448532562311095353314499587417503769829219469710223 0.43884551157835792689379279500677971785333902121918881302314324222993827590368610954125038386603888117 0.049804233473197197995818546287767769482062088489627564797910985636295898493863953497417064549563120312
0.93627672285875264182177703544709954411548526632977340236759882593965838799185229447082961796935515186 -0.48824930016733914575100584850977793763995486675066121798392683209371950243988857803479416648897333299 0.077018229389232579663554709781227537991104754968590395106611485817122038219411817063086033664330488875
0.28144957638438953055205216030434545935529792461185134131018619246560177837497838892969503270090740086 -0.043693671171048914234226277644636104559341859548555925101886873172732448130313552359837398913004818644 0.15960122684837469142511626956890438708713416672632306394684018872380663886155450087553770974827595215
1.1775970727673132165140593906242844953668224696443358013891352725001182707563734062141027069413262611 -0.28779491904682102422000384342199810684085862335674315027499132166705862571625291628971458758917349734 0.072277260770363804703267384869661976366072423050247484664726654686720095511508963588157784937918771797
0.55842728781724164151984118268663658307313077390280740600034645114139135737096001251016985083469478561 -0.69158761635273039675560942118525584392750572027781384954255588023115246900562294597167855243614595344 0.14517140887470719790058730077801977302796386209167795471447589005437939180863963876498448932171050822
-0.17381751899058676745512595744741898979616735304481319938960630800577371827305542911396753799140818705 -0.15775654981168396826419617949726171812038767344563479328238849021356652285827289313191168471025632885 0.08687533585981176244923306987137938759830449546181289347684562836254305334483380712244419668770663275
1.5186162266629765494475270798659912301679205599482889508347758492332911683371084518361404779884758439 -0.67692380979782247604380363924481224763189629020036170768940602456732893912337791928113979777228694063 0.02597991546006665988410019547773511975983426456566793330288698566008690765752186600296656167281161224
0.35530970257460489861501662612157627805194049562498443815651939203988082470119614757572586433875618959 0.73440930197192965492133429400921037565015776093274241117791400415140488448609597650937220052701879063 0.11273001397984382047350300741368410910093639481553728998821844027807793479071901208712901969001379433
-0.10765412472325527343602999062902498612383625284517871001330639722092726957812960793807393766960530447 -0.5087691461381554746444332901984633857734254486368384686865738668777072807555295123488906519496456226 0.18195073380310865385149455843415171568745787733906369770790369486907772859260339313029901662524388257
-0.96773706119564745715514610407691936936672338338299735477300104812531923348169926836548698905365161095 0.2070344603454463815521565028644152487755113198716254014302165819670466891633205609736111654198642029 0.021873583378250847013566927461066268927791780874493426131117452612376613930180102907276744551341737141
-1.2903438914200812106818659146071932070461998338786101712825357441401767573284692298760068649970880774 0.75228117772628803993082487011389695007055799121704816874887227474834221638777702035814535487602288449 0.16038554528107764202272496802886499548415965643436250037819568359859263638409478149149507382279642794
0.20946754755364001842747653833424046340198791541248071714829684056230813024733280978793237936827552961 0.037312870387697496872373284803879339453480438146904393593640307854158246333257254600856462541694258461 0.037352429414424161282635324621133767233889995769128729215464005223950589277816917130245865683314085574
1.5557963280211640751619603847878672927614231714619762098928551851721844222595167116001121696788366633 -0.0062793916784538633418917462482382446279462297022817842908658837936687446738033638534494305991673019557 0.10873160863637161191268669789749182854716034126475384822364748089627191140111362176642787542713738446
-0.48020998994712953667850490161579825988995394466707868038678116242185884049850740355836603029673145799 0.85999843769284343412440301247893111010717132528436974741125299942391886128034308665068651430649818353 0.064148377142755734623209796982600928467179615003334001893897650061401872653571203799408660933168557958
0.9916410583473586226342361445568853527215125025958268345864660284815175598515260878965397564072089745 0.93709881989727756038616693311924265210550782294939110786783223164073616122813934664683739614694076459 0.20902499360252467427388821109103587480688781145645537806313022236840746659373261411963798301284626532
-1.320563179413182442088788188969574194822518847532137872232018057117600708342075086648626609614533288 -0.93290122133962700595033869480245117542740284597292994170765584993320437833170807859062150130951365744 0.053492669559835011993711942760863880266374831056604768420528173033234919572845133409508162858468251172
1.3209964853247140914159969594811354887850267511295907393461272328125360310390457710466297429534870641 -0.47414604005395566937438520395080892588333330791656292883237111909054229181371292289210812407716604033 0.07494201774270501347722000885771720039525465165170507207455595267509935471998365312933519591552536486
-0.82171514349377050370366514428432433975426306054335709491805729179362082469909736407214295485312907155 1.4792179655540182162594147794687587417744891157140668213679542849102957913344392714569682727418577958 0.076861107058864308943609584923465842264081416660050265066361612638657190074223851807540020771871538358
0.59885133000812615642990108273169213997691858052156266454452276007386896193079937882563999571705415719 -0.61276693544583062634602080349154822277850010313296056369331613119980710606218113346697411971438868917 0.12940489616589470533188305698335686483015653487854487173146805964671548985112271099217546361646530773
0.49875890966794286503464300190499550670714943692631761243474110213524528425279663144906601650364424912 -0.5485907693897440089476369356952234823322255654144557658810084485970655045823345662475172403320011121 0.034434591835166717344391019479338938405937421909464664856129628150740845336339432965776872744508674398
0.44718028285663098625637502931479562423733597001415528009954190295517281716188619867147819357085264459 0.13204923179303398594466492468481870068298477154390369233762502154089002952573368391408377092126935799 0.042435315601803205237240081041961913285957084306996943425679413354696606496400026449043624284949681636
1.7685895499120347707177413376550189050680436170295224827892888578692959761446300952792817496560234045 -0.082480789249523821124790892002504744110323341401640899516509522163027108761740359398999946241584591865 0.02505316747155115731994367071954083574033728288426756803158481981200219214735628481678459368554901812
-0.45302581957652575926197609388174604674787817696846215296490726893415802989295405697662459271041678447 0.61612293409703438065347127396271345563895969767161353769358997762296922518562063281762723880636988535 0.13946304075553994932039551622728479344593742571222046596588297954649516160207747912198139979275069944
0.091366354103994231189534118982590352912068458181588704343865953990210631961751254073934843743756083631 -1.9294435117830440797206902639937345260844858587555279278603404755855081817034626403862898282819657485 0.081009502824755195148848866495942404702791296015066845193944243446891932240054036293751313972419812946
0.18341330807540323149900510488669562132938231662743850000317492856256605601811749797224699921688280359 -0.6926999426199079581278276349353119376313666756127019387544578589845400542682282482412368504159896244 0.021750487059310780308302139530964540564784784114409156953530651226426404040067443612963075082851000971
-0.011380965001200909784827310325940662339304162330389985518123795856022571615837602535582583311628840912 -0.020908714270750211004935281619189650323608718474272247210449506669225491519854707139589985334646502957 0.13121845910301430770202315942986593390966343562310161831537506015033232602476268834258668979239232022
-0.10409441497808054195607425013401021215629379217006248226289539631165142579565141203292644805358621465 0.07893880855604596591421256615131144290153413880284488530657493772109301337208653791753722495518691078 0.092314496033194245851384436317207470202342938490733217204640435756342547624663681747207274994210561196
1.0028285788864169197906315085441366112932564220468555254562681285185619239164348973626458496511812836 0.98149892691966105839842252446484527717266148911913344336188542067088590816575048757054244771473913034 0.18453465578151338499037703056292290327473425872000957805465821926535343070674224153973826476611814759
1.1376535822365255085014966167962201052933225048918252068162602149709937458124987408169511402594593823 1.1703597332010848940627522358686267792698730488801407112969083190321302178577798256631877547590716508 0.037541022004030340412476801200985952708611106507221294319838307382894651959542412500318432619895967335
0.21719523183414424660357541456783107417328365916665368872456775694212420202139640155581327411238738465 -1.4311713951579263167881778331646733583556523658180213896670142084475024773583740157038749030454290626 0.1127897000111503695546719745239821992880511521276316592201302370752506746064919989975952618232087681
0.047452617468298712982606559938974455181960036065304563587344209929140741171295249635160395927699959177 0.80484439192796482939657366970270160710083908616067664462814933500078419204922507486598214329275899922 0.037811741699835588913265249597324458861484217042661964425947789047253988009722753878398322521232108704
0.95337354238599481513503654330725372466791032305272420396222122615291864800119484329125937683739384096 0.59997663108893370627782336705398064861876353574828454915035515553041181963803376096020893026239594819 0.1088659345442881861577803448241913873415812571880371372962259045221649201192182119518692848185730282
