-1.229980713194462395711297555009298918357686654829401876207438055686470013109114178037693975184110902 0.095874398206866540876514110644075030808767297264181971566546196354625949957598453718786902399941197574 0.094158159705368161670968109100929680868464312219259685118687244960751569541349767785019239760087711264
0.29844441992962863853330687327665454056695438519542047810887978612195448735493074793659169420355288454 0.24746504671068876601070200043412138881407723218376395475587330333670698785856099501384432321605396662 0.19018940633053796755821474586092000336768659198696458714619600860740088045689636139244489355875207544
-0.0079517129756783145935937321586504859923329590719957229642506463138273955089811721902483968099139666382 1.1670743393573266429953881616849691213471593202138461788382571160961227732276640048765174648474405506 0.007855264846523523304877212103448995752094660805598249588714764009216873515116687237842298489937862227
1.5271177936222340199354726422919138797006756053726510696525571285810744140400899117754719859471822236 0.21400668332772529567648175301085276804385901776451873821095987772519126556440916930680530168615215405 0.16688847759771407031076752021823367832568147260888679607392013995209253679232109466687019139508680763
0.24327694318112717350793089119647540297034371161434434394380868766643615000242262080228694203100252946 -1.3250792637909280807992330255632195301985356333893593618009014930218478753000575978714485154661787818 0.021680592037447609485707783584478447723489131214138568346788131178015606592666434404698653137991690623
0.16167934175363472642947607865280579922948724644339792023996201415872704209990289416942420259192688496 -0.26157074078713722038430992028004449889242892788336223914848448670323660962292830500079540280102725844 0.13692287297357525661904824886994908223835443105114676379684590865395891374635980326071663239432533696
-0.010148318943301306701247852221979987468009911938906416296112191003943215537666726145504449290067836935 0.18063557306332229982100570568750866930492921770543242551192462409849669074103247474641296483198401944 0.032836464830238435729212071023626321799275667219313797880662997134796308204175260787835583943058699351
-0.99876238931215605731546510688167440270486668406385402986616299767742728363545338791208391160397919626 -0.96819572184494064139983499042932912448109328705781239966606429803279693448249807824391159579076990399 0.186919134451317761173536253589431233092028990171267005297503764745708867261715395107768101651220711
0.4461259984541383796348963341817613945637189025060810051416420624228785029191039218745979208105963784 -1.7880486858035199356826789361223302335994241171239337224337470460090351252334735394430207493546198775 0.076215901542145025655252791875014420625249628012784674522360669313081039018834360338648220204449025029
0.3325778043829722003884443300294291784291805470527172986225280828386917088727017927736211020150805186 -0.36046087375631371009184783804125930839221421820953852932448300051507486665648710831841381561292282495 0.0029061581186725903156537810333554681374586784791878140588889401332547761425661087384482961305654851127
-1.7157115764763884504328530260128106109368603329856699525666920196234078774008476941983715809918733587 0.76459753206807313801189522909715703197032961925695047390770681155112620812294245621489335534004327372 0.034757539570357633466282465440065907099656418451584992502284637249878944270448492122444404850217935346
0.013377122959174820781386350625257904673046824773157596847811006445027055080848089854944724200484191423 -0.78261912711392948348386632279105178617154114255814039534291835543262141220876349009058176377009547645 0.16865448336186875539269288434792567913903797032226065772322187251268301112875668150550569083886480865
-0.76332052764303596794680126503267315448787062567628796328802980493191769836997927888665016831858435031 -1.0780801262387258005259752009992892173779781900799357583735535346699881933363404972643839818647929141 0.16317773928667987198053666550735841516487940831703667914572556525454885660143982051088313687901623553
1.6109795501184688771126367967981023484994024312096252481486768908742123519738658942747585518357177418 0.26402441340928792509963846119731528895633893846722011113837009551636841811399444046828183670809098731 0.097734646683484308483075694252595150417078651626761420497244396376115249952734929249824884744094422805
0.21893489553039774705351899785906745467620877626981891282820236901051236840695936640693255477170649106 0.31807408441290555777979821406226072761358569040553727007639688557388478840346660239477511394906973398 0.087212918307343126075889886523074130083683737478207264154976337257718792901434172082149205522939036873
0.328030730029803140866733419337640766791663093833558167160117531520601294842468205464460161547040914 1.1411817943999365598443490302266204214696457949257120814250878504191893720279653271214646548239068657 0.19913129673430956937910736909907757746227622640637397331119926854319132849109656245236268121402741904
-1.0912670511748538241843231698037495886021925122722505197278376198235199285606801866646309518192680853 0.76490654739296071801093409414027768493941462429411013660206138149720335639774423125716157025028974499 0.1073030632223954539459816353530129504961659492038471955458263627707561538452327330264805618878081033
-1.9050733942164878056409059227469734536529132211595889531123491586134159368914094615981239172726492159 -0.23077154211440196044102386773397764888338910371211133799774915310688631771061626372866880703062699726 0.044735032281767673123598671721713916563684163858890090666571313202171800357928706890880731824669326008
1.251559130411426469322184246589437372846769960900046572185506719024241103780459335457242908594944145 -0.5482276034333770705884224730038698598440805518252207713428241928133389261092836931384742938431506722 0.087263548253160763263964684387424167525586661142957271615547160336280157983738914855223343210118515843
-0.30220678102640744650713410396515947231402327242837799973563310979135698133269487646930536083422331577 0.43276360321705482540630775058314780698866944129024208482591254175113986018564624181426103343929436941 0.065979758376316163613548650421854379194588334280737955973621039627553845828667661350264045189811004616
-1.1006544334775657782057012062355960795880068170609545273887734763382052400909126812220830261669314432 -0.57179746083551426736896510787217959565714178322071513642154987171747849833691650488337180586877174122 0.14808505474547788725885769391302187929605238130771171002559894608573339270603279931581410684484070705
0.83033967256066171462008568725534290228297923451316491672774568523528241858569210401855741547058577964 -1.3132461739801873263709949074445094863927977678559287770222688687730891538868765462236078003155838868 0.20311489095155052447859577451502164516319168123552240656769331850808981729303732088052766184354601157
-0.4897871678585633878995542318547163666649841357253174605497120531468707385086113348318010936208386995 0.2226514147419370375554313725245576542657454793099680202266205755880639694017706374985385380277914707 0.015291525052014174273545314991219566637750402555041042883500322197983322255283268696564980302538569372
1.0527779142949344285017892913054528165431202042533639172246189539149508856380495572635426158572324975 1.2751749013355461924414987972476758219370615252974496090204504428986306043557131192019231821405901986 0.17619014913544788792390771147220768341788561111527695625906290767557927202420954110513982798711780824
0.81162517283211361546687390919273990413781302784786040865773521055558627410327142087242959511532521107 0.34386597481351715326564792849650879727238891345767011544091060801962754851710902326254253962645862401 0.16022586104051045643092256211482174425928127139628199135830691104011187493682952743815796690311641253
0.45971231210903116695421811665278896360262397136479008880253674859072217250318102532710362864922646709 0.21747065955413501776626439656741978443924558465084857905058396582324195390717039704657903499570030914 0.13421398769004262090345324888006145141301898030918075034449709820175693305310718515078763360779183812
0.15940183188933226176313846043082056840994515408356518203776074683684544984856895413291427219663020549 -0.36761469844155189544587394692317519662404979835484676927008899460775385930592183117565648247167273179 0.014161620648392392607690547107824024285426990996074228824780131019338593956570123317430962303359519998
-0.26936091488312245974355755293393551805740132077775553327625092194027141522582288935820666657841449944 -0.65742165554488843329287802577999282187891253377246602832984861976443397260670730343289983073860119613 0.11448178240488580739132948447794945276728022253350275295764894077779122004823171975990595219215225361
0.59562641455405289311775286369069915180881387213338660806491847842164957553631912887687585093851710705 -0.7574358113714700917388187434305307240642793690818260273133072315738767081593381225459738655927348999 0.063946819783649363786863970360239568237229364995786833391335827217733585767147939488929735609714114862
0.18954054541791064349256102133012854949958137877831996371930394473757189045254665756390389033557975657 1.8101485254125430610277508208743861274840733361780626641360187210403947086687091978838919273967744636 0.060960670548292333058855764115759749671446829516585911345412756025380336689558892313382879820439952149
0.76008233734022786328783705167083712371065882630881373010190948015942650133337746435797147333629524409 -0.64472384755534780599930192516760122540351887835668037878485017563886844156043504718590050999506227193 0.12907380096209981963031220602573352632903830906302350212025450417065964689200477465578280132860111484
-0.75779876319483617310310669061228637018712359277971083623778868733118058453909103709778067075319890374 0.22436007091399626347937560851000391101583501869200126611122373432443995760626963812250036327268295779 0.12110549644772444943840424118984866861045450366763134758083906409886898194693406461001031178982162175
-1.2273790938317760192992949400177877777641666926505981257015262721416226774137810962191133414876730863 0.37556151859188651801887078491817911595239584182036558776205818254899236328294337163203911407854064474 0.10640389070325291937515373928835915716199948710658561353261846624617812442113806911291362624256972112
0.93597876115319336656351032384219310630973309308579857624297995727565034742350855508095706020835185095 -0.079019978294396304342208642887770423558906628563814015844138067386463398872057200529804585717677579204 0.14705964454565326928046777571482811161067989308659172540680027724063854629900771253728316580354536293
0.091021189849041666465923620550540350446335578517556929341432449053343913311179959736632834614239388831 -0.82449069115004430225460600975552445494250687162318294088577351654155141920623877743821098893416334989 0.18828965868415575998056657111446449500285988473412113362580211348845588230790155203312684674132060012
1.3458511734859906176976694319180217544126429279010913452393199220111519489258431748234233017243818443 -0.84125509951438165604494909016491880706580985304662775763402733326338632370645101788665843219636997695 0.095421762018653769802091382147471104398520016741116248590343330188446096979576764753119877933993578419
0.059047365033548040149156713367300415898248960484074029207589640398885551258580352004930338605410228275 1.5720273338954873734730515259593452760842244162027783274386550266752023708216673575383263232778724611 0.15694739581897984962365305093647194690861165215242886478683800797089252041798094698081293880477958205
0.57567817437431811678976329785701976685340213293379317784554272914611160716290129564187511595469291743 0.042730193294551385978639928304714136305167892850655724042288812918070996047150901224318623118277175473 0.12733826154790444955799774240326153712034730410555118481482901113486912522252345393652561391118036654
-0.37183377597942887444840253852740759229389751128847299142606810056350460895248446512086425551133023517 -0.28168967470696389028564589265320741594475230309827590857034119463910892267861351725133741123745418897 0.086063931884005400188256144374017895983082451163504149214383265651374077801887933568483266521932758332
-0.34472034501767314109608304803199522881569065064314426310923481839844001482549573605479287598047898316 -0.34206240819639727946296567257342145936896366219511525602039948234254876204432218399803955505477105387 0.096964872388104097910860677212713064187972541449200955055361032568552030926501969372027022984094074668
-0.13472255882343297301237157498244743373078713788272858118067287473977580976236707680707384105323745377 -0.099491715072029537041501209493607722758146716880527624758736781855695060329022291419126726575945725646 0.086583350657673701356101074815003575513641918494443371956289314426928716464703605046435305175142179164
-1.1349945520616243112432791939011550869417791651890693891271716417887665953759899713505809669106743125 -0.86467342095158655937911377752180898316158571026536658414678726981829960107385039581495301313516521588 0.069407399504954706077517388524681998916843266161885269808563416745256562840257321826157969876204277785
0.89606519843605767210885126896784272392158982501698356965340769641264358080852740551669045283168401578 1.3129859329922388065422341969498571641879899619338184832210152251798716680452001812233128115016288577 0.19811074254714506191051052866632485271636353446501311332118032207807098294398629688400710522107036081
-0.6231432871053556196868525012284070628225865014521865100296392650195791550435828427527786235340366941 -0.19477106757703429397200140485280442702290174620745755019549734743805426269818660746711397326501834725 0.19586683549417088717380458473157136431791555338696053374901068787031286576385879523320016174878509209
1.0033421072114455650455381835303001851278908106362667312176360268808547776213298523536302929960809827 -0.48641144164530003089618788516423734675903728166292732062766271578585728696266489297006044511643669198 0.19550314077630871361265156066022705034845771257931517355233818939404342416007249290303954634975844931
-0.50252908171567152914185459692333234744977712038889418668343018664695478361678436559478924559786057711 -0.87195923278221357156312897953544219725653945963786620961545868405946499393753440039644893373977643439 0.19332591564605673994434643346023946675961648107538430294193474004782239701783748611741378567209230869
0.023399286493830987928664470398360495722845003735770490984727242286106871640818368045723953766007405601 0.0045614598674264130470535030835809961419776317639909629128259095150854066066809595323807013085158336773 0.029614631998454113876399069297789867490662885451283929968178192377935225243179267093529675356772166964
-1.8000722454337799797213604523409228048919161779414845965914135539235057717079138988775445542121722637 -0.59324214920318857394719672357500536516284182244187126301339430660375868445267773755650361250145085677 0.062137439145285738161226305147757424255977040685175818415486965255599858022382196475278830770189047246
0.65651581462958706894788710878057640647906364838879531921180293669717559382005615333849020945976047404 0.16590075427292783627931718921393745434298511569442665785379917498407522245195183062858554990802182412 0.20665321997254882702908210273884978393399245211152227555010326084583735591612038160067103094756612342
-0.017535843244575057560144966581962601178856388145231397377472366716302137091643185333495607120089145636 -0.05829599552711781467041510707037655383668747054625034599342955952363702350851938306460291441811140417 0.20744260911116674910730018136530434150647154627901915332943969948371826281951592906424625710125093844
1.6716979911634822590019606345557650409958210937097292991614383635813288642962922164678132075798233299 0.7773211229771310415321561586795964128388453920664517239051076218863726753057729150616943314932579824 0.17308075383611298936380715463897325712388005281346612315675443124907309793584453794616582091282839661
-0.11143436522542072441467953580693452808265138770300683928940900166589662143431841087430698963053428037 -1.9172560798064845451280452660986458260292560573647637872822602042665834232363195603678192792728692366 0.14093461378665794238803304195653084695489727947774621539188691437661282672958951661286004807163272425
1.1496769528055281753653936065658251851511381321420469215505455276926973141427665630108667435149464871 -0.51412747755093542969018466976661951245359918320841356817227539562115356065479750263057151574248776124 0.062304419779886155633245428302278904326238660256285613964810557346650009692170672768774599940493226848
0.26182271096818988862023519588020100550278409758433552165916350465768985884286864556331120489119619767 -1.6147355801834866577502463883157885351765353716979294478841894000652387054081607337671997931280985786 0.029615006249183999026427219219754876516311183991996360835470033795628583301615988338135108321322547973
0.26808585029423440480283921123105982199458471460143141330028240408655536339280567275326650477005730475 -0.59499671736126230805391660012148713981508142418807571376949099489217497091397203742080598195862090888 0.16547739111730686851517456589524851209835235857763046652807242699434753834890630719893873158445643471
1.3368325377791781754436598480081312453325807688866986995924305613524360735443082702439327524598761137 0.45518389006180330559057187367364067876651138908665690207324500025490582401277664558456428957670108165 0.19246636810001166951913254466757685546728154453387891367037060564123394425677599706368779030520519393
-0.81833352048677374046158983813370913206909334540476882280929371470933854433113573085993281424027647019 0.45401742139405605953106077495470882863714068213925283611857599439775143798135095579101631229835980801 0.065948432517437873934804129985847766927444819205059507521150177079552204540580386396194348267646411697
0.072188433101495022711575983524151555643545133815044141283020246413415179712159855687315560086932363112 -0.29531527803088442207777309942067174781497899429604481850675275960427587837562607073037731119737277829 0.044349726235127582611480998997133077411593970154104823937661616724752310849489995913053652061495852256
-0.33064462955554169237734432635416545959926865394663080403009520383709757378598530789173581513785212017 -0.43566098331009249628185609112136281793722992955441661704421218517647185944579782351987393954027320885 0.19282691847906117365827930266929129273500812649635247936374719425084060983063989606242762981598901111
1.209516252861505154945273871749936982223344387500803527223541146629950475198020685227418328464171865 0.079054299145822847991128253927976678937612234997255696021937743163608186573837648055527466323988782246 0.093927428671203079930663928901086991142077945270824548403570876162321890845220117599792255513252631703
