-0.18766580057017340106620068113908647633056886532995685399078154926939218198567663977064710057174707419 -1.0937646397461668024777530146192844327125608323445067457150908696053677900591267429394256181438370904 0.09715875731799109352567978325322332728146774486514631451283113704082897350596045834114802080358678174
0.8284167039563166747209619604435245062667700833123812967793085424914867216817640379004250072395311033 -0.085666424336931590025627464386777884778012907031016534133679205228930313699633444019433702554718304897 0.026030341703979140209277761510445046576954904722058695950539210134375043399186873486661373139210889414
-0.057561796114950260103104467353935177087989327897275833255580344834909253193548769111958800106392990731 0.10936041638939471994842045158118637823647485493193098181157462499778942012735209079918828608502627931 0.13735151111961504448065337178356758619350636071897630425122428812206479244462930863519335187765253922
-0.084746861975413178755921490855913560147326694117312496943108010501518321001243490354318902591619561465 -0.11640817614854419670754463578917290982003515239905908304029465332624515304858349378187985712193988484 0.20407845521706817506790237227347549869222332144496428494239510455963063140340332258468625351091310257
-0.52916214908792370719096721942290041669953198743337048713802149873455202205593405031493209171647021167 0.33527562485124464418793390021052071495237879761095098824809009611515840945278039208616005439219782651 0.20718461880212053215595420661468513590133375332019759941935295191622606324947478968119841085869416841
1.4749407936376166974315385019600698378122956086799867995314368656693395881001955294212376245268039957 0.052469198890561808393166238236337130382355076122360154866339703527296873507422487172852642947373484746 0.047824076282113699399901960858736690948224731752898721892952843307404988127630065027716207221496243305
-0.15668240665604702737759617275046475738006358054826511226647821531541288430141861200594306080116825118 0.11463660448101491503424028020584249596113049664502706868792510281760834665264528243079608917604547424 0.028627831602828730293502968681419114155396477865818981778741416474466367083541954860277135633945795122
1.4373782973423658025116548922613376535274926816472257942316295866414360170476038304143596250998114275 -0.61475181707594328054888806293304181987718559283313086607638403776412453676953849738057581734402689668 0.15746500694996748351905710476341495325979617302704371975277303022225796696300048436332118132824428854
1.1546280508483408637425293956848356049789230669919796320994978747666271445434801170084508986221061373 -1.414566077964914033226071289606078192072902072908653144528395449583842633404820690212195209922632621 0.13528775164778941647512321300299928278054923508431752482628419952464074789280853522944731177760710177
-0.67957485317664090373640229886205883135573011788486734003577958510081216778048792041436708537915992046 -0.16748691448395623597470636304409179808929715130005416076316144600766076071095442110890596586766618824 0.064704295553763267032153403420669882036730853554076633417017568297124105411523667746749811344236911453
0.97545474597506783745381707888304940281433223615490700374289482952487848184442648179544482679464061545 -0.93782758420008118880970697003028674488597309331204820987540148329056250443692615558465048343448419718 0.16886673574606181732957688624656507438045945903670993964808937331959102055585925676822782074663725603
-0.54234398105105317309075408293767609147313739968093045182470407756336634799171980859544342706755518616 0.79276880414962492235602644056367883889214536547155193557109307429039315995132169703030333826817048303 0.20327796774825020893662812871268897059113035892674704012930686222359079977388535773819613947169402201
0.63104203809100230258888658672181437145010233070765745378245078316662119468515972509532706939254845757 0.0038529844923372769506454426868304470903178693112257417336663674096371366616157662950856993944264608691 0.16910065002659775060977576934041979074848861881577422720158153067669876344811990163975965383332766991
-0.32637167879998537438712760773098013398280315501564261687648206948915981376154596604828032831074832338 0.59472604687481567076284631872324671211457487213811612807133098963121582991001915271601929372118359853 0.17436873350908065939035271092897346743558033974920649452780670702740043908008886491172905149136107761
1.2551044567656027164687557147383675216936172708550539577951682412511826749402666590837622762714584215 -1.1172570305208318750006838547181891684201789958623106421374667416669874502133009994481120202380768469 0.16916789280460008848298078626748480140158432202385940519741748980914945379427587611677870589596432763
-1.1961112432163625571383710467274160617285805973727494173976321045114857304284444338678171014181240765 0.019808871506490966615547048608092971614374230300767587567610858794886426308939752337249314757301527018 0.038495089822263136491617811769370036038635500780298897758900158807365018553583797154740230795095614737
0.44537211581659787150361130070432772891117486767183342292217179557283888647653828361815762529801894342 -1.7824107296397789732152044425622240354745722958668894756784685138425580544200169504919873346941248213 0.12548803989689234420528802656047132678365528229052822189161644486803875747825473535522029317913933921
0.92681262005223797341936594930673463914237780133498798221800434590186713154331009787905588395808631035 1.0799547989009007477744962162638554746172660264517721833734220235700397991370755400780155647443765177 0.099302780019553144182775494785021513265591973102456132284798980412328098703510875474085800264529348851
1.2242353744191014923398207398535237049539170204755083388416206714690750070889541069470124733327806451 0.48652657299639314210117080359469908100907534673911879508920857282508201267547582994785593490709250829 0.16275855822077406964113161146044015381921296894333745748210996816249102149923438232489175857518598767
0.29668543232777160913829626403521887474240729978079559438589948333228943626831027422283073108954590101 0.012317205065061938725457878721822410809107378064076183377586423245144498737881779310165910024429789372 0.11210851586202219431950370654369859700567086080301856583715308353535162672654239761676406918283072126
-0.07630602443875596105213980505051291426613297120817208034040725255022877105284450847486888982325897162 -0.26428552775175537935738880713653515444995085204929207262959186889963004086051686055668676972488924528 0.16322743683525519862633598842578312916483883356216813004349123242573222093448594706620486494887806455
-1.7309518316899888583520093191676897551969686003506990761150866887618664537906746511042899276007682971 0.48875040636756166010562280695322031104613896190070849220663253219458458676022482038782022395926898409 0.0021353866303553013966099302411847815141595617048540742316156648482180964084731332603717933267963442722
0.20272556869719019574252430082057032608885991624795167322175549046501453233090383776231474857235746986 -0.43274084959518568908406118774131636337563831820217885772486295418059221948580961114666688460646660777 0.08331846700158378889940588513192855893268475482619585754729034023174675508725158321381525868818127106
-0.045779288742641568829636329572506965124324181144092899433842353947186825505810194113045555658038141371 -0.98365958238396677103170149630288324632101535941533524257663240403585847195362850020596721263050687161 0.0079086853556346528737208999006084200028115194892301625740256561376715864049116724746245621061923271002
0.27547226459268499150131522282262400063789949268144997110706267399234232895181104353883210570532252863 0.62346093021550833866868640271506021340645895193070198141506809780099814775904795406787590316397258083 0.10252632633184009792815914496991634191100953414041127341414369106066180279744376339316851073999863307
-0.086974469737301298151694466882437395608436220970140911015628149350228029877519233432246472484322080196 -0.47893872089389065292399093652451220574407899181581364975616130849436446824342786195198661285215600104 0.15921377977522113657075551361407045326184706146553248483044546211683262444036976640485295093041631228
0.058560807875489476460559675129896760240427141876285767750603135581035839907077632455388943705587274909 0.58040859057166845654607832587130477671843186682117411700285652130021774665624674967443911854512607297 0.19282254838155219590092827469839434540475886242545906976453947660999313966608172989658964251939759345
-0.66621113794703370489747886297863253943995359312187849065292695729709728939430074147133790917393434004 0.6741013897540513049310637548085939612439824761255291419182753714586175354875926521170276410259994057 0.032609015029562990025024465541073949630200983929275247899213898384059137024853352270197730481470070955
0.53102150320101864444373285413932520021194265005497515970937701700003505976861635801084070489883850123 -0.16390578045823882132881968940992648236688558605219332692650119484992412939153134155711486296405521236 0.16613205923451218516178627411472559832662164009022911216587192927598210421363301569429633497725160249
0.77161134214999106606050819933607424508301833464049364142422617961847178502101065396303402541644360458 -0.72784568478261184442080914493963473457205593050884551887551929045668745915884136012101907835216902464 0.01506488842492415635781852683005097315592787869913545131409676424014671909743877934480833683494973455
-0.32220583704430717755630057513204295509108119043200851786286722696260268788816884146027545377036119228 0.28580022233921727472581823562720271683298294311293101323784443734171349580406298288739853809081441439 0.17790365048174117120930051928031227855164508850613363540766072314042091383412447649566917145804414497
-1.5720927495522699358887283041664538107217527414159344133384229855822161352930297514346337649866721622 -0.8577668944902840328763236319327885674700711144028818729692722845707320265771635819502518799158611881 0.09459480020007500939879297638127314711949297723028271836659694459032756120086682627452634081957104362
0.76217333057362722417220986035312658435749973362712820311464232519043803470515882720933792883033435689 0.46152335389432795099797075102223156851558999911739601618549518288031172907188447927695405728674138864 0.17099365329654150351569280785309944441659633957901997602824918255324101332815965152725753498645941415
-0.21294636360416897419938400193359454386384972826053797920597399266008739417092739129772055383975452479 -0.22359134866186962823976486564531114172979290272365259029126188969996227441155479336003069599597465704 0.11724006918033892227123090192702141231898318961130254298231214192770432296698375207445345185613318119
0.26602180178735085657662811520105089315213120514107602146078096060575346699339390412350055561843184114 0.84342486800186851676774743652931881971109340095909171042851976651121460101763690160775963691998077236 0.13356419001866531851104342245567732843168286454850292142558833117357869233925389728210486013840379308
1.6527452981579433394325170982424703110548838171587575936014217700586446754693491148983257679669218753 -0.24510233063825233834620108374011397140091837053909864639625069823689484138823872818430885431784727227 0.1372247231142143579862070530825227616335215484781088924260328577897755164819112712711762760866147032
0.14820835658232798709057519602139686192082886921703711161548486329090681226956663344125686231769998386 1.008151979962317909608686408845175128740046140768859063877542892200458828933823633537778321747756908 0.18663240193152308502903157466793297217754731735368779086408466568190668415020093514181000255996352739
-0.33012229554794958843262476369886634250367953173442237283106675688046738305917172765447138945489912192 1.032752088512713077002740802963235369439567527361498938282522127782445230887529640227556495429653407 0.06015418789726810848940025874521698736779258938166114482262517565491478568976407419801166205767583789
-1.4073017790381564603332882939307231854069691825277369276547408238749133271031089183930263245234165738 -0.55182361120607274605195436930862459111465443733728884704261169579502630608831079790108938552694321858 0.10649700206979596984889921393778288583194599387753694622440834956402384490358666233871432769228740059
0.065172996259822091056446176423680880442509783559696411236384428753945571316867924121837255927131821766 0.02085924335736052618513495696303360311866593928539479712167774966552185997003108348369789729748723863 0.13237474996983688847593990722132250116212350567312774398419946551274509321019662880951870744079975515
0.029606348001858001162061479349031935390874748222664173621632969172752251143668314431411071590400070724 0.028903195338417441263917332194813992539237918592943443314461660057252759974157996466776406759111155283 0.05272081361871505875364452621106148960467196512551703485858972987826276508425433919625288824612824833
-0.3659627045253247440782809661129522058417802723832295284767722848685598258784378255788859477441274812 -0.16029150443783014115209588415760797551154298544637658865933749901461687497088907394537356537478754779 0.045341464403835641348645194081091624704808718336248896847654773376726937074767922590997663785660310928
-0.045804590301353723874211384129062632529101873201169840528843615465361808200140006631745617752556402815 -0.30983666301162963004871324738341693298763684056363775575357029102174970116564748108290721662992541712 0.075707768527898309066156836637334684939746570601501532412667786271809890313759781921358767137602308036
-0.90343598878825711803195495982151123011739455656315217937165191249499941957117444350173782877045957222 0.86407301392746293840951259026142408338584255811570023210747989450172305466634102708247507574440810819 0.10040250736069196281994896891485529715185900565765851227301609755105888267675500988346782669490282732
1.4159285368934471837280961053026086612310007566575521972918246215753586410850396685231054512147748639 0.23447313324337085364387649364706683720315472791183582926322008337006865273403182630820287076612148716 0.080983601800411422275414689541993908165600379875770927113523252677586860483192425338131792616088280043
0.68654465101696033810025805222395811245566705740854491126433668573025309558712825160921632216462112603 -0.66624082696185866569262744896682866125662157149472014335201268247689397643640423590569172256074626264 0.19847346900331255348579195937025100688084155028402910762153225351127103756866540080716410742644613017
0.24183558477036156011838916819505752897118866832541607190063690170692719880960578467632777725777261577 -0.32637445325374765765047454785935896855693046870470696195431617438732751849576814759157335659414233864 0.075455369450928641780345227765991291649028244702169953724741142647751482727737225060578237397097318663
0.097268008023013992266895058734905168504003475883120707214748350569362597302051815983242185589136903155 0.46377009925356777547316498504944369821671883535887432348013858368326752122683801562739456708699088666 0.072326500969600509396339503162873559701279566083220935869943187319759446711000470761088653853454574904
1.1084057277610413890484025648996075342167615631444901864711405297913023625274734446657903919860711334 0.14749241988334090435486651752907653161668289150446969865759586128620069034381587488947345686374524429 0.1095491111362725398490931181848112704569908582387307389461521249281993483713743199930166060701059839
0.50741067089709886140510426917985767266953093182152117936688147525019777925541594189875401025853267564 0.12315651050260957100055107987169442378271355832467727206894596367718808362783083125291093597659389066 0.1511957697057767815205780855707538987814372178327774910609826096565600312216377142712106515632741465
-0.89010493519183044269968630175083342147836901326444060109672339331891477493722894497681276943799143299 -1.6862357904557985339074664102990305855270696668333656314099918781311591834476345005630809520992040873 0.16550353678395216036799005393612823545868982598019888728756535720276339062395919759212906864774541232
0.13741630882963367487455208201687297975543158274730311615878769037240526723494595326624197938165896433 -0.18410197970344988266710524475332427968243894259829305452475274512459431762966788660689522708383385184 0.15944914177496577445311768437172461126543701679760714791119970998814647368418858412158422625682496933
-0.15697149576601035700515127061916641617578689737653203007064303902447700530818178282236184886665030123 0.28196476314066669175237322342113403598227714153568218239994469567776591957705639035765918722422281829 0.12222708983543313886143161176717387191346734014102021316140515787786894846820276262461712358202287711
0.9795433298307610342432831313245212658005320682835094955792995045843997037951315232688097682948042713 -0.78137047961613744501583597438642258687116962120825289653969621949867469067686730995713798731683276068 0.1215815589909588298225731175969698448359404049379261661006178333265293130163474546388659522909310547
1.6612138055403682628656394197740614340688917658012896209593353955846166704334981961250904231544578012 0.38255449148424844715751624460083152725653712255725395442004098751539126422317490971104986274535541805 0.12306172145413417314299964953297259862787978264683253814045282294435165082541619162352309791913648065
-0.046372177232140705593904273934863135016334748782082381723448171526817827940546844967949499988092568335 -0.50626706755697608602527232182472447474688263158635116995685203127214917862107180463787059260490614591 0.095162214587932769742218742915380761513252837793583663730546393095334027686601228565270556550564530927
1.7721168039020803832273236252008263174562502433584176450940701425301182310244282458387644241379775713 -0.69480825989819855045485747485143498916310810599304265577698469608070019295794857786020057389003190088 0.082612562372313790723208232362620664124874882156464710818457928281135614465215470551912582507209305752
-0.27804595976896609571130472473160718792237386605277643981628250677406229216396702971117597471077061648 0.28457252716803956749041675765453047036544127730583975473633619513797165735515982744458440783260602907 0.10030769826945795902443572263243206039667482926586096123322934416480863776039284503345565636134284083
-0.24357940207995389399585450180808300826863296010984853611579915537580019541547037918624893282490083344 -0.50814977712606700367955947964172409494955838357893335703582358454648104744591020075480672288616599379 0.11955436020086654323104068197508827020578270723668544047547899461314538977318428089240265184797001859
0.61689503944086567996313535572106296252681741262199911207925375406039724227390959847781123211187958082 0.95164847965486341098506617113734308842009188008678541921546256604466830374886280567525919377267493386 0.20237065275940503773473505213486034670897423026988454655131205634979189018465002542258526347712772444
