-0.39307021518766576211664070088765237768043223702162723842160358256418769303883431738419022009681582299 0.30125637175693539292726419672333238504036049691134108542959269726522051822457267818635800724402834022 0.022748992495361540280494368639582177440950611656879987173292793978084057740643416869270599708280632918
-0.12686805626189272255360300103733094421166443980287414206263731651453524465953234040144689854987496094 0.28090543560227754423707102436144021601847201561173415437658304552695011487883646497982397860798993434 0.10698116233093999370649717320367533066796241124714209964235498436701311986636631846763571575429174735
-1.4181996972512469536451093158298441851852230309931834634255682485075391995138220874396373738657001072 -1.1551212361339691528964802934427442114434606834459025981926893803415895123300263130825708876311336508 0.074419876056901851128349228191127044735647520187219765327548417103277416929329328349177566828640597227
-0.449906897768047362460934194670226708782245942421951632869002465057785849730928198857180528473890556 -1.0819035269892546141594485798107070519041245856824104575577301917012238438481478209827563960046164265 0.0729114863725929395588960695546134295078561841558930979701042446199929379491117469687331656457042124
-0.55970687574438055784723835219765389759732910219405860089882698796212979128751112223268969314111238432 1.0701528811257841329308106000199566989212602846601289896152475239010131804106672499930839960937364906 0.19310379685368817753946748776506291705515418222365893806514387470542501341949642068016868170091621261
0.40352458397360276185104208447012405886969106213879323886138116203154814919876804204452592267530525729 -1.3628746737151137955497388546568511501285506419659937804776243065707495366921186536272517293021919299 0.14567619513414615389883366856555837129457879848408510470013529476801799481594784273469563546795809062
-0.55400109877873518363289973708836034034463989016515738577715041115597554675663298787647016672553357944 0.77632236524313186482284460118006814367860363068809711737544263205758184640891400377313672797488841244 0.086051462237695826478302524359049224977125218334860618831689858666257616294688054023042044866470663801
0.8608982201503857972761104247438535658461621546012778302838826197101335531005348920071361654144803885 0.77823229868059820267366046393172111349509770407793889133968097269878700677832163021655050139001854768 0.14194697439559487846280285274594327352345598417774695016546926960821611706419589147554045637264695104
0.82431311598648684755190714071695545618407800401940268782293068917232259806495844363967738842239938751 0.61985130236947779399220566383090218908596430054519188859307212925982382485792726866076735546957292024 0.069050884860617373018996413773162403836580265184487694076199869873455914937775329298134907494043007924
0.23246826915473868735786291154849988618076676169149782804785030609774135259196062986829345154482480022 0.70972172323671057973864735264121838136131360433238093117895784626069292961383940671096501039006408879 0.00090586847022502249402669737852934971879327505794868285798161195874231086594893656890509520793173677043
-0.77061379428678888728266571726051718822721324209021277163668833289039221794673388150797531700099915033 -0.31518666939508695827165084251267119184713810430751017459302514576889346186835478582960828104258904852 0.13944856734762839127498414566747943384337489885898075160729272406657985775384031551568988981109828187
0.043815327381535242831778504147738141989148354669702634012121862846770490123920586911482369283010517533 -0.095188912112728790482227072352844996278059002206767750391336574790099846378970315425491561817889504813 0.15684121969561317631127853413668891641052410839228763299452253037397590421098284829093128700619029891
-1.1361348233873316624616270243992077678817915301864907124817704778739736156743246400565901061111176819 0.31823599439123044293239721102336574617085004491874468396856227252753203954919052874559515324449410004 0.083115573594464322870557774497698020150542788621326446151655937140226088434783397500983741593528734566
-1.4188258580620143291059115838061597544560108375144378283506000389077292475757641361731323712282531739 -0.8774206532542660741623679877464615369633181333240721878829822159647963474106140511025174691781162181 0.15262375360889772238122896744088893410259345232102320073958030783081302878554870995892610891988834139
1.5452413815133461403315424528748527613787918559969340077717283897883140697057871655254000797005968588 -0.89310926781837475072176669646828135073403779792428929930993746139381213712587419964352710860314341353 0.12991304524259821148063319755056033483683816640258165479225389402650513872898810427335411558623999199
-0.23257907200842575041600023854295777339474069649688897676253380212328180163909295474862075729494592575 -0.12902393071077976275682393596270390919722714413370121814581475382076565758720047429543102840165278316 0.060800532722282586151153404320959268435937449424598818073117174135106491047166934592724484799082591452
0.14293130412968638858688936839953823236200241713209088573150609584384189626156245603599630458006513498 0.39847404901851521302934028572320302878040618099695555655037865323958176387300592290948872048542255347 0.0173883477792530553843832187792179096396616543193341511485844303761849773092995161805206491034696725
0.18229646740560575871701185375031755167739311929029304626680990266568060065268998817988826979652480722 0.41772255607453439814882601725608829960527749230750941915983144058475272740937705935347296638802650797 0.050669344383270388632188608461864973835715185952747035486103397010015259878118642974395315737743129313
-0.026848065188837830260848663662180306490322858464683855603269492294233452924789179142239654485208498422 0.095636311959906511507373885989430627524122269852112643513385928086173125003445634537740612337660029888 0.15023128964650469051950993823884176217946605374151818830840269979347672515768268231814957704147026218
-0.64837458555158696722976690388877333722959455557410587900243172334316731279492836020603023199403612036 -0.48121174900489217869201456591180076889606785153837648252657518826538781588005801194276648091032142739 0.0091290816786497872648770898674453539689652943396035390802026974757152894787321711626537547678568461035
0.14728636548989078210030589588079173443330863319603058477806839781593218573573690185137296201361861583 0.15578019765506675935250931079804586639139999540822079659362137687900170360884877879569888798968097819 0.14665120260178143205310934131330041104168619123943680930228814286131336451394399463799001921946700687
0.98816369887579939486056993450265458780639114070397768781534286699062171599931521360367089833281985066 0.77550539521759757988030553064840963708437529577610661174657468972653652095104412808160551465873543216 0.19674025344202744083530894551641658502330587463774392362417555250124677627024591214713667188242070221
0.54408177080047961514306083962854075047244787983088030999816716130905783995238218053722968442255091392 -1.4486312202087376718445883475708087428709193024645848943036165917600837178059066998246541147787514597 0.19038668987632205708931652581517602795451409154030323082109326031630249289217588789360789271991263504
-0.24298846931982539319508701663046241342610260686808509747108248439021085277958329833739508587480769785 0.15175986987978959770917274112991635591987325472111322922637882549067691830273468614378406885369215792 0.18111576807840275751945017580871288180235234895665083611360060767544770937183801307437428690720953754
-0.70939213100173069361911385189951119258999654857019526238064931271076288044254756545108750964438909177 -0.45335743191293567376911317155262917145323769133551163034860037798860082006842145864400655848390262919 0.16185773899337225483368279132266602932701217212777829918685830319187869689498758143909028828176470301
0.0098138533506933647708720864906717614795734453108925825265860871666821862919320798071493716297419154669 0.091551532414780649175853236489700456886765772516006971521936961204277201256324290132764590222616020077 0.19025846904904779315505878913307521418958529150028045001608062751872035761670746751333325017087688482
-0.030837477540133808646305003034653030243844587623110691069050959972073080073593259749219657111212241378 0.054157905930872580598024508309668650054158556744005182266308868532637503504153678751172941318103514315 0.00145337454134739367876250045330615506943463198828442470363202255868091732678352877887489026314629439
0.074449804500429687413922484390302766607995203409620327918084629040752515048031318945552082386947000997 1.2977471500370085100971229539315537750921331152188323624560261066081455019505260449145085805976372096 0.15854012160968438697375473142645069037315033169898682251766645891999165774875085037956427180177348467
1.5717017385361409937780312686386918015801692517775133602094256121125326627530932310478063934153646261 0.55323707709683493301793344668729351332723642665219718130424061793831892159272351413560961042169683928 0.079667896399491842057941515309208783547788954724417492054572053063555666630122643322881901614792724267
0.10627794180926786655482778925007633819860007055234510817091186976910042461594520290251415151922079763 -0.53330125621359038255040395664690962384091483133291684288538298211543303523798751095409462230599607471 0.062015158009207021865976331418400540682950646547677578895420329154532686005061384969298202924408566376
-1.4927657200593400459247403062955452632342067380696919408131396449508020648571403938727183544669573769 0.91663407786682859756027829754807675556010858984903419337602824222803155976866092222090486673556968359 0.041379604380285778059119858060415077803743900558398994119921244163216188553773963535151650309187892418
0.93660595242415918029287093960595130654371080166481539489444204621695887091563943228743632074373793248 -1.1437995694581778202530168371009263667206225396423862458873875886069925333240081821519308078392414799 0.059321041455440809155966305374841570494350473018464564634494523741931982858506899462399170672442581253
-0.061685801319283459087232549821228286564810207629237686571347333050491019054630022690588552288061686725 -0.28774717412381967651038756661358830159561922519255697820298004005917730367544952738858112588875493423 0.024801514405127850245484149951400490938261156345605148540760222946663975902433266878878118864453917128
1.402870765556126091747388944727881492072171051493089425468041508922207507661082314288773262087161862 0.23908266074345555497392846507183627937475707075744577861932130942587871237107482303747523204224376277 0.086726135224757345325708081700619875441392746107722162838816338003575518875324904303433062588859424432
-0.60856106217363694467452062023455305144738267270578760804380006521948168758381388919607909823387101857 0.30504937553297044047008345983424221862006059715764023694739891015508828081186257020821861654889862478 0.16776376453777360688489888302375878773957861089023885510493918353761211113533048785005955380978728457
-0.042477614684719034629887840067928487833958881336569898209203424664317892562343393843121394594125569225 0.020003691305701720015648015615188896710454517994575007027275476459967716305080577510293700034982010489 0.20039244018852975636559468100349322745791708439679725590432457634590933217549124148763059700444890869
0.14982318896330723666001050905849740995674584689283579455750366246725419018129946588729471929224225024 0.086190465728111691672415982276756456730484132002935233621264262210928746528849871589131745696758414816 0.090927760150927536224786718066484235991273635155840056092159774010672529987391315869481803347491529348
-0.59949935352043846539610434620985680210405334798983990844462088759620501716498177780217959546705326414 0.08814182230820371679833713747592310654116643494947642201223215820530307680233047247698630925690209473 0.10733357736187653166399253406512135490515808044912976557383538788677815780565344365755448727981664833
-0.17270976365109993178610761495465647096566703115980160386924295184386501314680942032902940776446005444 0.60321767690914495021364482975654614893132694282991145953597688074766058643046622902864524052676123591 0.18195419775922278072226188738347000180759530637151553272631790598117811022962324846322093779607691255
1.3158154138021421624149475504900811152778363952559051490240903537764481793434948961101232574978840883 -0.43764866780006012974628775242613543602668928641413287099116712408005424163767170472284192533555373159 0.16811256789556143620413147665986165952391125915502636954640130078673821609989138396946107942155114884
-0.516886056619527791969575533478104251923655122862691256331314748484642158935073194306876032233902269 -0.14137046336676599366505824079714822363287341569827892841096666100213320043809780719722137559898547099 0.19405394761991097540757104959935612326297303639714167108860311964003063144923607247410279582429019511
-0.73609719699476016755749561178257466203451628576363146585808306868720042796945261956857517443531186122 -0.1203893244165932209136928260103461626540740110374907868064565904620078941828690596951518070984538937 0.060639167822393809193600866722545982571284294819272132709942387800737741911016480546505565290082931381
0.88201568646460484231950867761325911120221919587163364541260291681083414203558797353081756281028706043 -0.83778297848854359228964486973709804503952270498577731015125382790973263247911623913506581929940078603 0.034369107630192054483264283555130597038850044319447241022925023214744319862017432196162443967129064882
-0.15232459649508625424420294813305446033197794109432899811293972738570088203465820699456434616996414112 0.86040273759211518128143200525613717061162381125104168478708615020619663572796675871590581877096424393 0.1421789524430801429863302578654404507014396491998581007961038372738545958104804432816422542564190719
-0.65188257558285343765933925849093311885067287867501474502535427720714541544395723415088664621921830693 -1.7882751207299796657040780632177914953138138621961109293795543766897674309667164032050509365236582576 0.15948314387773790442872888238422138141973369262528116885957670886130068100794068864984019438857486709
1.3845904573038389790090237968859874800055281129221327648117259095503396650670849470891794936695789515 0.93980565030656380629617542498477006394856918357234281882826809852606495658627388958244270301260312918 0.081974996447172489789431662679875171622007407065957161001410416342866942773962410355843689069746146121
-0.86905703618112290531041356099655143488945777976737951188768246599911605565836123086679072855193086738 0.29133787754256671634643571432495570924966293008187053913524764285499420251369968213243375986898294892 0.18164816041981738135937529723232057608226458973164214755015038964521683447955485824695922627064570475
-1.181392073576198778749348339519054658619252608658131373606177577787752467479808309257797592983939935 -4.8735349188842149764505268310081052660274902036266450157084111703535669857064320648378363909158098355e-05 0.18480565043292029189062384134834728081493797552438246241688951431859454776201056221177606530082302392
0.3651585663229820730241167787376729669775908056976511121162691205940356009337696618611194555185480698 -0.91175277129095672314327148097196846355736441649262841754619874084367834327699304429760942609303727786 0.055915904389260738234618199094993730616898191427027713204270157272373123306486514312798569157988021817
0.71176097904978747227866976632257729956495643500114392964429994300650333050865464604793321576880112674 0.089609816375855186016868943919134229996102440333488664881696435494363494454002571302861129669422338037 0.060192586283252494857881172793157230000171819275439657941143888418604720763235231323632346656854482355
1.2816620400562792879725070384773188233679031960075502101920291177670049202311031361535522077982901113 -0.64563706872219869234403720340018965253851222873481798538253944231579123896938484975716094561200015463 0.0019061701710923411162997181052820332350712272056891562888736227424216686643434767901243472005706561764
0.1327647387517429044793084478794817880784394518046093200353367809008239626617756770039901304343466971 -0.28020827940306007138273917192870111129715966182872468188320500755672470223548694997046519493666036852 0.15309136380964645492645109529128815950531404084961031016403831941118411351082962608929971268080851185
-0.68824881804671961544468300746880859304741734560806868354292370611165758886722532067575843771047839919 0.53341970687625017498457560611309620538253992553464080125093926557383076972482046259785444834210652506 0.11581409012763900014863525636268245801317547912366090842669610965452454756792497683480631139357597918
-0.43495160976090131911279641983200843688282924453748660609547866002438483407169492337764951144793304838 0.0835394684049255207341996583708311859558393902745582300523009107279110564654969465652676156422508282 0.20563473964549340885289750632399541776392440256251780192039933356598175282926063588648390722614129464
0.36112166055314298593755298848750663983489160313455217591173157180032815113503877762745400373762171556 -0.019136747023453524383155592885798796515270865333595134824458912702817132195944760098985385600158914401 0.0028843793073290288421536448085681239306444153020193309375530442616202475532811029863222599945945114982
-0.31758470165372950025563425961107268115730175246305508412258913219242715891776183267896140327125871005 1.2855870485812561208738963709837788965172498694299701118362198750720210527590360696436340765844542517 0.1193890555269165194851301194568702652846085435385223150025849041716182243523800152468116457628223117
1.5779887151176238362158180379598092090405762977574467904788904373055671167684974162618532791819866786 0.64184281242590024836920736285693915778941454944538630742821925291447678612400058319874265257130858631 0.13226978227901338001499225303178837183737653389800825761975898813357047807713814569766394545124956578
-0.41075528213550665265294888548729868978904251564218883206047515549945199969660144283941498572009040513 0.027492862207879276671479871519344931931842938009396851585532895436222362538089185428327691390425885518 0.18004352578576804302596673408488629305811536137832195569841689639329645258931186363145120906627683096
0.33716551308676705454145362473885593222434308414112811056352154376592648762855612608754572347351320867 1.2622070804152588689506665466717648434890809076009188474561049190662897137103188984143328816040943628 0.18956191771118257444265845669610752929189911329688219819126765295315264106215734847883333799431944732
1.4024916503887977944840331257702178977591492589568866879252015326082256328327302277879234996478757526 0.82466486257943615516856871768784615693059089018538267236311427049867080877094129143943542121916193609 0.066367046719892213001471863000843987180899122556233367881615094740170733688105900112632626509726385058
