1.7398471715713760458337128443204738320874261952373158281448904399621082556331881635083430799596291245 -0.25116158081586849500591268970275530301103614572213445206377454314956798837226032426992662704613002314 0.0036410342055043883400834419122658053660472698661002278770120149734357361522658150055470023456834600801
0.32437174676627782184196910532690645740814918826543680907926218494591741576511701144857476253258776884 1.0790793532708312084075822479291533964936351900163403609271267539069127385429500171452494312396654534 0.13363886164946930736257439222668876549802087215518972134460532900484094508290163006615070345182398227
-1.7475672797818222261084525763171144075572792465712399537657947299399945601796804035222760341583859081 0.55897350777748786780331639528869592911832164712517136348160636501976906887387016926471011405535200689 0.13741284469383894060533333863426738217877842911696001401637782904189949003576725894199907212251926603
0.24038677787962054300421221731110573008404499935527468652646020268155059361422869756891976888989196243 0.57667699889679922828896150599832617483386143750213873736253241410282003128397713039635507850910424217 0.1247721812277693181646711953686798961200988940250096954510346410029507210534295098106678799729808383
-1.2296230999941754369444872872238597759863734951287063481107969198399881047962503363464935303003279862 1.5374470602248305069708466999981991080111994732560505554741192163500336114868829430061144772076816403 0.097161941048423968545363409720552194163992965269072832736597960817620274086037534511840083897693365564
-0.0019286029288344162950051699748446625841967328294410335681050870039485214339628787228466311399889293257 -0.067343219531763798270141783179331170012773166464399564463479274450368166956243893042643944452220584217 0.13799980502637656820245045530757674862460621148475935235857759406604238266552879267175920496809684096
-0.34339142382497463341788195757429485445718788319020717058922949062227863365490782097849205663981206081 -0.067058665689129106753432454853113482425668284023212106954304523839108813567029739395016452816903419512 0.20096207003911500424406181716678648088191371322619222140553600693725723862499690915464230431661090936
-0.065506029575888397536689494666877587238344946692198142754454734543841421261536862447522541378314246191 -0.38738924891453922422863529137752918143167128031362508345681895474256211924691349022969734832183896989 0.19255435736875011071731505785998025372360773078979997805088378306313293830636832189282438378550578116
-0.76977024446568957497319922223234387519103825710023628546001920265151226540431467314004445854825341973 0.64949347557513165929550048907380941379473382937207535293548355091335261848022613030845363177156269552 0.1526990339340576173398813504018332701437400203330716287333718606350679271364407051559321727547438264
-0.5767877778932092152312790431803016517408808567579617889628514775306755251092189584232445981367720599 1.4017960445025067776252571779054066340377766140269708021298747137146976000245825548842985334665637322 0.015196311748587356427215879512022578928491176641769130926090144730177128421456205524975433410057643648
1.039581395362542316254314083362070538236529233622779536537021211994235370273171584231212303325923996 0.88965321240391081274487889369108329330219395197259909491909430650465343563820304510392148709456882463 0.12655774735402891978382505265199113006140125409258914320407301944926916874451530089774714926960252036
-0.89845954635899238655166056899338655530733828626160053332100024546076731684506999665111602404924075152 -0.16227869993248403849322059909443098326622359726824245234269826305304819173657512072013364766722192412 0.1907275301150975265204896169393465989654396034862447785265602923039493939301449493160438925011207245
-0.3019152117174940908189689367582368077795381019147015612241766104026258735542402674873280060181019994 0.41027990804750005850625190471485785966158348296918381109373168320727679603956717507582744113460387144 0.15290460793896795954598108858401207540850272845075681271164848614232396795602121872542911276482945386
-0.94084545124786799828267329591899883309260765918573354751570598003828827190926349435319837992024459077 -1.4078660405749802998960444227019847420330176136120244217301357044251675626570576943734332294065786641 0.076501405982500135682414715239894333207526983030589090190520610378414582076540089300069134304657906039
-0.60988933402587231139276031645191369424118348135605902772914219029268571898946799670169553928686529594 -0.44695773774205937372168024766265587954539204346033666117213109640960252429172858447597755457457350544 0.14879984820209958188637718939184366383929888155067002300717182008732584137389572274384574241075032381
0.38263962344254161312097542548587636314455857550808901746645349273274279765045315151435269526203117981 -0.90076536575035413980505568595014058563879362120592259486837523458466059590463434039016294713593581773 0.089411692466701143940752204445295316079080082532722699264897584270778869605852260592160675405574207762
0.051609170174050470744310376001492478203792181225926306213881315811508406502342756483292537383148056444 -1.2597594455137728059497387096348579833013101890307745670950001343284771883860813926388740872022580436 0.013484821164283595108650372483959664329322520099338036167208973889068828233703066750663765129746324625
-1.081095887330802684038033831554155163803991164764019912605174755193106333397920578513928606087740738 -0.14409893350785504945426158308104292230618689750212800706709335205409726428621226965123252830030166584 0.0077937216433939259100150677271052376894377494874174127161205936538201818027881956751064820180494527986
-0.93581614227967521919700539187919759873421932405935376711023742240722290793362790431683170904720154275 1.7209744821020110316549017110407581861254967014643316659864912626857731069471055255203800502348927293 0.15356013803201922054069980701775331490065759408296981563579539696760598515489553488531655813323596494
1.4293259553326371889580230449002226550785588979562766982722244433748750769442210955280190615236872348 -1.0101972108048956239937903369665936089373650114177205967336476368380690603631504194274698925992793794 0.012749439182877231477294614986174334827672338129002840509095392788413961482776380094008666252223712176
-0.10787801212022414589256318114214978947569365076301626857393734862614119412997651956201704968191780957 1.3475178994155915768082800496936777415482593194664551058146229120294542573279661326454435930920388706 0.18769998949311680969288870645461651160415816217940292711688242628562970912117730396023984286608558262
0.063180747295333134068925073369609006991591605305796946474435402288233689495655358780590767242448751071 -0.16440217403440264708073605048321792919589985108429492597189343036660641153869409673480072720672172944 0.042501963640943813582407251742529947107828732684185704423773173292840393061079765278542133668739642673
0.092968454866931595474114095251169307017534475056317033078652274163792475634965624930009251018004540118 -0.87954711939887998253501637412645395134086285414716927063340128460133069733467498471981652757673940086 0.07732662649938258363248727262346518026859151200414017982286441466207710846820950712135459109769702969
1.2288812099400137358881887274583862707082639937759314138555112737526833593989374869772456323431530778 -0.57808561697261359615432766235510432267637805932516172000220537483909022475523094452507610521213612258 0.14661131637355140978355708304117886471310023618921827750611376605193868799126290194367437912913024975
-0.59353126208824878811582433878793624850890098630117963813070534751651964747092235827450721967432573889 0.12240905563219157803957828131454177143026509923756976169805474198115716795877217323986516545444066316 0.030270422319505544392976922906939625804807087504962424390353110948441506827834501075024784636986642321
0.028762732762198841175179217797531169185435284878283342712334427786684860802414550249354697053126310051 -0.60561219211797892011801053522846674223528478763526796237893557529944759239342572016305012418888192689 0.11319159576970572978028202821988545188341254290660191911990500721454379191555042775645740106725143938
0.010546508582045471544545469405704073212152348157291072161241600422611001682469291368472543426410688177 -0.0064907923312048205631768180843523304829225219771102119964942073094688316516894754205084392230793263372 0.18982581655890293884980362550187305329625995606161389431061470605567455234883430423773850217278354622
1.2934998950400862694382181925123931473957432839987795301988680310520541094845294361699833539434573812 0.18137185495652510113657704546739150920384924876361881234433385413780684761779692918584564233576441007 0.12920448975537978080929247268784937309370691306740526748553596272955791491972689181003145886034421435
-0.33141545020911238031881738529327907203804272323825042261314917504229689131761384101396720645764596118 -0.1992959776774509960999326361502028222457154939124979264058648066055769350446993014640820004332932035 0.020680051835350939014173913353983398868640080971563201218660394528018147339164525041674826364957888786
0.31839797977768490076733656192955861902120196913742785010689829331656007177296635922311545872188247288 1.1677316013265689616520631038600031829943004341658662101029746031743847956413033921604272636603780066 0.080274742445818595249777214775243754523689581826764062550370292229742545958732357077133024926109611813
0.071364594005327393940088876596437275564995469011976966689915186257402227468369076213483703376448926158 1.3201550461143954952547060647692377406889652746711017665292984345604657170621231274166502614787974764 0.17063804548735603870715053322600995334947118083108862607882534108068233484260161504497474050138915082
-0.076502737835850212745797639955065576099036436232585831013800684827659035236815293498625203063166656492 -0.16925596332510268478789203968278099979514972922533461685600435180228787780189654496164863613949287936 0.19188083727606982223785005589583539612034988111571830130387654062549753525312439638905201392781068159
-1.2292895599823972153227875305334420019685373213867127688575442830188976135348349773746640518748718416 -0.27842711262369645629270531834027173901236173039688441173180812345070372835179791007653890825186198616 0.04717261187867945389385325727612136795733141684364340653636349630259786122588828495690390001958673073
-0.14346087722522488217833545631118379468480374273279558542503720889079450838304394250173073791073364788 0.10113960279927474864758398905803537450897037122417418406999963038156746987132634330041091970165510312 0.1330247981456183525258724276499065342799254078381624617712911587958768261049943749055887327441349284
-0.17304196110757322665260611575957852867123122893283351755885573491118208736791212317888959204151660841 1.1225847025323479684600210163704546608605573831335258708965922293984598026583691119932611290225896027 0.17814460485239743818362630418250269071135511621744642094616205364561035107793237218109475782145467986
-0.5375898066185815918467481487243031339845497897672573946080856770751553454692693158869953442449114479 0.12342279016756901741635229309310535177178997148197017499334376857482796302374631701218762122720644276 0.010774167216933456484745405127999049205046996315018995660844916643201372333813521921073275990667089174
-0.64627320337821677882568470706207929404008882969780154041534064194760221643898131758371458336687158781 -1.2605030638850179246665775239335988955006413729908235659191476109968719780326323453957429453806805422 0.020492266049130051979406334552034889142564489131606658475496820455841993444540437003404609300031480559
0.28375441254970450197090775721788630322413437261529598743755730722398697555674548061380075485951433419 1.5579931708764164627605262050196262017842198408012421335211994003520157241591886415137244835449697786 0.053430044155663709634556574329803507699292281127166146462110701043721210672622684684669673971616374658
0.65673963721726677085647290127946733707598684768371708219794099166264866399559787167106288347077598504 -1.6212235533555620524246512788270357408616654088706386637214499340420975629592327656119114069589120486 0.073164570020926372663951115834096762056539628674326870853638827164677033912586058893406596076813188256
-1.4201488140255574708592661628096143639942938079187662711971804369889358251447363217053208372363360553 -0.58003896938217836899914208599593424832963609261075617873013944631365214428758654850624036449012168692 0.10745756025378490178256294033787608102918184452755398520135002898958594005775535892207813571124050271
-0.071659253692635252648868613171355973228564433969662763481151508849257795085131174855112293106593902683 -1.4009793238160925850782439416827245648919886486910913022373469460689871352605394713129654229336464823 0.19814614481759483611795786411901991695620199474636098450591825947879165606145017117708262172824299038
1.0832388531853132945104797324386654354667070291899707660172593156913914363066075394087078656388865601 -1.5727595983973323532197794245127220309929260814147893033346485747489953246612180831906496327460487476 0.14348305579621605680940824040292858126881641522588503595788789944965709145577837466023070300072025126
-1.2186200823943110183990654460407934219960128560052524738689373514357137023142287932654881051324965105 -0.76880729095203035965422440017391466213199711414751109217326199476508129647507690278450819204770538575 0.11464566369000041216755273312950534255989292144117350866819310920306178274024419869070801086941325145
-1.4084220612393071209262243761281853008736617682076016373014097490292973078573119753350717541410228897 -0.74631277905661102025662843734672202776189502679597199039908837737052902584432976735887017756605736718 0.20738996921137634954062251040600522160750328822328064459795009063102960116829764864703170149010441584
0.24644726099818841373558091889547729744020959654134790785640839431891914309639280145693886995373277909 -1.0016376972453688622217596006931287254447370730452865671782015075383061254827474634198437993033158285 0.16699972966106754250884883284441309064340101680663245904722653606712602382614510914539983733778692102
-0.67337554013333685942465761726648644806344051970698492174156138967033020453869480539121463101892700198 0.12962530600822159315219694643223734947387802120839477329012499964844822860983425698831630835849201799 0.14927205481879652506596201719168395381352781590841439128334508957292395200305795922845536713409015476
0.32516674447551078896030119191583305975964556762704682935949663285342595154033645968801495111131883483 1.0390006358545304358762497902026103989972632291397288196357476707966292225307946026087851273349233434 0.19848755185108139536243811492742968603246952197591247066241506282629145746735246580337227156911145772
0.050215375755557757708939253136358813782934633934904159309542978002525940670720294234372976627642550544 1.3500653731091054670626459524216254754182009898403954541711869998327339298165590202301599225109480912 0.1639673084827013879300753301598682328690471488322891761928617608279531004208279238390887009390707869
-0.0053763312366710513257085704590094504407692944597415834778551062957520917681311887532529933595377263695 0.03534204895977680127425826084225475280807012616789680814197809024679083696142913752881543774015367217 0.1371299879962549564107312562390513683414687477390782868709693511770196549153401125693093601980484827
0.92479248507308041534090972044421148976945887790359069483756672903887693377640094818721785645617063262 -0.53187651222689041850885115893848602647444673739066465721410010408829166190052401141858456677171802785 0.073270668252558113140207842799971196717911416193236644360671966703819413548311114846937580804898230885
0.20615797767671923206982460800859570325312901769521373412149301611394336514336078767702029775728082056 0.30489328172195507827036904896927205858492255947131229119784915614722010949352250655878697035585416109 0.058549135063262368796124746541045425659132740040021445285930228066741797148442993079582213321603130973
1.0793506046216423147572541125272167780066517365771367569528968099966448988574829582910469351733099515 -0.39076117189878214301814209363076031708150219614734567937251751966716592453307241711903432338283486928 0.10355462846690629488037546443442135715633665665318194394049173854755562259869063577573805378197007178
-0.3494482009971978103453701722980211472240353412203369076447241068142402685718928831906416852348065443 0.56983445298108013902893912905307925347879889036570014213142609668109477922439623323031256471107441707 0.014920491625864997293584538506103350599119497307240588165943355838674076846038697272363694919047456679
-0.29216123663464563521901935291769662414642448767919571886704111229167872288193625798886378181205227552 -1.6153341731497262575315448544295622083985090660397946990353611299227142893108048288409118463950290073 0.18717673128400572484994306242663103761827461679670193865843550862001020809949165123108376913322002501
1.0607800381674536687322500371981555662380576160887715829172404835584216356452266180817178911594668032 -0.03012731908332816661805678847377444403970385463414292044429199732063696188811680315360227570496953386 0.18756083330646074679920358420384433353532748479258408551398323920985043137367744255942701501721101978
0.072741669265086694100577271979077095711771201047346863046496991429164065071264492141161864443740251248 -0.074961145092137885092488307491697795530671429398885857944779388136717345568650056059382216900830920992 0.11860805881171267276408943558629078178327798333654270383627511025031375841680274993712871417569313829
1.4505990226816401041709562290742458696951381734486467263473214699016691556002958350755451255645786501 -0.25017902184050794713231693727109677966533326300912756829488265115221637908180048756196431774898540387 0.035741083528418869172653610977196202491884824477693548222752259317753402940515759052384346586937464789
0.74203516862948866607113162998527453574325050777124453373644780636949272356739727158753241383821427295 -1.1836159961733128847132923548759340506618219338073188995396741449512376855224183810393787892079288555 0.024473126216403238916181945730974414080972616709295989780613589560146654926012825229042714872275630482
-0.1260965244790222617156315140887554205238997498305324128548869796246387917957901014021347471136496837 0.19295850367054053616904122534755375991174988655510325224685136004909886901477506274898612854923019849 0.10877391973871945532036876687540620391933621952988245851967812589475260228438048896792912126185245502
-0.9956271141676084687278197115576550367024436016831830839164509696675133217710698867371799845293658655 -1.4500892456813012829510540385802785512965487915948354022441707273187935722601421094010205619982990602 0.16582928682217131172397805903533461164666484230156704580618714290040684714108225126241055356024125181
