0.58551224531314316387087199521660153112916800220933366885011585396225923711464472972444167484238938183 -1.409450261620621113143736559872269603741748330346649326504192382335516326671881736518188396870707358 0.15100007177787730317105408082187369060417155879932595753597152825702961274863931897366244023433802904
-0.29225901813838505089128763742675011017288160909342085077758487793484099999204718644110836189576474294 -0.10912036331440090784246627701800342365165857968638469736307080745098154934969013229704911942067078321 0.17375514352354529079160317214611227740598174646055533809004275284446594835554927895413304854382625293
1.5737469012238242568449517012635679435403478062011687787883247808622948396743752295062282460722782914 0.93077294016185355860191439732209854808916572853505428713767112138949011890530699014166626708407845281 0.15546387582951513858858203179805473390624999718781032084700421745638028394559364986307029403263587621
-0.20731113942769625941926492606744238516813366151009158677637401763178809388164958449094006826221732083 -0.19533779275418191704850991834758189141299340384439965230857265041849927216055129725149741174325903527 0.0043267170057849930355913699367876496968385844697586770849948261773752123979902465196224662585509704944
0.61286653252224451253772351267467207167053627275503342421552935401715393063908170908139706183850323148 0.52462635140011824671547355382252235729921848029860869856959722612762976356922270432074187961400484941 0.14294808826001587491343564102899736232397233040120852185823925338701833749237556654983530682433733715
0.60708872303434292146442209228298890652050537358152593846355141952253908073469801952418219350312385084 -0.1679966913300657077418540918066127274786435596227499865691156557622155319795876460137803009601049413 0.11909600105109541120289035406067511015378623496284367534574910051602350527502201665246058806656269897
-0.71333239309995582138915836143790592523202753647085592265547068867834715207219373126163961007675798826 1.0864832890675803169194200449609411253445649330665448285900264519729935400754951993837477075394032857 0.16783946348223991911311795850002628827750162356901873477862658414422404536992460364891286637879410954
1.1817718742733545429250934763709749788582830836799234110030972627612741210622144289299347811578826956 -0.01241959531489250450099494307817299417807582868733104125270880988494492218709829011956019045557777704 0.024869959075868780548028017838692102399968647254966950170193536535273365938755829425380381369131635391
0.26287513921653172822321026760452929112808675898457307183687247988178302981474415468911536726486674447 -0.69912253779905436979443498558031923839242511302555356108691006436002695477469891170266792035558214753 0.046673742064894343941573430479766499899906187249613315959870234276337328602862326369282961219093193336
-0.034928100346890785686908045956903140370621720372220855297248972117434567774710525843905691273732954194 0.60803220314968686383084236935219743704348243706580341965934736357075338223018040474300095558760496881 0.0092815216213165024901106084354703159466844961475011972978105033646386221862205286650815978161763674127
0.49379116372048684352937227696895022627739717369476161257378892324526041752764253841082631319369651074 -1.410960690858106041534872117990523097191205501834277186615488894428452366316959960598275466783932097 0.012928722219483161525075619947462685481936935219036977424083586707604211339831982705191753006032147728
0.78013095612472168767838143883954467737649806341498737177237361956581745450121831976486148455518518071 0.70918207479894880613611130164025382012622428874314382211542257378500879389280534292778148435193844903 0.15955105239842279322850429466987098070240829702409793044606776486315001306111894390134105338733819834
1.2667316355929552778460848748954750186887415445544500630971905428188158891219086609731690310533615202 -1.5229267653420317997670056439951499153084111489147503006951174494818806353229368907648247129402932114 0.11909306587484335124585571448091079612196734152989317947031900619364616987074687762244420518279557601
0.15418427201294696244234486847917662306381206358288897297219731353241790043817633838234618459041560402 1.0966223829413276201019703598790209367302447853507243327732443446092044788457162642753183095828336486 0.0035230400210970363368691874768686043766448553071916634229843930465950438198456907627983709659100688268
-0.34409118438731060557650347353955997518448673495828211024801863440176498613132726218085735598040718533 -0.40575116520068561224784461752977860913918326385069679822799617266883647254122532553792795548085025585 0.16546835189141420175291906859455443147181269900794069085986932405635876400161270934103600843079231791
0.20968654455028072109132737790103945427770223082826841079686057214897706785169751613791078926851039169 0.34911328134466168760101004548580484829396295824191977717794047239690384363929911122569891584391471876 0.012048807534535817465142515035782018604420308422591046693136006679242247640711476428434856985032295959
-1.4809822639867996484468651432959895033242318531945346680219621121574942852067133475547047641642077994 0.65947203473979851124217923601517914152674669320560535638994902805481496828526665058343429220602501417 0.19555889386062606341015042802927489118302926524155192524115316401392769829516892102012684755397846771
0.28818539369573210687322714120309229862399806744510220817683902805195684597859189396154356606211295694 1.4916293719303223635007257774489143824473658181099961979621274111626822678880953929461433541355982558 0.20258772683002570591460816639855504546557099866619122408236949228490902656514373198896072265360535297
0.38786062267134324633241398712073500256042432335560081998379733167303810322187403758611915601917580623 0.27486444877258537529824611823419862979333564065474652901031544600381402978911528231225626022698447212 0.18842633040322796722994398030324624593185986386069893941110296986074279682958975610809389441385703113
-0.72733289927026959318922758304013051107100829458448793423773631976452288760601773901538270289457567285 -0.40019502517985788317472286444459343195010252105494419311970275024230257946089441264578964787950232829 0.113153875426805205750337524074680379477672869059668586572121225298352520084272846619931044950457584
-0.0621925711992757074191314273051291692939475596485560529996006697153139946298269925664497030565157626 0.035413549095887138619645429889960133429955318628738091492522513454439355715709654120298313557250375998 0.053647226019350476686936505836396954349864392478687614597618523098267673626288061373162396288871647028
0.64864525434590950373682101403060134658841423367632609329798790301186816288417628965604159552251200091 1.2016620545039026627909866704654866336302780051569052497505604639636366064073165449074132759402314775 0.04610539206477366408396358488169648783519881645169329972623669526561064594367895788888312617071250595
0.31955255116307821707951657197039773657123259086355801055267755346791971556957308985539084487888004985 -1.6845845945397455447197991758461891231751234977342318584838547790446113596710360033427832008925467739 0.12679410661702328357112249799625914449652626421025495302022157975343600336159139933308094265999827184
0.47753056214057110453390568353775016823658491578291879920284656613293016174464496745555700115691876454 -0.19962838909886733204411961318812164065652363754663136220610963728873081440419214332958111328211388911 0.15141369185903540295275720222093314075675209930899100038313626823098819713162549937752963718226544502
1.1410508286848969519970374251895920055054893893480281532857913129403890737321719508079864710680989451 0.72172230084066546401549155058890542944410107254924485314570622185921799744490811005079892213935312818 0.20050346778056363743834144044222033515006107690051205041603729693878255348594296849106210819752050863
1.1231323589614483449199266413154454146932131763391832452417907142123082927177772945684987544844690129 -0.49108790308742349372715272726528822063251911741695152067012377327481931443998803081958448686479175353 0.20169313373866554172759173297058639167753568159797558059812758984757848818196021266972799569419837486
1.1618894671045581997238437202027224317602913756828276600231026567588267570224487040714734459305400664 1.2996723593580110839841896801581217620618609018408250698690321988375968417207747550088582195710347063 0.10327494943641811681922585318042512488761257257084984968948453106124034037950886485328204623427593324
-1.3832874157854450507080721119203933755074391808383874093185129316261939604944332945967998289374743521 0.59845238477889597484576859476750624118064403856471955676198418061413324781238263465735563732850187906 0.11780892655685121734168283827118929798894779412539555813716951030179309705402852130461965217104951849
-1.2115722322657280386340979914628065675079260062149658327251800081302480112700936825867012156606776675 -0.43818382569637639443760406783330840650695534306135695703389091349227619200982243008457386004220833308 0.10131010930587818713691812913997021890902937205148622990750394427258431412405848634093418295084362224
0.052423471973769614152883060253322201882632761755496602401689850697732227018747096762333666557985373056 0.4451027310590824149309577320987848225107020911149284582753868668537800021825904352120175641684959367 0.11007241990352270456756428603300874948510586642513424072359718925009160231111457190276616018193969062
-0.40085537572871309620179356393812631482895040906800322630806797742877475957407362528145577417426940589 0.34931852834237080347366221141576694468044421603880263538224378308973960555193094678730634144974460638 0.14671601219688039992173965864767851176893098749218044820756907495739553090758323634543096640809842927
0.2040707042240604036956132650078610939365682174018755836562764042047467485779669409548554036906003178 0.27249426092917812202558714164045931268415337806372875332527504324670744180369888844741393507881187573 0.09544278317395670158589671969113516904090107334068409042801851572247601218927311577890398002004368378
1.3353105103781441983904430283200169980247626994844922994897161530467812181980348682714155137568698789 0.84788248511618215803843835232393930610669057415592897004056798683244779935155486872434346060947535156 0.1536561177179574806428466038471762941844462817129550665763742543097574025319978282174551252829218952
0.035404734676740153321283655578707668155839392244096448409343411592725594038654985375420908936865243378 0.77655918618652424329239224589113743728571486835689675429037423712470946880420687451773928244051700655 0.061893743872058463584035781493017739696862243663346279470127442364909486160340468488314580180607742641
1.0158808334213284680387938954244246978697175952485730249742495998884486597284923553486935238293344725 -1.6944561183069579397154490561105869592954198761669157911682298118735707405700781323636578593184873912 0.1774302382526827850895638705115784405749551227998630759238756745430890975999106888451882233048162866
-0.73375201869057396909177061064635258012441930841668400393499710751351788448702041911438973673301128163 -0.31395618969053882602120081724467479504715134192597982958415584824502855338713150250864104584251614352 0.0083700363941659368272292663269460210995946478485543366992399328744193987417893739391980368378280187509
0.25482129620825533727410988523475502062969969051105955013944293559335210202500071541956808095478653682 1.3119852751428888300747004886917854127774076035462321391637580134408666758228099764167703595542438154 0.20103523999428126440932531780363238213416428413837116744011812089184608744394023650933773883091237313
0.80185700700980090156787826210317964852176029330600722577150636726799884553183604641135243370377922003 1.6427501171902474034045799811172575610313082189966108585300424495081942228447592182035256693033769709 0.010107442970124502545144260052993439837324695233163307289215111978338343229569504275103927343450126869
-0.017611421056997659212817043257227891113466773845935642866432204893833066329205962454889990882797992223 0.20318360170715674880528333612742191652373015885807060819415557993077575897506742360170808425311866982 0.12354787640758991793982299929903063093585596181623121162601267657769927478342770865173520272189226475
-0.44385159457802751286469789642745457272866328066316251368569467735867425445224322550543233396183620809 0.47867819924724224302998355832414817944849861073029268188395859069622734960699354213273316919521665545 0.12437788294011634548770734109949000538416485727771749225557028402237141760681519746560625631582775933
0.90415057218550854563181296825501241473928115074618800957872281072132489128742083364634176755334261128 -1.5365626554690329344106269138721784431644760848965324397581080685217646119130458864540042692635212353 0.030534858746898706109756253085959045871959015257859852814405434717022907926306372838505577704085183125
0.31709399815503000855976657284672895787749945576690963137634075415161355073883607525289157557006969907 0.047549316171353078756156968434346198401286296191758407706319893484552844239226748087041076037432705813 0.16469069107287075308088019528030154779203142734296479807357174430403822003118781528999470293891955529
-0.52158222644905196513298276016961225756141083314020609607171060169902832808611889895480893622165572909 0.027260355714484522793216732840945136417184582546943367612336973853651559115669116542337430678465516188 0.064407274216583555922038794959242121117705985826105232675527421492524685345810361371123991344327089127
-0.79521098922976714287289725242421049718078260890647752564226026706877501560084228551441468642271408732 -0.56684710412652878098891807692543962534469112633148340068725749152236107742763830254307269148190060326 0.088045477006148556743217896323754216178304883694191250229174069502315062143524252241127049545628284169
-0.55669371055002083814953679823978645103871119064809814416442517523780002154604911777046537989093454385 -0.3198652053390864183323545530894749896277523569735009151581992243049303652634001879267801496200298203 0.047503990519546947320062508171462848508308003115723786239806564140297775268727030371239044100129705492
-0.27901420646781392114119404635184061760800544413600523687874553029892328660890312424022909942737194832 -0.97879538159246990682854170472869334745821044253196789450334309378770852891728738151665375806251871873 0.061708479365558734275582822581704799478163910860195116039142609743924771588447438231486882792902966669
0.37118580049704308331110246885079205000969958747092135461931257665189194216608646252656768461562014883 0.31025666602836634412116152610812129711699180078740339492723503932918289090520825367681091722559391624 0.19658899942375527368685602714778946851134957209710927821164183211084783436559428529013326478985024923
0.3334995285848596925063353192268876559285461969648611042013053600451608267412172032529873668797206863 1.9594225783565902179128106168972911923783175087687459166149671801780251121159513871417250572069936536 0.067762063031693875094193013360981982573869551172052781140643668933661717755539666818149378515400759783
-0.52256607451152101459404328871827709005980425475674094108311054602801322370483263692388003721627433626 -0.29775003466634511115394272305581133220962791933519377480963422186486590798707959803098406129384986469 0.20033328768353976510141158364317455174310082137424468633201537757542027846407575712127469512674083614
-0.017688863779581489820942072287503895683287204887237882121695724067436253973581310027403093719589244003 -0.025616778961605152425058528514680275455258648472299454984478170535832007958537486506656406562036135357 0.14033485081754456970778388154656268185534888800764442840458840769814059298652533363049300973943357028
1.5083553213438678960241374046275053166222881891659356835562105930212654947518347356366591411337750398 0.097788795693904913233433396389494676408487163526191735124340337254156334157473405041505274001194038999 0.13002922329780145937739244081609517729346267692773644448080387314050915175654383601823671810783816339
-1.6392433300541869853365410770737839215686470585583806278909012797743752095811652620492140775378597398 0.58928190662956705808329785849651594638578448950339505202576783167247195914578711584131583257655619654 0.13296338169188723625386329122090223204394227565543374965068311203061238871365932435565488794850441987
1.8420101407362429286942775141281832260549378308882633836108839419443022087049530868783751695713433132 -0.21895489596614155423882053840165743379255440803603636674308827185560573769203905559214672649137711821 0.12708553577408444627383929972705631299826855936387205978458363868451049766398439149049538942945225587
-0.74847540061194385604226136364864912954890648531716924979365143236718649663310328278748396779443956061 0.3360373135730621089046451867957418408493980854278267235693953335796528956117673687946480788414398316 0.0063611106714576663146895805880613380831565848012012150220422787600697725051195849412238225163423532116
0.14112573826357715759142631553761311368506894228424603746628787242299036152053634150082279125270068854 -1.0243891239393369264894286218334683931106652905156915213088983231935952675305824833253576625321725656 0.12515013801596832215031435262326194652014911612108466710458450038317352994352951679678566034139611725
0.8775916761596399011856253092232466565089098466199932273877703049012781641416077488409162985004580116 -0.27256503810584769372769582845481729034430408348225757919600026517065219598457138132877757400213441795 0.061479929776225528054567950717860464323447002928578912102506037948403055630683562369576152608864893096
-1.3484538376257251938043471011774980231163897684411869266587671807248873629659925583495960806786400447 -1.4716151576510960361440851505283321226841052328152238739280043908233598352559155839098104721448644921 0.041496288856376750320499606025882032897574360657603392620853710024576976859888252019707042661236771525
-0.60606268761774108611386042350521196893824737606637563874874986450608077668879051779609184757478515494 -0.37543246639909842673877057783669758469332838629987421439702471821236865091093596544406784993365173566 0.187860144274483327459468406973275868479899740375344180583700087160866522768646555017049576771262986
-0.81485427705982382484644262373175687590351361293238441433905092763374529847693690866060072858384629309 -0.84949454616957791616776504494897460547034580438821995005337876964102465834697256827287755098251974855 0.073636060187803965458690742416987234869965038958944379213172074782872070344001106795876971818996155823
-0.98284923776010462897840884059271832321858702316877774011965410168341565355888352229334888561548527422 -0.20067439846726039344006488524205379606338092761629463479616398954978944106679958386844143932623781986 0.074952157408693686219196685274622904718529387857391924199571106486157935580681783319993299546148894088
