-0.031283854096485864212683696946663017887017177494473613158532430586577759304554810070702734809854828018 0.015998040710826747007974816597478962996265726770028580860687827950205224438006107578764212253931688437 0.13527459228107359555121432885803666042553110022401874999346234032247489335465530192377883670402359919
-0.2568813444060250974593604401014935674269009866776676746161827071750031094336202749523764104591237572 -1.7904136520505516258077386947209100647222622719493062297228626705904617964211733115130245790682789035 0.14880779963578561316778720963649702007363560096650116409414518109001037804479815507510629206319168765
0.56049949621869779062055457921537520239479335985144659830899363790718217592531540658003503659915858633 0.15697884928816783437357981733309689291508489702824896042413735833616495669774557305615752735383905694 0.15597304008792959885032502594698488873246721781451144053463550161794808765057115562341850355055661703
-1.8677241059061480924210870686882347928822566895451296987139256373209040769434861300893048132913531125 0.16922943477031906273701177660484072609107362668347133136624364491063429496229683025342241279627985336 0.13019320196870990273882553932487392546282097371367473230328301343245947958256948738914402490519924531
-0.14292773876191661116813259585729779941612124269216450045362247419143874380829719241596686960880573656 0.10512414232001200344768308926267696453496713342397399159797215803719903069527518495927147176643322488 0.10393070776846023626806870788813534736384591910983190931072432526470594295919501622081638824921379503
0.54014061584328856261351212942824494808050629747769587563391329797868060301357231478826719200958857577 -0.46411054869794214521874750914397236612709046076600374581872338864068703598461014827535922372293214179 0.16846178469903250659659736726123177396433106995979276325250556653324370804634568963979867211662538524
-1.370335798825413963299721489781828401731935353017674006997418126309041364589366834569892186293339397 0.10143812709288484522710397573808772362723041093577407687984523905498771990965662726162510019548048129 0.14980643791748672735216641815153400449424101027438118829592728255462419844255367275063896752436989319
0.2042996020579101213850612118889656588946102749607679447810569020615681256120771450458065448579064368 -1.5469845597638604249811079426607288376421228151743324131408038643030727097317823244744666177999311558 0.015953554956174977266385842322382587400325841516216224551385532249696888339621295600304815924747117676
-1.3827149832711430960135217781403326859885241908763680683390977518021824339697534195231949024968270566 -1.2817245925428016994746128385529505451091168919557472981575315755892037276830374017025605946639061679 0.1517480364328416759697900065682173610918255357550321474398065128907018046285889426595870758706990665
0.19322025409467872776580707635835669768456288427634259199614625706253779865605890507240174619407000603 0.13511392837618723526423828521832581602694244368097782974734929182036257563339808325261828408468683076 0.065232575452261160683244333050284879758700918870285983563844955912984105768333894215503751953568816607
-0.27963598563682017221966023316063318272796197842093247310952602454285324499338954990866799557253704804 -1.0716173221995157597825909527372309276403987464037338045803308791736959703323917935726915175593810261 0.20446316469131631959194128323390884115654138285224068175872987194812261686107151890512014944004106584
1.5279392166482342068964040352290242802550171620248764636960690665671796130687104491390608352896626624 0.23495617093056124567829758613844404979278463826451244222514431628372814944691061793756659650175204342 0.14867366808011140659743063388205457672670513433007575316682543677185901643088807138736731965484372469
0.24273709653334084999377215578062499558223842989339887531713167332327585980220180632106237655606856014 0.15351215203818423995695182044800156045534830687178902949632072651363464869335611632718743105725685124 0.20564149227780648875315182099894835910215446845728630555927896357542052452419378186936642984074392658
-0.13938295986884252544493404694559708491304838379293382332122944837558279087131340351554152788825720312 -1.2870387557756586252180207384289850557553612166192749030969720654064963878135348736530854009301206289 0.045916320677906872117055847744777634900331396489845534687974990548918428366984397767603230084397043633
1.3614587616725253970269028184686834569908359898602284578436549898891402911954068567066219902889589387 0.49878011186914458499613287058553602268883379335491117058295292003184582880988967132639191376136422405 0.037778126632533737549606244240479373123024179790428023833021402535547545781830385901145970979321897065
-1.0428047104777285870071285016605816233425267976760502388983735992595427993265512006968124064688609855 -0.0053936523322732812300061204623268851966922028413198280196890588958496053211486454157411960170445137616 0.091272170214898883336546702901901766396639791870070350407089965072091218380012781246637328005003151253
0.0851601152373181634478597818847929853465692522476031706258456397286148972823283831243875689417619399 -0.11517599943587798840904031861235295425149822151180411720978479889195974001442192712965062312669097213 0.10556698103932862686460221357892866990891491589296855608412940644409731369679592723211925583965284075
0.16866588624177803056079904429687075590419736393046712805086087866480399889973603215187867599977481513 0.35514649568788585418757406685771015365279063365999155581580708367927870520852184074752567224328690283 0.14337505234488585406934151952157671708052492134571163866239728585913777566032651367647616622089250048
0.070324152742427075301843064361857927303177803276320545705271270752944693092213685461967237116269962105 1.1977170219180793384483826311132308864313967139700042905408350011561321511691080677648194839536307871 0.077740659585550041622626166086016344095137174528166636001456065200622470624226202407315779817322621639
1.2377919641575441372989867842845698868101407794025417836916500591703954361215520594254171235450452553 0.699051535161639082546580228289062918083887740270004622497178091073785421545211442785290848974689295 0.18198378299555130522939667707634643875079486888643824961328877371627587053515214914705954857182966106
0.71383185341753528946343529847694132426164500779659659705253097759617939224626595383539411651047645696 1.647325733144667986740624575062053085253857554902359901116553655687810190786061142868358902671986216 0.04824468504748123320124503757644408878836798431564763632902679580270636552031283420827290668378664085
-0.24379758424081361515680036252548062613050053368944773981933507193180220341353026490811863215540845119 -0.25345652033540778496205879987808494366357532859411534408609124860480708578336353268978635341111314593 0.09986630239602706468863052877339340987800514618111768528967278839963618686303593157076154504820083415
-1.2862112609752896448791356304568356838404081540643293307079140629240170873250936432391360273695031304 -1.4672033851374757295855441989078944782861293368513853122067290281249044383953889410669674600941723618 0.11796400596024409432409719278600710825228966466731282310619627783443461058761806679063415598613177105
-0.91788327961245581886571691476188258086243146768778281298228220134337710200040454631914890008712177288 1.0843545301449984577127273934432929356711984991453136293640661670573931845691448446463782439771319664 0.14592592111401830722431411523788202773264812531816309514807764498134669829535353730508910457324628174
0.95785194248239866166561097327373964202336966467580986643288664048624224420272445370447645129503341601 -0.17039522784052671602935848332675676878601783278293167687939703494998659319007757622913341393804877406 0.026117328904285291836293326769041911880845433935563245086697796782120417973945551636888508344825290593
-0.89957112560678895839192809552456273774807930336884914662037259792461613822130945709216973972772287374 1.1173072065620714276833244732880398901609271780764593314554149494369887713136547325196504643399075175 0.021290831500329242211692613286912837096202533235267567869606055343703851720564093752226883884253008329
-1.1148106622145245944953075091939028091054143333970963339585134662879651050743492832557044567487698921 -0.035144613920660455522614336931154516803710735953964891250104803583757808472181260595305651283963210874 0.022032355691206618794892720760886585083029334135793517441764226036047544347200308901823034302925075859
0.96988286737256608004946875893814997090644008919993606635053827572323637613509815667104337437688780156 0.076839473355592209958186936518119749441591169949301052719616880064824072833916503276610404009725733038 0.052883600595594641756946357380596982840576744246748990264206259514959036549989443145779965616096744471
0.64141042086583341111684699151982427231349009396530911187399359393351473575657224583744447954404333776 -1.4183385408638364035358408431796377746838957293930292984097416085161175023671975171729835528434434669 0.16541301631361630786949048587986908348773821207766892060367226456342504038909379440295009381784969789
-0.40497004937550491191469396435727869887065841835387871590375974766344846586254412871997494254441044221 0.57502233459740579521406617266396631005849707917490284745259949498667575688222220835330495596528854851 0.16519290354953545392841269875775601091074228357427959258309018270455702727232665479512823160695238467
-0.13002202649270740864421202651220034440081981970566176124907291070562228389274017361366051392925951839 -0.44282352876278719417355058029643304818326105737740757509435813228609457503282188455412087451446812447 0.20773661698642275945861186898198199877420476680447582299284800722365885308012974183878921485874573901
-0.47791403265605306477021829175847616964479242959672258384125346527803113208728147121786683963369606473 0.63370983475123523561702585157376131803688787807964814894126573102621732299756953033135332680268074232 0.030249715873049523850299048647672101228701989458058116165808049328365508217790987946559231638451152512
-0.34478491653292900904173283795090289579551595169981972025613159755820889689203930845453956254900138847 -0.54164988467353504477470336942428418065512435932902617536253091056525326598090852161985033378674383359 0.030670408008733485068661026351416493141223802014409177389477949752657670869152084237160964684872005954
-0.14368143707363050076332101030719365600353173900827944721183646509034294917102870545564445373376403158 -0.62503045430320081713943110753378897297485904139072682519746225655560573896945469042368104324222529307 0.094578252129621925089648092462192555228952894139901208714578910296642979837487078120313235866672393001
-1.2209413905452537707770077531469032903408522809912188734598666094021958312248469419539093051480481332 -1.265841563402606141512566160553380571454364088846976922416835304877205351937128850955924828524060106 0.061938211784598471297483050386789258387138928123347194880369900328817214413245074293446453120690578537
0.04069483613545625950076427812841401065384758247896984376940042734651820360997336873447479250744231543 0.54408539374078378161799118503588950825326587370513559567861240590813897301255003328594321852872926186 0.050078419664198288920425482730637816821390031456115307324900637823444147703194340294591085741903380651
-0.51159204371855993997840285702821334276155523431416290707153273857122513916403443214454731675992136252 1.245812894207137037574572962514717560605363321040537053678987415309917697842930840377327855322675542 0.12112104593225956853509012916677970900687622619089223109556308435243358727050289908681303566861357601
0.46686567996727721406114926647259663727887953521093525806475811392116996889392352496417468892706833298 0.41371270912659836067454885509938847017374799363800277985270609519017870100010644908858284798180902601 0.067994266498704394940182698682493119302200450283986069666184462027964003020288503641632449067489806263
-1.9157776205394234208058552277370667204759396214721611667240062510923692017740809960184270664131891254 -0.001398402087725045478834688177348012483049327252095251071484354762278307491958061135342797852254676913 0.022294757856312415532962242310759539438797494673079552629480015086659393761017580531299695495779245254
0.47689889364908564767175771622361842178123376348861944298463231698468725679972934124362602301084130227 -0.071918059981400029279591875887533107414519590272677757132726610903439539205593031620979067870094439525 0.14361190906335141208478221682567138391505706300877618420182639052474190044626184200225270102874782371
-0.44029923241070595396820021354778087893207003010333023043908180026144162060911462346600647110074282925 0.46353108596529483088505942175135739584837063426885655422008390842157035502136517666914071908058767477 0.18077007939624952448258311755487802212078485432002982888796039746330665404879369431136510919085920564
0.4247860926045621277419513046155493443199929180589843438589442433611901080022115089956047035428106998 -0.91059084083397495158643760076989727363719403798549339754112223112088604431824665733989886650966556887 0.1389107181481538224079629034944485591682869937504011570752139831896243673868107411144614858075738217
0.14871472899515968217447277453979594131461789372492630294794828544616435639756877173045530982230991571 0.07238250056983364117024036749237825566175413848125950892035865236214081119379142412691212798836128729 0.10292993543660675167139892500059253596860932030764239550814746824516132300073267630741356745829103914
0.17523128770489516913210538865230765662091135876211533721386045928823154629684224110156969649918266151 1.300237029151203403293088204584475319672699174343441554633318286933747143993837348691830339069365969 0.10148329446032460930115062951807606877396161052213145385236595803452747034615578622978365948040581009
-1.2278340716731968620039496494131575320606692535328342385252882833532172026632931368878701522294786228 1.1215155452634218384361537467532542780319883309397112538509292755422889402822991731917686061923661831 0.17080858668905721193353911122123754429786904253734594211041962141569851250676091158569284976820616547
-0.49080728731476383206274294629256302869600737389911087137288739234679981963883476219058180785292014337 -0.44822946123710358060691188411626911510333972423031234785324886954551032642434195987429612376035049265 0.09352773515335987692270001612984961464548331958809799682845052641969252083810675782609200265137774019
0.75561402720088572536689593195459218319040620022868944186955947410707323363665498853592460126843592075 0.00069587934179238532475140804481209741182340048377157566991341393174559833644634788156484166628694930673 0.0068145175646674009549238038936195061815156068582164365953329917287795727077919080105397144320601496
0.65438374695676822979512498380346984649625923145920058399371131972139321766129715929567729881820471758 -0.10420551567657297563242483323471543924586554933494667050998626768691845990371944587472686148725984021 0.15864364057318285737462338585204046406742282234964462130054246585653309783821506509540614101522098681
-0.17730696510016509621811041037282684955856271313526221811726697422227737952562111411951782392341538424 0.12052294685946967086611370752572557271841070184578058747016413777543237305302398610654564216906218537 0.093902566254506422462229401483282128665833997494566676414660455655140369624009803097894794850952438608
0.050899377538080566028097007644813242086062792881893948630196435921564234748606925294763458772549719748 0.001881068384599277544581169324930192747300434703472830876985175123619956586517259413477604757232322253 0.13230726388357048231414214498073133396599729883358116886960832492102620040507844773518542737620860989
-0.087464503761777088023515416398247435443564924575922876446419968092890356483242904431554130402466609532 0.20937697905323293946689475593583063982666213708419696405261661649094526336877435853906050704779572177 0.19619871391190323645302361053396717483367773583612798639027258805424022543552162414945660537780975173
-0.35944164873095859819897762215854819594239512881647530129423362862944200074882295163478818036636549378 -1.4529051541851928040416603299857305327446393064586851183283941734666448069735805459670980257533916765 0.065294920963597586157480750563932551190268114091704008881609047772347057334147407878599928738259261487
0.31446112834745588445520108063890433364452664901329664341701294225817346291392249655000878629581827466 -0.69672976184121712975221414640405950737379735018468388812256773796627807859209346596818197065882628016 0.10711384775724604442126036634580178664493449780779984158430979985567969173027481564576459929403478994
0.011207894183503832726917838560465438001770390920873422648143960956567946921081922462626911766279769299 0.047045577820239318397196875896759440428925749835142645055199486000056029857932243753276816476142982886 0.18964933502502473920144272655798629166628234212130612432678869825550651500894990025503672417520138535
0.35600820108225158481848712861277250976119531584602203874227859140876001376438939960250406208682085427 -1.0152028665198940670954157298394811981916536782591083483088637092103294765202010146487721375357156154 0.15670832226863751509562024132699403474623608881363101831806264271838228987735144415046988563454069396
-0.19851456170183468298637114973937599441123230806062267948280216217180154654037811464097717743822724583 0.028767452780016872733745404956639592435355918638393395765770969460028026049866508837688794731162363399 0.1600222888857567738709038093725485078383782699373823141681074032685132836482514759924290866519472874
0.54227606822300490189170957053727042461386783763813798027090085686867753521974646076262601568468740558 -0.21720704526346324469725912343585199063799046522528471509944064781733631702893940183481702061937326986 0.17324704620159419918315727071265585783087585395905491390970508657960371307896368841141257800144192146
0.2966856936316071108776515254993190137848880877282603511199080350998839361500914805649101311746892987 0.34206518862839720756983503305624858955361377275381924669036066331016347043096229704121408191595130597 0.19685200421660151320631250792054861581262995072099183760495981653496157319557776240649472946754272791
-0.67921543189690664303842112890564003823944685398951028080590127663351831440774899208822985855553685121 -1.7089852487555872551799105331276214329814847829142592374216475140854710249514437123242765131826295757 0.13738139335950094386739848698677529269683193654659857865944201925248749006674195105299175911659575168
0.1233749961132117612214215747824945383175599285156987231302716823725321186008509195806464238845498459 -0.014314779074378094676742281326223186724394299021149374666441814518274576097770052618457439843415818059 0.20372702965990911253863090266141256905596340606289858434968792563525564040665261679485550939598429705
