0.035886402632272734493571825673103175772623152013699933018789944486174921692384832927762944576322358806 0.15885147631528517401526076802627731544307840980617944552260411026655706467140053936694452823092622243 0.13838293454072001986582215943750207354999654545155782588150235514272051864880085717079493588963199566
0.97159842747637065385174560669911894579090135146850442464106323046027607045621632540487348968499802381 1.4943574181511242713021097924370141441671785883090267106573101114007278377375914318886793123840170776 0.14981676918137752475809414513483642799991048490165529409605393806543196100201486985042551887234397573
-0.43642069501715219424718516847024829920237197043629040478771303173094593897188527104616192235883107697 -0.33779097236729907508014717048863505312511626603195718756792395831341455539083079992725038410991316484 0.15517175587541074871502095403370527739577494611184299350830956945372418127974529615105650191905135974
0.4331240833843064121238253080161506156039037509612337018179278044919166273033420486197364065300455669 1.6355579467161516257046257348200899637447455847857099205908356956109109877535129884039297741612783736 0.16194884688701776203041768820999866443896842490271898917737719872138487329624300722705499092824550374
-0.31870177350075773837766236703195024286779971938183720924707881474316981029346397718420017534961820394 0.21406631198752054181274387064659652259745417406312194758839718333472196594718457129446237082154766084 0.07737911770907513175913036217432039040868189050178291580875878906303784747690703681311585604124213614
-0.38357213327378488818054327639566310471508283883822346440532547502308278503148935088754750412736530255 -0.9991924360663046423885827685233662134518833503448634949892351411986344358949394230303935403653762294 0.1981081465860478427226705780909330993707315039394214976612797788879376576438605877901005276947238745
0.57755232050942239188631167706995954456105060230838991349814654108714904436100760470969546281946266245 -1.711298925521593206557425444909411304831850349091320896101441989641272501018902083573848366733518254 0.157105289539018646983669002427828578232711474686560378180695312866958222204553544890535931215809946
0.35000273239154798156412764400760345441750728665689899857246067144214028355527579820925834473794273377 -1.8058441334341068932966331425674215332792437581239058755592753680933957026059037225010895592683805509 0.082897698121198053358721915290070336150127475794661823737920846332101726439009371263268206302363210561
-0.74109663308077561307021550203638916943532357127932159130680000700748919217329718312552266033233001978 -1.055339883506531737033277896858510298107629822095872989996813224540525698775951319768933042483096416 0.012134231578875073275427106290831884908597966350306957276324221830774418049122094876797132472967185079
0.51432016711142520794392610619864938213215518901941062306399624256200086964385146142104093574633741161 -0.0026272729614662692045903602056487569857966308935032172066107968348360538105392419271716202153362605147 0.1142687102096132890006785012887928164556707230233264702992600822817979025742293577728874819863232062
1.3483954768414173669988043230767232922425555045574159147891476782122869753358768439961818998277049801 0.85949569714193445047870732441851986683057034344930497969004101297634095155236167524164077175675339122 0.12565537810436599846372952393241048352489044151436314278452490154334238833809140923512870998514230524
0.10325909629155145051028098313145807893176306703947410242066600015693329522863781805869048858021320089 1.254376394931513563287452115601888636600304385899801788424806583890095232755135425285854665763081117 0.19667841734462783032108066309007257388959014302459940952664252560250341319219063392210204252153411757
-1.2411585196885516258557894348020441416396017997384459381320560020044369067909368833554217845442379444 0.87519675506527744882316546905585487952208315893524695957455461104913499108760993371093509853973949761 0.16112942822967384796866153316687523661788370466069804042695103605613180682930954698425047031492876858
-0.34033862910502369107649281273637657535655549290163869970513771224688287846258018402378097936590439081 -0.2712255564279589569632476396218400370559049468263079773995267326003782531413143795271431619656389291 0.1311369827428182400587480308174057502732139839204714435385741759693653812526268651248369075744932018
0.73272028254613476003318253595860372653981410600587162823136595722029805722215210964079786607996248659 0.21807712744416251685719703574301674740164984156764922319758646768576844053931615791612752021255588869 0.12186427984022947488709602792715792495784288181993156552288716103679705094664211864079293586684282486
1.570935082346362599754523995806374898767449327195433959397841030007454089163832057417046684434261073 -0.23414850801897054032244605102881833732738192779514112093837548169950197737818131141666493440004748644 0.20810806330347899938564571664114701314442836122236740892605681862160081511645223144689975585962705267
1.3047089653436175400664008497091567179561043444428193544147524220009149324640840115295822160524498947 -1.1739584592083798972986156834319871615884564983278073159345020733474012490581183283014144584234650774 0.069037993014239462085686867356708091682386223427523032309132983317696201412423917746817342710387094035
-0.12452188930642645596941951075188175186209856204202127932557353403596590853213423600247381136021777831 -0.11786558889753345876943417883926748057062641444354525064592065807322236670915309831776463049344901764 0.038502167040274124915034212913250602541681442882448550532895604662146474984856723672680608933829845726
-1.517807321704254661569202182910679618735861318546323907967903605682336095872639263567337812274797219 0.71862828460189145149131598349808677056222093944891057589896518982875681921146897455563584746460403396 0.066911698213445484715245700665143118214208992263199737756408081508033747917005147995737094033194938667
0.60628527138259393719020360110384493617064048203506466758648554344480098426514602167305247683387822614 -1.0544589136784376765277340589873826925364110480743186029345725885400706017400823765854158621403259384 0.02361356167635818045373745484442495543028767823715688704933451767895174518820078883825135403691230978
-1.720633266238021779128179779702287028104485347947599578693910905704777246375719312702654288727446795 0.49294747241920857768963709230452371483032314388509069493833627313659209649880021688467421359103596018 0.046427021629350260377052582509053996356539349544867989292106679996997910075638581190199787751469437061
-0.21582579944447928787000725480186913364446861678310550216149140546706355933433463259441088387789637789 -0.76808266343829378951354412456513700656676192204997272172634597650769423016927249284217224708445524774 0.013807448905933341604387692463064543991439331285487861333049306814971201830935856954628622180314650729
-0.5819478535259774248596852331072487930601984758889003518308254568394081983298894678520552981979940881 -0.031474264986107137947599546332139548041722133669504031957361495793827120493172605056710764439913889807 0.10264088595583838101789059099324430024510583672034200025296668583632795787327457480334541966483749506
1.1681637490163777070771801969932865483318027842063128551870168233392765016397230798546660400040468913 -0.17497059942576138832780543206863840398077532497697625571522040634575633609435514718501608159865814992 0.2085017254798209894023865297076840144522958232941166002509702565837369866636873372777093078254228362
-1.2225830895285616051504101444112414761211908411623633710866141371805813765933899023270060473056388832 1.1233915488040396430759778241414928709365734229959989124707229964712738161110877237743182714851383259 0.13112686208632717496616212868699407093822187445171069196585144048836136704482114880188505969886313048
0.039188222332111875636101246898618934544032416603517214321887617412272464416701139818678457227248641396 0.94985557946749021719071078647383782759913297121390459351678710216406097978092835740102883734933766085 0.16604291494405210484633950413134338775608526686970829355429782803492059728561560770640692301411909341
0.067527248670349590097254250167340957061822077141539323395521339158703154744227828878166308893710928128 0.15197590972889262483311660914486682735762555016761763924923948399886413806050119810921968573272535085 0.18818498948682839224598964470145995267201388282138376168844518995521829887383052343641304825162656892
1.0818505510602399612641261332363221219203877447846338954058007287070138602510668296675372874190468499 -0.32841575414509381945262308570309338877886951473085130296821836720825084092600015586105062828970683966 0.082438549053899952215365680497218027133321290710528730105684114536677455190960006486766750919000517197
-0.017150619602561720983614593653878658349183928600561797336884684391729288799533662288526597381618095303 -1.4954953699409591654138072353702811186751624823090519023635346440501546284882321294339868396352171461 0.12153899067508135309276378776954264196294643290498754358702626570726696998187969968348242580263141373
-0.15051983571140427576246920518753310668191219043141121332843339847808363490383552481060661345180135028 0.31936634627245714405729319219908302409708214580125514042226762129333187865068838044399695223463632112 0.15054936721147167615559720680457319239751698012187087449371151397080975468076730050655873722537591142
-0.036963745747475891600532902471760391291869170716698339229466142533201453580859734860501039765267935153 -0.89756428451546441749249364180351796402154147465529115101383459733154501307286177347989499871495063468 0.14047762690530856251454859442382709692665434388064339952747876352851553329358330580218577631384535754
0.78927458168341754770115556091925682734849847683763355396819727687146347772718882544369882890948572564 -0.85332188057679000182830017834289935006122647174871242095972625528175886028788878297508168888073466516 0.089653069647698329925517661523670814576946624241671405320625553394750706813991107534733753103412527615
0.6820485008658965071609904579244695777050145322954501711435821817452041272402467470474709363165516243 -1.7390704821494920755955717273609824719066683614784917545853680996144272372220978620249160795788768047 0.1214805433330006658192941035566770237162023423574206418366268275264163796869174026509788315067652251
-0.88429874536061618099316294744035367129196497056980941051982091097257615630633296892840243671869370894 1.6394417675150261588408634899984454484624985883245567300873877049264459325848966321953232202304827652 0.12374078070187006035220321516041319939424754925284177348643004542349506386721638799482407303558755445
0.21709144089475760988704501405576267583697826765647662789962844740940651229840678652337111215626534669 -0.17318377139489501105685421469999163031771222751570480644407176537475868858002999271328528514754473701 0.07111232990231371024520392895886029256435219019546129180066849788605497419090113630332472127599469443
-0.29783202304693505967902038990470765256381336650928671930736224728088135100089968939965810332404129942 -1.0006119104546557860795215059456848408696957920050291172165131677762212510095288615335736566192752697 0.061895044728567117633526429357667150475218931744659188805014350579768946536144121937291502497430166882
0.018503291210574303222550221763355273829063038844829934566524960020400564707414553973868065773166856672 -1.1238181174448275127876518863740276665496365747206905434983939379929330673698051899351412659742449069 0.0013605422392226263406987926863760832561641206155250018735647278059059766336654498341118893970360689824
-0.08856343360120154637549332850476159917098356452850028042176892176019236576638853905263704327781021176 -1.295436582070331314126377902232470606192791245600163233493172232831425170999782092374449301361647178 0.11196898860024833295022845518170186876937504346373924896682642128237735006577277366802913879241173872
0.035564072209601049935860786160285003199868234934961947502663900312482263723542858479619076588063439659 -1.1287623046138599838055966103700883164567625848728986169301302019283005821666395923855277730587722463 0.094150630169690485300104446169671807947418241171684591353899900684378024354701307458688561900795756107
-0.010846264040399957321432368000856978955462492952659752449979761742516796290956982006052757897769095901 0.15010208966855472117056833684781943258190467406030208205783949665184260571325556890318179898989294669 0.19697549009114592220535934145943612042300018422864355123915486667291959653138118725689688798472896263
-1.2548260645246231358029249615169144407365418167721574760516140622453956463981259957253041103692510975 -0.18805826225733179804057885972732718431252074481117218222069206193378942415412067973474311083003648052 0.15824627613600412467085460162917999019181771904571734081129333396460379899405679365872457566988718161
1.4035176634965642603151361634302710598629553512822021001683084543014059303157845477863111070093677794 -1.0047760002407915168212777735120755153452372278005968129885230655313179525813435315116069509234853649 0.19282633113123015333093569092817376728195150791059079986976745988864970526073351963465079920495018615
-1.1442690901057840321884685042187001870322573669877518467589880567215452082103595915670802290022794586 -0.22891041089702714533775600554311278650765500046172668293104535043565571344302091526134971469516709082 0.14071455454619431820873994919115605023644463521782834330385065902881011912380171661288577375056972696
0.51972437888244789293414904219044270870876482152263759129456627051852043525981821366149270236494949331 0.61366575455253043183718014776049100280124280191056187289169485095904090513517248274354707933607979292 0.20835628538156188735885426695230733350517198527476625212806610884513176264138661862196632355425459015
0.5763054566992655358537669310205194474811843152463160087038592641712855743865154333838319045291888117 0.13373867538974765444333342712848025004825835656226120045292836149508103349902834737631407622753189161 0.19461236363036561623972363272401992328945435956959434883951830084215611507100615526767318753711925603
0.38571286057944945193356041100863137269222814484456895089992909544339940602578407551971429733893106717 -0.86936842589438850921388289620129881985286578882024138893651714421553967925716577533278414310405645191 0.2039797902680279097731457018704363136244564256869195012174355490091139067940145125089796162547031181
-0.80775776003877922470832077196716528683254316979872835930057462614132695758711466580811142032348284583 1.6278156860296683194514035734816366807504192383782704943618680413898751106301100877673315283215232291 0.14061660240439149962278203048732317425040851472323830187958929015027204714137103061138694344953185118
-1.1901499422493258790181853587704876140122830535489497835412826827374333214386726814382713673715933436 -0.71538953958259598495999498888839288023189963798092142774775989070600824266157542844109506187043947819 0.20609798529407613929713399425377769639791551415543084188194419232805912595345971224612704717650553949
-0.67624834993115430368062804179757213897266242577238885937816937303949806459566971514862549096241348485 0.21441717857868359722261951102170990848353177979975091691186779157154892364613607189634520364292173024 0.13860872902804494696610041152401425349164836526339805034545929900997767806543916491533724368853608484
-0.35973468952845570518036464458460239262921598648358697066175509293117619913321473533540335843203067155 -0.52972670483771603526196102419002485024672085406593426312520092559365321087225256760201058559500556827 0.18701466154710136629076204394607841781242246973512429599125141605493822032351163374899837717044849476
-0.39559268730475857683464764478706061945261826359736433569468646174176639580603169134477511811832060222 0.68426750840158445663385414156293212691882561177605825949622414797397055616758480730236489459527067362 0.017395246572486344648489035554443716096312358621218041760218457377228313247505004986522500798942521645
-0.70160705069774506253475793360776535271752181947842755555480549450691675683559733804771356731571741529 -1.0668731371232803803563984659214816137388881189997918738512210718591979406232218081169789081651032264 0.093759394487815596959293401054997502569680220715459065732933395580820080226650120125259452295511323373
-0.98914878185687783239343279483325200290865577432930463798733685246562278437634635520406947937237070965 1.3944665712697645924952074533862618422057281689407058003921221328837207844293957841045117557395067409 0.12914912471986005894348676178034574648591055940733478106651432724927875543481408149555122117574536727
1.0483810461847619526616361981362253890423614476197673917260944077318370909399220727418860125346872847 -1.4892462421955399822781304175911270332372094872335125707726076568895361511380508698145359899622616335 0.16523795708149559046150847128307312391356876572987357529849497003983298506428226841104179753798406247
-0.35356579274510418889263986955611397760326283004688510659341434152951076956646827670737106399709636475 1.6472221246270116805159046705077864876740309760022816040637657489995938233608905794973008779106505541 0.020482537217306567247206058619810724528946156676192174596768175450654685758141820297299607505662692841
-0.8153606013023924535762883433246506675995147812589757733956000565821652870973071833457088213182294354 -0.12304077322468430711517869758450820804814172507732649270479520841817146542760577790099206011285417614 0.15046892883882737315257779293392544833729634138365219401093420651660214604054746861515827721090289881
-0.22928230197688141293157892071941605294675288912091885822245434417239731813737929836562044465821605119 0.24233273620690810161832532464479464161349979755375555257135911038905631084155921073109413437217914893 0.048095000778977247062233359374844902699493864521321476259393105412902792915276030347218984335333084778
0.54133556138450519077256797278744337706523919048256605355865467066371389823396298793830795501385861409 -0.0026127043376975830839514616079879988750664313469404834807957277053337961404185830617865235769268932773 0.10929940424966088299259275708941659165071908628332998387081883227534511739800346469748786566380620457
0.20660720306188999339482863549180017300192255730300569096989872923767742149216907681362244015366875078 -0.20772389958648838355075132130890153050279030379217218191454226557645381939711210032692886624044563306 0.092220064822427007408713408830151839462940401741406485224510300806471771920617872951583618294645088878
0.82947988514814920722335424935101459497837614104426712653815400104307463472210703887456596373280215893 1.1047197099891379520384561264788853974220435545646902533179016850595893208643252656042425341150200818 0.14192214983774861383256093391548932763389378568707717151790465430939928963060291512609891715854681777
