-1.7159421058950947751639403839994866088879016870891184537035396355945678635143014937407475512012363173 -0.34957900454095195692562576734134511019728122300969883028081498178222513181662744455257146802487231023 0.20566232734257775356674840371804937516836207089197621720404641402003428607743693240861988979112702063
0.049296814308333529916027592448945236744204206459772912542709462411132894043615084757547638451938176569 0.26255613234540638435424877585919395214572366214825216162481325567083681741458661962881723469700530736 0.0087713165687653669746404823402295360740613558471705583162774719848901348426618879644785602130561431253
-1.7088483313040145449141802739646020883822843755867922297407828065607976776123373839982284120962759983 -0.22889080873753425060445632881886619501752507761969808662149757574921021657678322052500945216295421184 0.15998609515965457579518093680200292569053151105333688776468440066977836815588003331434878215620191733
0.040616198336434829320836962432016752410542923624589485628754361341257435426919135945419570413422678948 -0.015030400539644420132529740269851533300350864177427238160225403387687945728770513853382007597829093628 0.12524372568057858207062566429625357176918550612901672136310144861016167121951541668542475736793256432
-1.6811660229693565014832305384312356894571035776887019056313665863686011453728558601958629612986503921 0.58177064294789843995601928884529492409794865270829365377842578152957045234511126068666793080553211594 0.045340910707042885361146118522134337291771787339057941452722001461192417974917991175913033889476225774
0.13488390319969991686779936579220567394212541112064691002858807199194268218125051474748101046465722306 0.88343103470200180406706023448707356585105128289728449830958484013630649546849622337946576362697809327 0.1060155883701160102138604967491467585906653931764404116853435668716762429219327652590945434203119254
0.10117533838658166979221153649676937066571525937954746133731717425029590454483947144635293446094931193 0.048243294735119367057994383051317703373829063654719399262707398952072798920131119766101314914725643863 0.1234714010223298958760075512219001734395933599802770322295997982337534330812394379406320689711326557
-1.6192985096270068623662447154792438774308462737252736872118066390987799971977948135465584255583725914 -0.3522659764953798161514843904536106207555264756794590413435615268957700027548374021021981583854180967 0.15584012351964814503795338780173575402576179911234610000580716638455710176072607289480931737591081255
-0.8421472048215395377644831101377683948291657931410238811427122325909687241669197924345055935806421928 0.98109588644881957908726798959463412442303188650976847041670705138769046539909830266454351303840006509 0.1854010676517572524807021274216111226715517412404483843341113956988708730281980115510480233754840367
-0.052146560697458452080829261285601396249274071082934467368202430980466367508066778089169404514298042979 -0.29633842843846797193071345135355442734696506618522231836826643215551103811257374450057140246165657459 0.030837218083515015708132555582515296244975304274195436412900263662405157944973338091607315481648539527
-0.017240372736906393607698250796852397159762619730699568979242429660971187868071160248331538099626051842 -1.8572176175611849515899517330946294120908011191979735925799562726769601189082192290204609077802588174 0.18786826883227252102042814087215688299825147123448732899728137018869493221222002254455452766451677087
0.17693028280819471260858916564155138355185887510586775007243896451280527229617854778224509113239955386 0.21790178612585400201742375542046978354108246051486649677268165389568450809484162473654137362669886508 0.039994989869371339665220067383554967410313542186569044725887800382946821442363119790752137367009479853
0.76191027802926679214146400865755608792764091289689989763524184254796773055277556545444752593479958051 0.23530114575243860212485665821932329861476535602166463567615750178966555491049284282693535857412623697 0.046016388207010810666278700556732988801131368078562368582933332379293214459923060321257018047286633302
-0.19017607065134090800102648535279510224395876080701721017080089696042499602424381458955991008984283083 0.53823641391237794639929795700607213232082428721089874495267894403203113372967374476094860982335466824 0.12482652261533361929756133986580567362088698493609994719904743382895803861206449234005078459147485417
-0.36033838523884005531988826058400898265150505622445347365677673230370966267401257573769526310256092954 -0.52698220051631994739042362862255858397188342318836530061381642296796201466521198078558737783190251623 0.11503245541176766635486278017990835261452841519879499104175726691603819062807877025475095632225501917
-0.021091185501306694054256077466472335642609103019646491333770712345625319789457323116385635586733320639 0.41125103539219027869598940547572575354662767057314393676571885617758947295459642765126417855839607441 0.0017867682039675838346519156550574840950897702381423347262278745195230613066960358763268349605557849359
0.53116257379374523624139117050059676545646939207305324524314529139598101953923278813501463489308585024 1.1690990320754082493394504666816444751052367029816810498963444093379604208880036807706355804106952339 0.12757994063982525345647771330810775107697395507643182994393074841659586119528985485119005455041718917
-0.38727790445757685271809883162737048413678816955697979930995675514619652015381064346607260283121075533 0.040676949273244639204629646502550856273661858561492685804215592172546022012272974269479836635136176891 0.024706995694876767207973324763737178551214701027205799754079699298644051526684252775991074960577477689
-1.3989745678557072141102524835205725234039740361873820294212954866047532824187947053674962857177327102 0.14390083130051589609258178105339881457686455929559870754038296940498425110000445856630150296698844913 0.15621257574160250034784764968447844111128682177944648259273865206162244492250345426711597455983420823
0.071792216918397860584904592162818732194377626378679348915932893540399905157864105991242948916191818744 -0.85090424399760594991924322207227762128246730600163031170201248163400817674421376900870654841399312581 0.10623449101021063526589962482095066406123511745296951147309769236085240217342574309033065979598254559
-0.56110941913165325765750459337697584126037589926762543197615847371167794339726181757941348666964417018 1.0570493252584665687759022673532167985176857861405525577738604892532595486525760718933036992741174157 0.16456290732949674820948156067530534824423544211292138904009066770829785365017677144347350292611787134
0.22320325030337650783559297073162269206438068595657521578293883017022237779381935338867208667911559318 -1.4640757753425759070259201926507710969470491586416259087528700072558598284625029422483324473940031366 0.16062244649674420505072818889992241406741422057605111106313760565138944110168331598009168894568170836
-1.2594381172564092652348810313810216529311530364947624981613560459864825567897654932094904447537886742 1.1357723775719410501669929792347619787570830797551678426698256996357618536034622449732762704946279591 0.18965032312927122372954394973364768026384356149034873359815091566395742550894459632050218555981928377
-1.7659853564162548419151018435900323469066615278812857018699093254085212116187358573318218788292391586 0.88427171483600960790937857032430113935064295942248106035759448446738981120614547258692721758835940347 0.094482991913192944274763621844733306453055444878685383253257697929116339251645868833237674714633272142
0.27386406972942261912594905099557985916233074331668622594858389485550141274654175167408475688077558817 0.0070919987662239200226889293341230494202201080653958269563627296456989016443363695135598950366589222999 0.048510533801189833380616666131662062005904249839157301125405575224754364214656833674027637441730677214
-0.18358611709857520218445543196505178090374066738258282860900983215350415950947126484075238418608197498 -0.0082802177822075770122531074908653054203619254868899762475108528166466243721628747057912807182519973156 0.16622368631270361687723964420558891345773672298361225364562039202791183654445629318506571537479375581
-0.02453562838423781937123374120807361179086611973939567403609138537316113987766884255304382747280397723 -0.20183050183881443146720978782874840388803327539903772598542220974324036787142457575863943163488132862 0.13209003770210658390159797605540407003787688112296231018844121680093322640449418570328929246851281141
0.57491650222792811315039718055744765300536217099409432256415672884345868058323314389677215183113328787 -1.2764138627840390550109686407547138376714739900484915231449732442059874067155496900251387706621704178 0.076471870028401492082134788900338509408315851863628814786114590890430125320704042667237851704099582079
-0.49487673119094859628952111190108878472876561629728681698149776705796547399957162191447509667189516049 1.1278446245134588511854108614037619405875805376021315119154712901952610983452050803334774677485802392 0.039641128550203815691271152174390632297931730983289950413302491775721638677671848164465985616017210239
0.90713564883294607944835579791387564738744919707383261733632504320873399425241190135592932612945331728 -0.13316511851878631749723169631868772484894013130741033426633115832279988070472012002725101470419070098 0.075184699567771043526886117984117727709499426421713677967800804615758914460771056125373373139263217004
0.21487440202229741069113279753335713322760517514649644329017169992075902280819947638840418685413430481 0.84150202480946081515556688594348178565368966973038373562399553784062520422957505711921234318420745522 0.11412320031195078092153563667559826788565849311763298626225396622389233943825147371300544212397827846
0.32743608384718481897710508124538343421443946184870041771485927942646435490672883635649868820453073985 -0.97142984195984767571829120611210148392916131501588524668222610378456410348434626367490536979986859963 0.096792090104724678469713762184478247829722241547157811880070996153690437248986831674569906357579171782
1.2270497912779108042435939647724251893946481509470702937787439979690732399163703171359376011078400584 1.4506634022744433068576326692639115434660702809834079359733898373627414055507357730021335813166131311 0.20132410638775985432598950285230909955643370539875373035928685465225174043558761905172834951543603498
-0.77112328112553125513521830556783011856463785376309961269759113847143183467969794808894562505501248466 -1.0034484314019148311274678108917112169550026754737247581388537416985966913607561928561511692769885654 0.059797340321998172824263976128461767732984715291247517361929454322341472703118304264230718253188228585
0.89156054770679508630436759031677126001712366759182023457730200411084697082718456182067513781583082328 0.72567424037881399355467388650646890662526757025698576771343577190599274459247943575452581364806796646 0.13179985256921438730731591879115340973355208690024181931902339171487097408216402267110378049857508386
0.14006403995574766742074112143962165969494812864739411288783716249941035765326762154679192723386236546 -0.0026202418698205581035327331220259650659072386618171914784834573910343426929041292001137941512381848502 0.10081148985105296227637982725816687896943304444548552726606952213131675317177251342415060326553679509
0.50115431524832945546772059593197065924505877437387562629687025837540419062160438219083837516049679201 1.3536939881012412059297327211426235885155887404250393607745946110235919972938176441383169764375660245 0.20890326609323796054277745691635590943958248321456275484371517096192900204384076894386902880913413924
0.10959457791996754259105182851687675333061041595309117118676563125532421080519721066346461567028861317 -0.089861405108165686310545484341850248488976404918862771608862501128433474214396839910596363979890809906 0.20575256654311175237176075011771273533363294816942554613478902611463333767816021011570331984152288894
0.68944443274865199377978498638160368157288569855217219272531546709418043732830075478681144863064097493 -0.51485932942140894807608320260789224597667715187908176052882955189053530612147896063668373473543457112 0.07932866004980636821221349365854514314287195232679682548859444084654194009484665179157632377110167683
-1.846870613691607744074553729749020525333117137813854929821668348365909985020790267408831090261006109 -0.45370731288467850752729834489297783749708778415868805534479275064519162616483325585551295970572454339 0.040191019445258883916645356791874339687914096602864137661353916219199305765209175940297485537938094613
-0.21671618422398032853055077110734635674376609202440736704429496374103943408738411530705455129696742609 0.83950092138934973569556934835555216958974860342704977994260826430763475982903214562104972231251554882 0.020310518108149688759415075728378296850190009399360453179106021538393799864906678003839235518000385737
-0.67937032791446225120172374941268645206518458137874104173896230550868357671994545945873122024714690052 -1.4956287109273413804757088783881965367624043467872183902633041927945599732047696350773586368678621326 0.12762303662938702915746333941874647297277561106557147192674391649246515365221995052790231533366967298
0.23280418554892592876727942084098985638853168417706843576555985755383769295887526946285468238094797483 -0.69635538706665730701871512614005222885735113006131102212567820079344788550827035238365424373095222138 0.060517425651515874592300406672818389528132168575491657897383132522705509659784185582016265814463449566
0.93608774553169102620756316559227859130939027873278220958907795855092039829329994075509622847353692579 0.78774417611179451491223929369283152483962109620453910645731651579602087094615976405986263697293602737 0.13419137942058979313532908770380961460212746178107705855666306133721677207857077226371246069715812149
-1.1957616279242832704402598922877889831644756263985777377217531863994911459829161235899938446146853515 -1.3101085493362797496491117143971411527321772769697348008924994990692278713382455884174514004389974925 0.2035844069982287761719013895407209050553667661189785004812421515882948348437981153592888935800109713
-1.8598320178049811016595004511720671455687068393825770956545085304411861270600490910173539048256736408 -0.045580577073738060900321397888125966456770477113138485882180344790783749517204460638978940628628972885 0.14979792829274773323890418011970753930405042557184234639903839354161779568358847471555595763394387397
-0.14045899430245779084123379954247940954837190203699158571698953577033090291174159877484447447071983601 -0.076948900071979475943228488210477648379269916269783908544274406694901726690449165690517669881836271784 0.01835518339798345801737162130516399376195552510813035693422475424541661737482019256016084496495458625
0.21521541594479694146581027604982412286469968387055002406685190383047117911367790043638699583477295687 -1.1319445451639619219038811261274231653650509223581634861745209668412536675034775732154724882827419078 0.15486675547213591911262584760927985787009518242824720300290165802912488145393471567515843881225498489
0.20780585826019157633653198114146302540343486505455975995647068104529887386004344562636896114643016231 0.081428836556241417398681239534685228988088608391827387484931923955783414912257528614791994020977145802 0.12475185152697464510021690676293846486010244228800813890077682547188453046882584640108459739093941032
-1.1200279996614614608527558937831965299751980118830738951693523951776249161088451549935723416396380447 0.23706871053944047774116997363737485520443994595440534712828815287417005993303050643749539189702043158 0.14431567037020113066020525314227440193131215250895354229412873013392265666450442326920220901723577968
1.2948474777393675261135175711820832800865353149543179178215021785995734802983025749458844875754956979 -1.140280442605187927546064980455668894336817070726200401648556393439843315480780085626142005961536899 0.003323415184972022283971388209661729009265426340579698025196114303790852153006786725499595064944518711
-1.3175773189251375436074124799872889083745340912867138628745086757867671087866535873312243846079464981 -0.3538713259620855969556965176575215033868274641192599133277338624801573665815007983217868305418614145 0.055702900338864521372284462490514571651603437848781267519117915327397601911161242143337391953556090824
-0.0038474925502750466872879224032022401431503477120604235910750580694788611108771680928893070923323190614 1.2799077278868430831863791018997188118519432571276092239459209619962460997493420712481619648386431691 0.16065760496835175482151921749127005405736248656582748744937125200410878283191570892738187110878982951
-0.78377972088000348667036792399833246244969896250365805500656588731233862859210892512352776017329762968 0.64296527856665170834695868415466228454523649311330913464441401355913238042038963618384297614175212178 0.015930689743916620541411668543030932766892310444218490016362124935543160430403991534301655005215767569
-1.017629179747469386377283842633245922322722463270799513534347616073531197510804207076936567554850466 -0.22638823318143880993471965895465501399897362811616847405791395159856936748756022044243322987863654882 0.021583974640416123940042422551724964677267549750512258849643699086139911266914249746995514504618825424
-1.2161882830238739677281712550601497220846462828402237337729568982278803091709874743891692882851573811 1.0113548421435773985586581611300037706698541456239212010162741185241983079124763463031246621109019671 0.025469897084147292060583487963318197016268608646718534302275589108315660373499799425051110576964650027
-0.8830436163473760963639115023264865054681488063658014801520622477745939005155370310868077707033205893 0.25344726531610710816127278291400208918182848061915983778079272568480365051735653884932405823434484106 0.16621374123925845600963788483539222476584974478460423237388293590569114666554554981930537959066072059
1.3915775767360110269474924398065094490355576693087941127570751408514155180988933832271699960540093763 -0.64124481797406608980557488298713787458875362258011139042232821878617485506036575161541334740439867034 0.15125496541132796745690080433408762925293070007298001566754816802598629212596905710316727268034261265
1.2830735799919263688686939784225329162126480707034468575738715039159513486670305717749029420035413845 -0.72588640832326354245994541746319796358613301466094557512277975017710237440199965109405232593109755438 0.05965567562568150949644566507334426490998806120233026815030194841091538583774825354132497994215494375
0.66251806731162383277376417872210494670654560840086790145794126515160272559599447959459540103069227482 0.5730335395880369440420522303176973938015599511669644222253129143665600274639441806532434705182098313 0.15370938861567074486882423724329217066135946285122910458730385613639577383359338523742506324337531807
