-0.81576227203456917564672563361200892068271709178687195135748651972395944998611479420924440766884271022 0.78034610403445109675497164840101092703697836792982821013132004866313659646590334040959079051877261433 0.012816901563154805847136792617688935787916457685898469586258415244408743116665300025644076047057815889
0.35253601995762564619191683026279383276378826056274056051971630180263964005359552838373379337134011029 0.38159489809622460203974923367132581362675035533752995388822472615122765328010686916621806814346718947 0.17412489061468728498483166198292955059561354912211798954812847137520032523792354491455518544770174389
-0.77795787548757797516527822138965304079589576174536196885922561962365265050912575706891653464986417147 0.085136171660846673053866626401749779708630111938353183693896580029636644983099424821163134672657024168 0.16942395574190195043677203988138294025298279803628053479244158855909482717768756886945725367266914721
-0.47985012295508954718502455024750095791932785427806434298092894969120938389878751781982152288846216993 1.4283764610595630442127432664578722500769003269481326462090964660949396825353379490669683516928097158 0.075661653703569526933898509205736625258291988465772766342882154904723178580579808221180049647698568311
-0.23688526706680404395463328418269031975186984339147286404578788994929342343989345307076031897952533906 -0.2844400641378815202946188431486656492363208513663463337964440502125511648314892818183150132506836955 0.13501991738752717287871465088397847009761688331423429394617592580910237369308129805702127260604553272
0.86335387624340765858767252791224448358596491778832442476811030674741144866384361763158359068970716847 -1.7403064312591144551038903581576194145072709943791163232237994393658330099919289851619213241091949377 0.1352631825835271649553083436722881493181723833309896107209857868281934096143575450652253089785584763
1.3863912209009328342939923528441095102960240093481244372347552659612353860200333409395978811081776136 0.13217454007623445070755018269321846890243083866443292748917269271942809610947567917581428226251853116 0.11659241599877407987355556007882772769081881689549998221725785042252894827855674566970967109386080375
0.051840414311374556988329265708921426806671033885926543723673638736603188709869524377725869557454864416 -0.0019676709155520046123144633212900767262206975401992722109803976827563826956063875130012789623923298863 0.042617332036059924035552565724312539607640274343674124117499772483869622744276764786710202897325824499
0.0039276820578749898559218979952862453595610543208960653532761620087911202229627935582534875382121792148 0.38642582459238712759854051118388298700928416030355222419251278423067886741305302254364192966612723861 0.12987387073804163596825239080511899604166505190971066583873273658819862083513516020941791780765865585
-0.93938138976156234442395861905013675995163393046017974986460622892843054488987511727078970955476376547 0.27659506211115112324436896568530278880859005507109442583979833396883082512210326196023603188476119007 0.2024086101909209042365026592507663493316773357939356086454924777803282150354124171400040081972520436
0.0009946609402314489994183411532414361324374933566705661819238382795689961331774497767074984383397763654 -0.054943293638626394279605785662178371878496300096278109258090602768412014707039561666462989929886374068 0.12947010925326448218956469205046939209226236323355775045786444876241554634912313298073696867045360869
-0.10675756591882614796766106437129262500512812146657065208342557373703560552755799998091632545033006353 0.28426233968356941118091499297970741099907978054402067970254114434512350760722447759689766304075771983 0.17495223795534192457864001585044229511987718794576487794393039905693224987411920645032749582933990004
0.24372651795535878345156498213465666435179359413024635296174213776191210137024130562538487774785277188 1.0620098036738872261109135341602360107336445238671939577294411780696919953501956471074912872743422856 0.1718616908358172065401880840920199709627213116387320130992511663178718403365982786277606251601915496
-1.6388030646960901794319794966466945913061863690830777520667296146603135168568253280386155525670439831 0.7394950992968914581860989428576759000207316898018328719410617589837517585977370056456853907621854137 0.025051672634674068045424048350815931447222886191503472159295162840644921920063226986314370751027443713
0.81575568075030938510444780194737147324334330344884905113084514542144086477688496007876119908485936691 0.96483603075133164475695812923242686259436978093878333149270877468160752837434466062183113795301212618 0.013902107839350850933970450723110248026318216721596565459167075583557476692747666045251162830513818754
-1.0152549766046628366182293447305100980484868616798052405797138150403337862283079702431336573129175341 -0.85743974391423934497879063118989599170856128755626005985884483428219642569987212965171280618418344163 0.12080513628016625670975379383868359033913002881391625118933131152556478656977024682249008407102006281
0.23828486805921517967530222087598908973389502231283139898198092570797100009867583912644900491222310305 -0.047160473852090341532499756759090113857898470465276559410787958683203236953233897098112316956288015815 0.1154845080371626860593367504455436564756604201854536578268553678777490242506781929676822274584552298
-1.3013359143569646637850292518229606666087001575780551846057978471542301366152233706453812947359283821 0.47093033682421700605709773774609726726984710841113921211875039384976665484023013528749651492582650064 0.03763813717652430485364968691079704980806994195581193338162107206560383809031564655628013005151192201
0.30513224081423202982706887516418248699585007168295078889720229900591891059093085532612874322831876327 0.79909883246969670953961207946261577792825571898190503852485258959125532611106054575020828941130816662 0.081760670803893570055436708869298412426375332697092232858413152664723055823466556255528870185558687851
-0.56561771434753300745970856249126716726687471219287504000546997925246961917663465864251231666378493041 -0.20835429259599373440799911202290069279749221198283415252317002004406826702137741238143570071128006524 0.20286752461957451052278568478436196055332698352462015511252334120302246212990928501257102314789238132
0.078130129031103420880617059153051058524809417775780738926030223764361335075941037038742232294317723827 0.75502266421624917061318793412317640692473815756597893681067490809728576510742559738141527393362875617 0.014513142013613420259307243000912954582514127271326884424036838722226227913401933550941392960263357419
-1.1269145926494769198831875175977759061120302588479031269514756514834065011942923034176305019264268123 1.2610091031122918586074548363343541472342949823724400330842564718882305541219492051089182014928635245 0.14434676062373393673832184995342505316821141212824806600632289494443484369881397074795798760615957534
1.8669804672706318469187984840699111559479856679871346722065458559125864553567069853734705601931692097 0.17793445481088456948925302596899792893440413592793326059445293384096495174610297498759686588991407541 0.15472110486981249372119904745597428392465234189398065851918559187619217289455167665107703376074778813
-0.23817745390257112681770523253961811729797612057613945020925836523523219326292908493779453941232623047 -1.318582466128282045895605393396795865070812946513440788786307175884667649192896692706672368699497628 0.078735017632686662706709806159980834189094842507408160585091857416988844839356581014287646139943309992
0.39600072751040919308950358683102383461369434751720627780012446578913358445449470952856048528329552603 -0.19924107032030540809627748251112907479182038830842965761976152222514791459007838132729630401265215327 0.11276142711650777140156901922260347120077057306557321249052228205159651379302745101874251517423719083
-1.6879135082373801650203252767014082855685635332115926358731733189750944120186999365204224054838066707 -0.60684543540112121166403890536835174618753531112306301670856298485365804477463231681982209674009507867 0.13432671325056440270478893958140373246366849252143819693987925329018534324463941194812639914836655692
-1.3729204169013579882447649245296296865482142014042632989988284288106781009835560561971279374989377934 -0.1236166983173395687482292155848620118845703969371412346905103644349136982604202482478757134537500765 0.040552041311126233195615811617876880594969104487130543050284488409078764020469639710228177915519387397
-1.0082334670683452157387010276330487029180232926410000465030920690336325524139837901328980581572990221 -0.36584849313355839377050603345343024738395579031447623015054201145156879677563860719714298829985126196 0.11401809103473776561817046494955376166078140719633545233076566962407122260375890119241593299416247852
-1.1050716998138615384276698104999418179063858149454717755578589572517197793523416433040494245515344451 1.2382244511649214762754018008261786328160455324059764862927207628221505963405219054704501280093583665 0.19500484408038880715261241233524329672608967045506934855171211505086157950177508282802987758349928417
-0.3263674034561352078639348199758710420240492155945350669602550528608152609405187643658463558168190212 1.0623886496777760416544179470840967710308228668025705290616871723858222612153346564168414198693206228 0.038577835895790784375825938880636279879526788646167286603214357869950672379279840899899603903795817788
-0.21307124406739202839115950895930579905784681510849046508420090334063247687598513776300496899714389409 0.34714991943150396052152673515221685297781930336741231891916296941559876532129579006650961879886989026 0.20000217992707215490830569186703140310322310875131773321691727002626000837834262577095220759482291265
1.9281339968774403523038848340293462475131045229633449081573511981543785426172441965672532062091911885 -0.14416301109478546583687435856975829502187278409167231706217751013248774172647478447286229759807950587 0.0095266841069286956635158635977387268536811834773556182730390231211707869379792652887828927217563937795
1.3291597891506860264027768161989056830767975383071472830007740577414685244585332701345739967715328656 -0.4020293637166175336411015264149922896360287124586918663840166029139536748546690998424705842219687233 0.034339858172466842696317525788037357928512699501184840200160151468808351736114590815657164084132262994
0.41396396461451402662392721992132979421317336863797571177487483535009950451629623228417439301721570747 -1.3232126345782409876878980817605382442853438308687790172319287626814705068920793692568422587142959133 0.11974826163771267853618947747509085758044705245023796774784776903937307612958595232900141243049130369
0.26334448562326793580575634996300309893573964988987104985073124979583774634773284429571298656658326257 -0.2326772547768977141889468005446861797637495242077468127730620315681566567959426714467337797347732102 0.19400941568610938459889218951609133290284473586789298028399137725129369881839183998715159525522590705
-0.21481404327031500187028714062274324178342826594629564759403845140449045986451818086078980702605870544 -0.61265914862452103954072787041472643789428542768724993073694528168016167563613941970058451739316546051 0.008136948735442620511007655049107513390139035827185008574915776968954645135236554152064880969058984981
1.4214839007130069254344458021105759804387959880473477279342606536561907134575444872546196753436815813 -0.99759759858043958261935550835525340538037866840937569139146509130636297189448360359679928631412851261 0.011155237358362609209809844493842618976450931779225327344023222638722616696866384852759619844326131541
-0.22698812559044454453948857215786248871365705254974440045992051523193279282197461946444750884443659044 0.11264759520505817817308821455452044513263055260845176561463029376947939864120628291235030327607287914 0.16293498816836114565021197482466208515054382999280355974196478226874577938020222228792383969465460093
-0.45773880441703983923936589662346001216245731893261327496542507083135835514238044112031878364627431638 -1.3690725439340581253251094600767511190310844725657516616513561844258379357857932069337236201641854986 0.14586257081969991349004318423518219949861630822368388054841333227252107340183940008259443015113691169
0.96927889297993629422748587897668698684275219946432735033988455853329577179309246062883103946096959821 0.15820921073925953088680655241102661782552271732280006068902571745453382953214676565168584970868383807 0.14998873436667259548715570407028372407240126399424827092102304336994815878620134435324549296907549635
1.6261152252675807478347352174633413517891679879888798072643788606241527205030877908935108547924693003 -0.085425493295276592371431013053873520080462799112252953347601712720007748858902652618003911258598003764 0.045161414550995165186147139047052836267631750287197123855006604334384960944829483475340683499881544695
0.34933986546497743210655474616000590714147466121460967619336256225109452891895916847877586446089876144 -0.22883025096555181305432457091189443910887139671594452740371346850989123480472477872404854194064567199 0.049230372421738091544882044908239157246768725683423168563909395211025728643876376669570203745268938483
-0.16671523324917302879036291216717264162807940472802746155475129024901230268971782512465359055503474755 -0.73980681927073447929728124367283568835012511468529166293711653513647984401068827668229137193766183728 0.026672510896263223563313941048366332900147574090784227729678940050065100557747526277677306978383957893
0.0056857499301672763394242510781063220704463602778538150506127468062151355805895379803140531740474656533 -0.22760738644445687400667820892525628674084961440618902367020698192222579370582974309506227996640275584 0.063333259956913322565535344368088076904316618472931527568886565827650459943774864276045531070271751524
-0.15001017516004599325451080125806328559797659193567977595707486775902732908025642606300736601186384809 0.064893780181425171686485356763615279323217190033948679556938588257401140014052788971584551082668529875 0.088343011891286660988320800235071878339665412172478470798159626582532798531444676951646128994972240887
-0.89296108991876791779976545509963427967792522296148029588553882436454324597681563149834298344551063003 -1.3370015710744395731472741029878398192473546243441128598690912565356239554989595864280143771700624706 0.11372122572878834690676662562864462122916445911662415617526620978586898497838873448216904391527555691
-0.4154348756897144293847215878291488232557442272485107956542198581461205229561544710650038944741150335 -0.990926224866418379601029488270510693354946711586780317782790428095217167728840226461957364491385591 0.074612878343501416843155132639519051021161297612792196175663696245391122433376305961223787072334219861
-1.6489063636480107638562019342281189233055624803206645991275963992136474082920383821388099847251533489 -0.12618567479747388933199913457449192249363521925753111095671663586061453229467203487980291680487313483 0.087187395795030499643891661270922912480999336896163046599070412792971188128108405970000584940123743661
-0.054942456851457061311629007669894022611978284451680889788180919771450139473167265292192876425104964211 -0.39086133540375784989866410290681258182476721034290024453101714952300571908761590097522979500985955632 0.1786462048453446985573784133634630478167396570640870459939698380240986336819476904455600885521464898
-0.022502567173879918693412421287207545469627826165310772541453360590665507148447956148383264284761623787 1.6041542818180768580706006102386906732685453266912187364491748640984550854736488383577145217034179597 0.14965469556730958694403073490930419987394466139187623659469377337516201956471210105367217160081531962
0.043196186228840713143112139890312489135168645194190700159636543298480388089671537791578853569511323896 0.080737818298732881439659260262536883656591919890717709165532488298765949991297436459549383074182828931 0.065608914583962072351330570789094830136578759152901893228498369195316319824438527644779435416043496227
1.1428730214869203494754345672665697750269739045451128423901410549607437498270469638999288805447775905 0.031249629836597263184117357275979986432916851184651291279357739314773221173568033238023212091182142958 0.1404574354523249860755964234764488087501474138285371700092304722918430860499621396516679186934869084
-0.032945124118966244398716377410714279207899843501700064117222911544097687910173016235454067867210754747 -0.99897524761504474864656473558636847660015015727727969954741776736004873122061109591338256170503362135 0.030849018898389419241751043955304870573358724412285251634694234480331380240277868146763432197815172852
0.3782997172464876028078008395177581805548229833711488259296297983442477705348556789052465823326562048 -0.074363371158484139397080378255601531916805949504506044314033468834624459940855783421764181636243024126 0.16946079386792201279979187420099596228637861019404778272940809300949329260762644161046677782823793279
0.44042159337361527488095398219769141495769113004937108375788597630052170452766767451218113263009371387 1.5685314720829211729256914383873156349448866457002100336626474639579159147084137361415561775691182721 0.019715057908643382274342364400905528563005085899634894925929403720853908117364803934481796206631263932
-0.023549963628772837255619344423884622955286068692031287641545810189860309072668439648575375759826774702 -0.13401032918344460128088486383831612893635763424843229862217574988616482274668656572830923489278632939 0.056163933078911542931325640679079946073891292599121655306087936531523073595987080833550366400084766174
-0.097167587479755481320552711983767734291269490937314564654349501529944698374797684490332186473440536573 0.36475853898405829672120947898536555776803509996513352746265260786627300450563677739153574608321859421 0.12802226370567233298731855472134634580254180900668301826139662436983736549268221501343299570241565622
-1.5160523303729613352058368879152425669986454808137748715268623418714473461314607112527550840489739543 0.17502078144140107422341310934528821440296337437514280675694707149337988006797491635170218381625165252 0.18521915505234870053909383427385650004426225916715758180924152576868139527457911963796191651352381291
-0.88793771363582563984960891675308964175112820113651507121311144615473561835109675700274469496159970305 -0.79925900864981260991317046618013741330580800953705657275284546854970082790330879837979062752288701813 0.068042660235621940993490389844937842278867266063662778548403389906350521235195907370278736936171616109
1.5714955348773758881989976579641227614466141014062407133478668066726158331347061540881511666223680553 -0.332471537031942023972710518904796120797142053533495177404679987292908713269004565886539348849398385 0.069657508796172550248374330303497104230449124105008519595914152132831598607029915671705437941877980792
