-0.00074928159389257094297777115644049860058803715554989031057999156664056029805312108232953874515431617292 -0.028234494136264550638132000213911349405270580193654151923358096712194275907553510001223644296320452337 0.19871424635777910571047520963868550951685910684030819146196452832686152361440559248186895912590654773
-1.1633170272437034368466558936597075885194184704252721560243114166176454499613241726209288340396244467 -0.34718919577933726940047579090293005547933467477543721709919360615293184032281756596553706345927113965 0.029806497522496920719729428047632500114968813946632147793869822391274157159384337850906878020119264746
-1.8729220439542177689124114125365320610102974327316504557608977829754108096349383153300059844239104227 0.14908401832235718230633632108507575104295928092022956205162002902255684179368617163058900485242318456 0.14351190470460328838357895543760350141385470009795959218103425975619366175945397431051287036185986234
-0.43688234450974095733047892052733412339892147204210913578502014029545374021272853720061406025646131183 1.404006014103211236376721655626729670795190158732316729088729251022345900018396606875507435303528652 0.016437817916375954244152830109908013621310900078607778045745766467784228363580804442832828390056259132
-1.9004311563539244108852915653388197671626546909310136571027668859054549720522052758327975103161513808 0.27262620602250094500745794154649304009875744528050244796300550632639892330403834279130380156825352163 0.13107965468240930423388831510911170544059686458428187292311771004567316346356516331374313403213986873
0.19418539156925030863739558744383152152245126283534517570287139219525122538571371404106754105229446786 -0.94179881655658510790493748112035635229878481276247206376402458179459025926382757388520274459658148604 0.010097521260394504594992411657714320197096606247717540956707157246599314877901740815676253726656711722
-0.3660772814560195538870613530243294508789394669280370280648592641376141248837564855163404227576542494 1.6060215267084802522815824259974648905963133284512864261248387453572033346445740671482679626297984298 0.16474872774171164250830031497527778530290254611439478859333891397736972199532575792477554766613497598
-1.8885749797230843544440916880514447933417908696306075652559085395509660559932630701464868224598264817 -0.62196349283611405243793415987851170720453263167753364785169351461145317046634407832863403293282079621 0.12290454891601304657302017581202958555320933123635172480677822956681476191262972281011882260315446821
-0.8119112223093740483440985025000733552027938912017015099469694616062721743183972036301680304585679446 -0.70051845755799772587990601419411070355760702335641862403385227209414809616726458378811422506347691251 0.11975219706485183531046000823462379159133473515551786335542188724168142015786546007989294302974393248
-0.15400478955806408063337670638805251538833072392256827550240365684224791915470251985217728918104659227 1.0011302060981316774040755131302913017313051814441189078877710458604382690467996068914776527625387217 0.12995041123187196840868246250663015255028836670981091719522115256957489270274299744225179046956724955
1.4097940676445548351869375483471559460086416631289876751995520179844509085393930221563732068204792426 0.4505749432703668172055911507080540225679070943766179945102100272155963899690378479340954868148772401 0.18323180365952579458081839550013640639000870663211317067091325719319851551065234966483873647946392867
-0.44446854301088170703183045881710255285785250349612362464731779376602810797784534934135165244834666158 -1.0128752914429399025812747250757243020110045535026298499380911453745984402202718359814317796310496368 0.074657923943376799598839649676205591656076623568268088997280889858873421209264157659402209795532594318
0.20047329574142847601568985938073991274713367545418873362221240556329765404334640019549334375251570271 -0.83082458142727401426385090273318072278099414594093991825132242195425306410437218491217084283036087012 0.13025808527964568841689535668231240655734214822115903871942185488336470576061400914535182621918564163
0.82020920426820406839624996257574237143391520871240131906781277673175971553131390426406651621461794196 0.96212882002140921558162325488716134340348763728751607068082804542696397689333326502012628505281067567 0.097333886785497625271000630202665736022627878261265265763457674150728566757471338826148310328773815319
-1.2111953502269795277638969176695168232649335917089951774539382875228520606785079532559673841531368718 -0.14236853912425354776732808722277639005016316131558977553161843476552317438453100678825757898272725957 0.058502726571505910562776749087880056328802421360619558700605854932088311159170513323984355039958000699
-0.38635931862061636794593757788731253130069880895462476490592010272124785245814249371331110962155910998 1.4162385010997042471098655717506144934332387803050238263111206632718779314709476359195143560588403914 0.064897002037775846090853871056773690520484486344728040753255137733550011691956182488716060022006908952
-0.72100316721917989455174651084728913218384693253917303800050004178005828541335728932409985535317821426 -0.34073507744483524622378647813818148272346008002579126740777227894938851646406020393616982554688403962 0.14298370536108470194254532303556182401708699958534938704656268128442318708943037185395689298014543134
0.054739633339856475443621324079299735807160828563686188354296213551422873412351859670822016185509495635 -0.0011580578431513041003531837211442448073454735640274382469433454512706558716257934904458740017874149522 0.022135283185055678863812725335401926614136197575028499379676001183380166467869206953562926982026751046
1.1918784505554770500880134929019192821639064076494470602714091009954735050434953200715834247737114019 -0.9957332027425560646556562634654961889172571962476716120786252326722900517445298474834026547679303714 0.031515061306855420536314388706797427202572758805262923140193522789380709443303414182896919921451219767
-1.062311283324669918497417012398845101721815456996246323185747658632082374332175073608349048663469575 -1.2958260450853109620390357541762886673165444210534802184858929241997622392503503155380767522946312988 0.096545209297171504685349222449376880812391408988167645652682912929251658363038088354052264610455600636
0.97092702481503555242582774711053518369967931466603130462179583719216251799538588643773035363319327295 0.93813330002945236128098558088335077139445332182774084753154120239302406321845412632739947154931923758 0.1149429695841770164349777267634822181092873857759219776990460182453923161597061174872948085420811622
-0.64241553525618176988759047333138305144027185268067766285047792647880721321423761656688511066854051759 -0.56307500896722502452039419086775719208062263129621759023609232542152083487116888735768621260601724494 0.19071080439031698876759298832946807352641660717103493297549691256533012957561044451947532039238433137
0.60214724250362484931881784177603813658196949487278148174152941296577385917784159800879954333245663292 1.0061263668735573921253810937032791501079693360728377635478247825469779213741190318905893876313876337 0.18292863884172733156922740522795776263704209662715706766694527042713426496769870905185918854982150081
-0.64585017986137155076051535331154613940430904667390591943247317518242213982415866480897915081366096816 -0.52711734447010358470357327097699819369710080271687075217426995285079263624119594639434440695760305442 0.18964874226482675935947031229290513066574968883867241062136724639843450817586087409677783865852089517
-0.36629698823422576130409217699643422819898681888459103127242773655319216333553164467616047844496366574 -1.4085796993349995426367097954320820599138881604766254727039927849400638166543584975746852125335509571 0.15353438392508456239474156526586563199739548756411645603622719498804659882058121116514564519791061011
-1.0714045724670596709721577104805807267017578098600727792575463388867988449487064963568806880239978765 0.48030572240243837024122850980515588537420626724788377661596586868192628225110303589934099801342857541 0.17122682821052231523534314436816242933717079145791452869221443170054299022749167586369536667533903902
0.53992447468777064697875228542100955686912909371260721862744102677322349580230273322436270510489495656 0.30837389126364771848768536129905910325500215765984439840061928225677602274804442751533206022209990929 0.15044668394005510663907167901722005550212535382179870520677008848191820833183811109409298840560844492
-0.18628299045310380104193372292443028961922179439240006514749261171890146997775790166131645822775834222 1.9105070249146123398632982888399055012452627110735912896173608483964031702173297415755755236450893905 0.14565363639283405791895389978172440050868150348111630131166022451032828740909685226085614728182722447
1.6575541837037496606193159246699216830721350657026453110772478944545491777762751984022362493109709278 0.2522295627670302973457339692580277793591726442149389199724216783895602912211020485321142086207623717 0.094559692015949363816555922890327440611384033740170104891746707649820661428406384710820371365700116276
-0.71665851218953641650023870846271675846076322271686809231427569785876710477462853671236785803302340278 1.7312105479190519782235821200627711650870049126337744513240975142382335750782316987252696342518825295 0.11762394381576792496709920123567348998447771777715061771855284456310113200461957919202726071444605629
-0.51480862348389203256549139814256259762938064470357071996259795924182531725318411314267832298780707797 -0.057107600024061349600989555677264152113759963303817013756577416381479537935222827949245825096159163 0.043771695386440518493279204946803141383521978002857242236962067990740725802197467949188491929303642367
1.236181757221368499198338811166865678681401986782728007614038267819684891650305113466312987919777241 -0.83266291827204567381227351031079281172081491058141989667633241406541523205181379676996073287673129637 0.14080292725187163767958549641375136864976060796690989195706678190407415591345038225340372116445837434
-1.0251363757591251762815499172820133983731409734490983571846226387134478771694394957869329632707269324 -1.597482542983587539003994547139679129551499315327387548114904361756667738131855224658158041477231852 0.1378814966204235902659159096609749489500812972264666637756309020631774446721519925319477005561614823
-0.53340452021002507916116299988438902549217305204921179343676822348007752924318959782335619765337823049 0.39654808882677973180418783579147518949668535133588616331828438237639926604281465683835082133567854748 0.052785199242078187117641923267900952157376409289882677973577202620452540345447655688958417377525417522
-0.045438783860946385315782286027884320660205856063106958326867791798919701533708300309620885384652926754 1.2241570269634738109299181234087077720031856579262879194844420414611920199572699515592471484559058739 0.2021897677105953820536409067191188119247876296599916936561056671459948223326119907512975069863904894
1.6764151088864907430617365269779370854215252059657508531862226903107844848736927659563026610881869982 1.0839103805774428979740805718180744892807462285619798628758745688379799574997413828317745870291440954 0.12861864698261133714950717587991144413702129051563136679896522371951192903442130604623603943362628832
1.4075406543812153231699458248454406225870990896529607715563824064463328907738233410744058915420977565 0.051468644268188468530174136623234286247639834724805891910462336580927504089916909311982652290330142688 0.07693392749381542755574545209583530228263082485565433609771077100097202580976334870031481198112981435
0.81377963268457215288270375650359244367082073130138100542756881130766919431545102788738463189057871095 -1.1041289755594776057895989032110942600784555618873112452675092160963179453695908825325281576570896093 0.010414215127358020109533925992512953769245925842329749811854003328431245760881777949400183797413743015
-1.2766623877805729689082194487031056711373850705781274743762965344791084241466674118554362943640042678 1.3390109556170804999577429814405841882543881591138511217932899399931443483462873766795790559751125245 0.044253649359076076325853109757659992456374161591400509442821524044919964706833906481164708426571915981
-1.7484712933947103727727427589624859614733753001579930033074311170804165479789038207146235772932660838 0.82612277893351326347330274203382239493127344531974705646090146772361017167611658617421916578038304162 0.0092988446705892525063194477017397648089216210765527351500922665505177609067653616994898165604043484583
0.067221587542305577964117970838184223843721277045975817060809379046321310763359713379398782586538863649 1.835799995205184679068349011763398225783749614424170929905622398109180288730046924378516535034635887 0.08420619658227367087987145563094203834145380273560742344412883893677682562851425475386019065821850146
1.0241348202125060934112064645851042544287530442014715762368042710359835100907538483988708314101859196 0.31591408727840184985179723070415712463965973645310695769134534831010915398221149453174384160949711309 0.065704752639950370634787533675961516486929314467102825149365418987780034554089494716709858883536977016
-0.12520518101303357613014019101301775861210506871794652171441955329230723405548904208791213595126355722 -0.21588303911558964988385306364726216156886659679083764007609094634991152902704412063257152589390039889 0.15343463181411146330317059812133804050957498670251879703667416634112390932267547085138281358170390987
0.3756351728430923386147462212855330475795971162985516713784923959795134458589753724548653810027045608 -0.8075430144042210398566117383190800158326553703802406733755991791922168071349524989946582299025249528 0.028262958370022455279578003602300057196193583887207975130518393508836688796704607839367741286098239659
-0.03287328153370929832065955222428529128833952550269035765706236657040434704511042420677849188893304018 -0.37209966958955638859216932484886933713888453630545109094388688152502673206088001626939052355669558959 0.19916312896640994600536895370288335461254977839659066038753199678063728393467758808712534057098239674
0.1323822573950392125382536623433334928206551411091189971755476664296628411436082260384787846151156603 -0.046224024282544319978185574130558900109310008495168204627704389982845479552224315485321454574090474557 0.077079245703740398655602637720552759682140272609642286779978303254085335946220499883069109154804347771
1.2476950313725700310651651330884945690972632177518173194351713930380173792813826745964639588195150361 -1.0600317147893712364949328221138723635926523154883360690096067720508452307624298393942679806941819305 0.015359535407313126227005108712123177408185100177934482525782079015780000647995193139321231474781667852
-1.5629905551823405132391743405068303226790011164615211079759290201375005872343463134043092563378729532 -0.5256515982788169744554715568802799217838489227223749709134707454491220754343048420564040955442248707 0.035597593832927883413432581860453699729435136894013515962173225376300221624444841455892393985556195384
0.66066012579662429680409191123298884507247835220746538263708981371437666580087787796142188743678154678 0.53248863639238926862587325186781169286876190787595338876972817796742787735557809243373758030188798515 0.20026983868538366042701567417087153476703821470693185276055376550808664462084904183124528157069970919
-1.7160339457190703782844016786798279278181699570856728155469260047764574506461121341958015770692251115 0.00566639646961402925349248198050987378220873345899047179153233217035697961323501464054102329359824895 0.050927790165175280132303745880584570610639724532477498843322042751265663540649986395677966312008834488
0.1149410745704167552544420213154056525607489568605406884229269788301302683296608301224936067509175684 0.20241680895945055647851891411381221890916818332451036386118575823895570235483134623005974010152519478 0.038987911516156893063721872678339475012165572006353741533578313317161099826154016678651961682327694877
1.7754351872818546804026157604399648207364640825421183400864320338954191990367306012763982590350829135 0.49426075157607917107440956780844258505897523242778650896332328726931343570272846575483817935789195099 0.083987225186684530842687255377594963091352136654642436745943249946179779843455751889162054733715586712
1.0584981713509939220369508942937920891209597770286132084656074071376869105156795555491302912642397822 0.36144008478997501748194825148632567676286345381938648387045157098498889701703433879773902428704902662 0.14339066837242276181088084154453703857971108313426065111733654061583139753108962970268646919465020027
-0.35477947078443659948786379561349385088842697571626892756106628251913726665573004365554293096316485266 0.39786148562291563268168203665921899891934033267499864133558438144335315042679530599731079452155668922 0.11358815076448667513418870020133152867882347089175197129061838751217633287204321726122552376775754374
-0.20524376077069904306828767083983008167959318530563276336457623067306717768881623939200581637010948282 -0.63189266322912254203236047065287566151670357671948375144748284530255645646794888517824648619695285992 0.077389048879334580912453780804612493325032409287512477349760523547281497553467990638274662460757902194
1.4822358074179743524758250751871262419880951349437480357705925363725737032163944204786840513807794275 -0.47337011179271753607476255232336338624497234953050212302411364493149643106953069696220544946195666082 0.11132740515568242430783405636312796901932221969163011629659532980029380485555190616056379378346748236
-0.085795781382864425128073800843460071027247676092008373314214164080968905626299927297649508061078195333 1.8860660326262343624413046147931931227554187125727775189502221817499580575520126127184473841402794737 0.1883813479851578447417456578321604660030111436891433822613548345288008800040579950514880679359893987
-0.31895872303785424599676674065928981277943057736165354139924269617689692907223784713548530604458954167 1.9053203167369490120055434672587053268216710350712290180903600544723503835894652705895281519093650034 0.097342202714759602260774007975490827426246633241764995634510761420577112619066011460726553723665862393
-0.76114048637217946021009554391129780349876863996131892950935342977472697792124296447995646130579316331 0.22653665622913641016015175064999995772809186358608545311518545047389930110196344264491963522246308798 0.17027798683225895172630222942947176021943572368057182320926171481859735699441389537617689539120690409
0.57866487034410945126132797447624423818697019249747982354827137012436158452165089738718180582761777516 -1.8846284866223182753838793182170346913010979839442494889170806405986431219154240187873973242946743193 0.030663754240586851406589899112963946659209224803430610656304209049269777173386738274170642349015502734
