-0.12153307379139966856275371017805134218788594168359138091067220638371421631703098348040817260223885137 0.41546963077894041515560019546929758938582909957097193114490786742025005576361396128369734901105572121 0.095789953836566452733974459158596495157806209352472491959449223703670091706559209048051863242060137938
0.3215014235337732713699203126174686025064689358562144504911172187905802088181186112161045340209752066 -0.17973124432357431414501610580687197423153294941293299448308890547783655703871728667334481427099948724 0.047463930910087041865596706560468325089071947927901141990429347629734434523016772910351102114851680173
-0.79124759935243340026362221123970281601884333090665071941002177629516955461582759312605559726900088148 0.26866450997310300009621310104700361261417176033366565116093700958334540610167372805166701780190801426 0.15035014616923042971973446869763751931761838087948525453606570599343957765637482886532748359279797842
0.90359484555238527526330535423254328367944412161409547091011787118756326623658284214315981636781146849 0.85174186401253284631933917217102700952842175611002887228883858869766551610935674429863166315053823675 0.0031103967276770896542206031175049227040043118911905322056370316491831446315484571539706914859978324928
-0.11804937105008712882727121069689149447000069570336192600153080763217327579369696844579700248030208683 -1.790939662340721046175504977251750263057990772873431272398015814965936107067998128047108392909288114 0.079742931320778892684942281217679661809314818181855778384712658964020253975786752317460234741089716753
0.96763695346325776599532291564225275257024112929968721701333385134893961760794914354813371290919383495 -0.55958329629725804249002419549907920099471574733764353432823199221604055999069144050802768344923994812 0.038696858419878142800209507962503110362684872979353590407314420791633964171531602635327304374449475094
-1.0703840270034321278247891749762347317529015198070790367861778160876082834708482769657281719175044876 0.86377249948063684531733760430398958298329265322474910560904634052669089411609384748928012455401210668 0.089903330347185420407966659528521371978738621421385978713861861608152892527533185770920047386319560875
0.54002890940437365588807222916934077184870790567853328495055953095061872132691081315756264741786158467 1.3536037000447548536505499359522072129331618273697197222707035645907306785940019581891419697258808487 0.076409834398177849292147288757949632976540835109692538434122258019352555119310452926722375042328063973
-0.2563128968978642572755207721347481343063389498308334822482349566558681964256812568416143293222143023 -0.038926294385658252820155585078239282322686962201022089549400154755533324056465586332677108425694691781 0.045662715950956322159402715375405745129663002645559333296969505425111330746796730697088604377989074398
-0.68256992143521987982978039040333052787885338470649276459969962606485829784232247661942367443692790277 -1.3390310424504222007772319809366596389414463954570271274362778377714643186900894461061881061430852664 0.09381182012658053669026993089100444133020744571576013024210987246222808185160405253620433528449728096
-0.067404624148185661179379255635792720598252893498090310337595007342818120666372665333545153245795983544 0.11988483057324793286976333102403645469804251992215530448728081404867550056658302766973728132325338135 0.10758366378236681196963206018039641087862454443159459841472612923098413747052563772693139378666080467
-0.88069568186687064522105888997036420663735633660105166033559555573468683397537477674651326907982881182 1.2871439022748230287024773881103373276634566306230378754543302794445940491533148486512758468338392817 0.13933634653062817731434405151002090841781692334142503930498502211744231827148697764431654983036340433
-1.2394166948396884399203198182153520015674277995775754378847590389489387742984506415742534543205840924 0.32778134235570085616074766769495097938926314324265967270225186369079472212736861372700352500664346448 0.034588552327986133265116094288381791531037874424429184043841848410944019963918457048773028346643741949
0.70899392725192421395296744478061967946977158355707037623908620587632672936075340373852975619968259998 0.95185745764895841290143489681400147745285617314433860059828408200078647333384114213214031185322663998 0.10358002749681850316330811704338581823201291272987401592440442136577512658480379601686113727735652744
0.46982414519773467745914696917824054855871750674987847715452145374868223296963042196606387542910313802 -0.97867163181104468593534067435517036407931790213350586894189473758432368605939704959019575956295369502 0.184802458585394876438661156095149890149584753170601232215822222519429806193307141440685125942793062
-0.66096970115433154363889562732821583681144303603763025656855699759252268870481122052911889457931361543 -1.1049248893724032413679134151464012106802691413635917797390894842830548957756683906345984568713839779 0.14919185477504841427829670469132278176839262353738029001563699554876586612946565353586742658668417726
-0.51332123565599590160137286771572759734581042237536218466846540326418344666454757249410148733472653052 -0.17646106992476209442926374121246352116131262553135472319240830404543061645211211934117255919285027078 0.13117327126552339064887320603198422336322847536196155625340613132733297619682101706125164427465983478
-1.2149722762276962882546878173384014288138291943957373894731680983393532710949916356171643218496272107 1.195726764298764029557953744812738037039639538392162866200356864395490087310268461882455261965362607 0.076172545063316190248015849965114051385988987772906826224112946918548584158034071785957961913757689797
0.41811955399973622941503031067957990513414684081260621098433631348445422581212130055348308758748693858 0.5229106676421950031968039079238585262728360620079425407391016244020525287192528578688269684953119661 0.079695582104885015010259148599793523547693410956440894868405950298306285537605627436205083690506358232
0.013251193656265430899835789670324397255027612786928751112318660649452214180348220005537252574821324118 -0.23108186949368310155113632604676837329525034438093030871159453782363967847445103435851053520760551158 0.017670709057236024417792973409555359058677259410779160988445425884194790121319112997020868601362986471
-0.6018286070413676243844110324458151724616988620383898000027078811501007464054570976405864555036343552 0.78255521963789911542593489021914358748336962671059412376437849758315576181021101170836619323422726096 0.17406154296271767915041442355815255442621080383116566054635175909079977629346142878169763645730600161
1.5180147263009858296657790963752002357498339474447308029985445054987707076980899953654211974013811053 -0.67836623746336255063622152859796231502958358644449114615978337696934432066541658726734275654023270251 0.016965253931189713048244167379154108461008186500727635156867531760650381585914045871039165686466420419
-1.283637718647635551184392494285328267300788182988461686473575020200015425792408279547360839820535416 0.99882458818896456219627717693853127723427108796070403651182111558459843430271491203286184376043827393 0.086337194981607492107389288253034277821483260931973097568895606528174645758816250956650349540315805862
1.8845630569547330201509220327185518655431292289029952973216938988868799228217456380018088987373781072 -0.23432880070501789529434344366686809452683713751431487437837837717406430286894573480417203297440268501 0.13791079150292782012485308192831836722658381537137492390623520569909488252769259087473824291476710439
-0.72247430828370675511378025581465539726365448693621181039418185077358440026265548972197365344655727386 -0.8409713436338209525466453993815434600359185863811282494327514196952783554059447385722133214825644337 0.17296663462766640015866901660786944660696313536352377810038915358133313389318703084878996461785331147
-0.6256897370008025496663147355308035042364238400274264494492123070597734995806454020334754328554686313 0.061721523114647848361971200757174533903782376478800990087027850219000459127178079568498896443359752609 0.17380544500405529205146540493445396359412859149793971549728378732482587907814534960717079352945193488
0.037931391861021517850894518208723123004153953935161128195593043864238808760535773701118282996335903993 -0.51892752948318089161252799979097579906821661496329868764742411142880903206928709740959494816847755336 0.079424491162398616196703231196634471853023877776993924828859456382467740923440453883606642193845522572
0.033038281163519524727411808758566704792103063348633487198838423394645663890419292338792217183237182765 -0.033637315739847054499015276318054017335787976030884277674240961819186482559092489434490735341023013079 0.078446403265967292898363451031432208339684946688661035157678524455405376230325069118778038759482218436
0.38881858718188140573978843000609152034238741312189487902220698772693322311874446447618425284402162241 -1.0031674670112862661423559646878509528743285770247122154079580688355116905877777551924871106297888928 0.14925869515966508724198656639898089524414709293410572947803960189980617171528634291072359021574367547
0.69282910330135255735134789960902169372880136604041170430012839741111229436589812729221397365543707439 -0.67373860486178446554966611847598099746859918240247759508441596704764820763596382452986613124527291477 0.075057189472887007876135730320123331233931799849840227363046315765611488268567087507752452829883888515
0.57646780060962092963385784709082877628250858348002500069446793592999276436087354687144794969233281752 1.6013853401260527413953953034814078890739343792600646151781279346705419042516192283289021432183344102 0.05981601718778178534433006696792508055690508265868639386627574056185721659656523535244929566209014286
0.042880224943424385051022491926457353203701639109872616083246682855334711261287101220959094122861043738 -0.95274467804763996063394969269128129918922612876310516959783362262389551602039117187496771449513595188 0.029501280194333609200520346254848797707357242256301051979514142773853444578920929931985152752395879263
0.32642826921400668871656671778445980100833049600199273466456684838156791506610812677101570849676938901 -0.35133215642528778309391486597251271718041590810343631437962720594246856210224593517615208674764305302 0.2056316157428244544048600580996425583790829448239479013342085055990482897627759194265658053224061236
-0.24205772144304372178206327955659243525859100533458755027502069835166686382701870017168684939740953525 0.010189248046507259735016450794422760378581912248501695188331429074700045055523922436173937606079304408 0.17014832832266610810136478374428261519284007838102041999495210588740934943317740774815407203987253876
0.10850867279301252292749111039973457864177329442577507628662142808475717074163906848782716416410983469 -1.8170916061602779443250457364750311717781382919274386736430912090958352180825572140093401112343794659 0.13220820521708435614124920891151792724106657200002683848522758736648735493290178053415163277335619074
-0.011502508699426260130084165059028871979179859806391154570017928499108771255296973916524431885144251532 -0.0083518060245836062565400762108929105680723430060947037960789678810378971359115376263817504276659942314 0.09302591324546431625653281923078529511664351446828368766675409400836922225103967765113661682613545284
0.44245672073616378285591332757541366798608811070241763951748045477933059473854113445729914373998433232 -0.18834717465487087211379737141244644382366459246563886481145374059804055458088617932658042382320806142 0.19951625898787381483246198996981179323751301099509595296607010691547401157748911098374740067909866563
1.0982118594261290895008178967680002972432005631069416722793831400620488859992268348391006359162571507 1.3236476700366044228078075326379704799666753911807457293351572867370647261728792860058356401156284055 0.14023488537909993517249401009368736289650171986649297800257254544222744259022016840258902679546336522
0.10290209466683236610049726259731929968350504406365906270958748803306959158309110368799216738186670755 -0.35804319638267169707538884860844700429208260248258879127990485436100751289385842725448853210684279472 0.15310985676761843428886485041232668308216152991904155400828770651030528973029115376235109326359931473
1.2912031044911284757997832216090981441814797945262169486340299315955130817944646031307278737058548168 -0.42383260164701734008038071853284139528292440755598701607962433190917790570609432183709855408950439669 0.016265652558140898004869706693810031424272011675998619993558098230971163264047751960820738630171701243
1.1819397987210458269488990711352031854244989912363582103690640482132557620581157800103569629251058028 -1.6018931148321630624119159484375832385283413126472416326057130592595159060520422994955987292173383265 0.09486432968117113950379204628623302636337118119742569453711421514753103324612060426659786208873893899
0.27803024506760696838710549420147078934328405880672051050106890049979237441366634543368208426152567703 1.2732779931071873272625624449259840099551084970052646808642082237780099275627568255184671853751424966 0.20464424764035662701247666932843414287856420873963708773214866526069885658025348130113244878117693765
-0.64380321095408973293316443475190487268103062598775339701912382981158694248129402095916186155035510263 -0.45783284259590663054118923970295098211496796255298883523993365259756121753359986575330254362864755544 0.025493545169550803019004504330806574861525232470231007433143800986342338742448978596769267368662608329
-1.4272734945141063258845121638404852481832037004453674640665471112843836246338591414701996863791350344 1.1153574187473610077110687351479854703927003154571772558243900629377920708542491904927226641413021734 0.068312095386981391111563178250503177289390698018429510577665477277598572882952257046563543763043312353
-0.01319972138158800172370809941270845294713304696372014223783236278261244129023759338526762608294336773 -1.9105994387803623533044353103979639319257206522533226218106043227830664183804025821781704036811251309 0.0085115322100401216475599958712584380180963673772094788255401698853615362540022239555489551831418371695
-1.8362738904575942370516040839536008930044342457706409006885933356053260363666718557680848552885340406 0.6951052659370843477058513081223155027185066044520580742695853958249026163750093500935241243940421809 0.15831843442546840240478597747407033413038377251086621576805495670295323443487344548097857410216332067
-0.72794769161599937618374719618178286153820293873270995685354806068313909579327608066392193818744043959 1.0094425576157939709337298191436413259334560800814776187586648226721624629131643558955416699688341468 0.11084140682304941217609038005620823715245952946815483197721968082502769014276632908990237065391865703
-1.7593030016382670886546266612083389347761418946599923822460118747625813229339431917076353124260154887 0.71122722287073393147122717842527781950817864465341222500351415272599451116072548574352055336551457274 0.031342009389378574804565249031479198720833187609029029444626800823218030486762921658237746670702595228
0.42720102040543147432053265093626127525183302464215255591704280478960881557441612051196018253602418566 0.37305883695373334604175312276130367450770002722778831026031291395890827790079629763353040707092695319 0.14831412017771511388838109488590260899799945556697832196258028064992071266660123902395557417326403529
1.9639552162102139810709546828137690384429177205621221048970254391984846124383068901912703828368063922 0.03398267541335676467872358067650904477419972947298843504150702614238469494422236652905590797086101505 0.021293485517006980563641018720673721999719086224731897262668794082606145339648052084057298353977260262
-0.36037568027536465101242719578357984546766192807798219193974517640040761738072679404477609827230514174 0.35767875763396078990731623563056146562735046633108173097474641780053116417052928006536993281300218243 0.08317851233312281627999921305185653980833856948166953907976693410006288730915114672495182100176232655
0.18359984523519181558662741310158425578714313062282341061908862782511952318419791632255682774073160895 -0.86968793591742035586323124015942628845916007950624904823465652428587745003871429431192884495100359157 0.10149245963479298494024221742194204911107532650388931604432705123418480152087561282186444662684903804
0.63459875366314874750792919735426624558784359446809537090044031108119379519349636097040943292033592742 0.4782044752938449100302088137246013434241698273590430318611861975885072479969955905301758093020800919 0.12749635399339671801785082555738330011943582740438594427894213438406551408797966262418459788813608662
0.97831435238139523736150639659992941924373665762781051403982126061225414402219855695219105579712217182 -0.34029234815094181840701562406852403859325128376727913570610260136155874954880378489892710130023494158 0.084288265977516397311721067857058476961905429714635888088013667088533107701714340265130989294779785389
-0.055533079363783141935459355382073225330230842545063378206741435089459937850672533565226885458012879594 0.81730289428704482700150041171072687993081328769993751081381019222661986938609908041385569348886124703 0.0012578084799457332424899039939526801939595103744067066377709413552883922220010597929499543898081645985
0.35364315290141221374033655166753764551442537591276766843649894969918408485686471003420441890779620668 0.42967147355514753509311253888209656670197421979107202221839047311245732314930145482937596310819917296 0.20484189424743769726621938854370997140677870997335947958882120888458342663119751377450797231868527905
0.87854568145669786280316430283432879514626367479236110295011684806625449301802240714709575703750857142 -0.34016075936088218233363805156888227819807887720275163869525400762670817515032146984917195442946382279 0.14557669790742548949692384656684567735675623279012082199916368820679968108950396197134541205701019687
-1.6040849602846186660612098533071532293684863105906103974011791168294286862165436666324120340415481164 0.34074549289979504313276085362353753705829335274794068382413442911926922803710379124560321892624884803 0.19345956561916087917707105693624151885995484648550950227690692246411825350095055692993970909116358104
1.6261821703998684155239279069570532900992589239373743902606757748356535648391980198263451573201749836 -0.86425980956705605549580210205428706616945404697394967418993317598400948572222860189173298363251849829 0.20462208290497933603546492668070214810310068232579460545012547327860770457099636897342560635567372264
-0.10536507935328582202214103675656911549499003950703371521955930997542627940442846805642064194904512613 -0.55993269055835836631847097476486064830102762666024198759985086597454108456548729459739050995975868422 0.0065463595706063913189353079744606558213840741916265632654075985694013554737259893619977373419780320421
