-0.040500446244856347921970018337319160203568263974552967637352925891566391760654051367168876490651241189 -0.11592667374142473382916316217941752370542135278886790829946814337196097920613118081557705307817027764 0.16755702245594674436333076155008887712723945218168985249185348480146435171135949936304535120614163994
1.1320940208134014300200299072187476358983462160249376387483366507115063281473066374298456912751580435 1.4437772125326631002914108546642357922180805210965757318134295666321821110083110130138140219160885065 0.17336161407644089660137738193513027733256770382204197417892466020500959068931378313504808476699289054
0.19203095207678830578149488709504909424278760826824412206852015397981972419642559024462155490606537617 -0.11434679231022936162794600559847894562431419140299638303654497673344250681175257034186118177659302888 0.084184602484554054841260734055574870967033199638825306919333726875362506370505017052807233162609027743
0.13534594379493798287268480224924227731268819605294540749463228850316882862673766855987244139389999542 0.39334316573953729838307300881037470258970709392780836109513117200303060139425036614007804710846056231 0.19608407908976222817798110665454823202596075491187856827999492775575215696071025350013561511000647783
-0.14039037593108211460898308353557229150654874914831534007458757812248567785667707705080653057967339614 -0.067891283952041076049462877770014936333137135384261725325426737638447734549962921803890755846223497136 0.11746343229349035811728862253003596929032067078562901286420348420678078996830125301346922105409351644
0.52175092385175360043722135499077698394181212050254035898253731967874903209797313904171364551137181669 0.058795491615042902414581027672123585897752281066598253861535897050800490226473414700407113156915044033 0.18248509830887562149864831920323204807033764049027251642579390687724525212015851563365074373512436646
-0.25618679896519925210780516409643604749838685838299145481611824435540933096902546504940668697112949836 0.11576042699227857559213728408946044923741521373400147959942003250404027470923625437537349132269378351 0.097225629990115817644993785698028341760937789165528730425196818798950208876552189068863242640717135497
0.15378881947184070463420584749974212300260614067793401055178021533399885963101402226669915407048876569 -0.095183823349265484164184221401691910570107523766228596411078819888623195125424724189876675573610207894 0.18611470474831120705162262707713275516255553784064188545061307062769370653071048992039499720384771953
-1.4448789850864695546912705308173058218926100182793916020567292488558174982676557568233888550194762799 -0.71610306402528679923161325053654248941103742151861718534143307776429811141949924049178186242528666062 0.18248442495544532273475064709470573042337894365183587493828806158556309596207104357034009148982070562
-0.083754347598931675566696581625306011983818215269506000715952962252555968504721048679509064299306503932 1.1146935640875256218460637792769286658661154574034920671032604358608179210196038361020770255900799725 0.082257401335274475020624472912030784187324625643687638891393672814063403054046829530298622209124075662
0.43863281263204844038333995513553252241874322006222428496019780759107134427050333477778499671622103451 -0.57584538711348080436559761557187483974807009702910484843689565666461561669692765254841414416397768357 0.040719651411358214606319658525061661134312837881417314422558183545329768866648207238600092430862823553
-1.1301962882821659737898243551574665543521048920593892771916289773622767689125998590673961914259636941 -0.81458835239879115589119790263272707386131043157995766136144512480474625627893195052568660041286735074 0.1678177317472326432311358204459536223939356188846332189186031040675147594993064864491803521437060896
-0.93334418389229395572792974914494591770806323085765279165471483194223973263437361137689716005919924118 -0.58783707628320915286376486175712344801385633197018303581755489104235500028746152092414925669070307744 0.0046312710416282111785382223442457463183553817954041170192939342771030672563531543080970809172951073142
-0.084204365485197682581319977631554917089748606729959663217955805366254023492510369888051850892784492996 0.1312809433349886160938896824910681558105775730752567862967766957850895794121207314992613272850870225 0.096691884830091057232832971969252931740349573621596910100251403931708740481904769632000739988425427584
1.0876583994635050810722780667833436178155900708276230525618767322568252449286787963986251131819793675 1.2929893601509675431005439876844489553952163614968994480159286903467931445123749539266583281172086344 0.046610794552684884393709061678797401503337682297004395887541001907223590933538667794871014858334906454
0.18554777428366034845506274695841528639899653023388708500177929215503091702020891278700052769622841369 -0.27623301171472434048225061580032493219723663487609031390130249764789350804383483480988736778825737107 0.11798790591361117669942881424734360232082847210719934740977871890841575448651686039154729770090973248
-1.1839042657119164117115862844604835700674325342922317338201886350016090773486825760608372810690923641 0.67843526008455074623764525190180481239362539404752572086018407789697723759213762451586258666460850628 0.035000731679983282776397752702655881622944693969197019849893161379383466498385368376599641698776148798
-0.482123641539646155479352324038317472115151662497058782491518445396333901402585001800198872377309034 0.70840817530072727187761063243760709654870391769317000733403589298733182480229722552053442597702956797 0.19371924749887320821581455593619500169482000403214444631590812137262206602452714601665880564790862159
0.9308750426554650505416642804279769886301135957472932477959757671454652214168079825600452488741931372 -0.84571387790564846964533808756146233296506908248417327257403166237146210322772751260671334801428724073 0.13800709287738908532695325659631995971777441867857663586953341544362589402647693999641013628123940049
-0.78512976833450931259365832700589140583656937305659563459463421276587870491752532082465569839471050484 -0.35233227847503455809438305542035105564883505836768525064873330637657760136060977015417400707816769728 0.1234872998309765321457240425837897796410652621477392543842693325204270545762288860844281431341920979
-0.15274516878273496399456061270795162034427850494370675498766639794732759313496021512759964634467691438 0.43168404697664895845313104819996800176446335475462356141340680963293490615786907696407901761021414263 0.0028120164174479003244075216831342210209190041659188592617159949128043379842522346623079767714964160709
-1.1264952437397343058186173691132799745860404964435959987094700904257193157728237869098824092243854628 -0.28226541134131378587699990047147342304927299806898394040743822202458115782151243619691222162752281198 0.11503455054049137400721253232649743181271474763644182069531624655831609869008267679781884520565028445
-0.41109817821094308851212722775585917671752837653439592164487395021980492144318650612299258785989436264 0.0041744882078906806199480069567927561333401062748927373383830307278428660827774322563013758402194702189 0.17558851662676952733743428037857338936193764051490140758256900996363623740949281672075593324094119772
-0.077869260005428731655358495177011632293547392934977155011418923338654729061621394437567551174328505573 -0.058012728942522478031371502266183560482097926790584738473915963136483945032061133377403057924785790262 0.10803114871230472339309360076184111874325302378777846109906100165384666633288196315654612572299438708
-0.16174395248045243391563297862883814731005016812008490309278190116420286827797605452020553949844547795 -0.16865531170712082382000608160779752545849293493604489780244579999575254016193543624184890616996757819 0.1826741932960907145978548860070503243613630609381162791839333751417163419964051484936798572180370022
0.00088188080187020694328156788132102275391920929309138999874141198271905693857395670118331979000992509924 -0.042854423014872553263611311490689794973569072368033306021074373572221814946436151804877390956566830348 0.10987660804726051555457724327565480136012671829469792221583552916517747224433096364823564952438160165
0.099749842185616509693655056762768240349489782797353760230499275385587463708477018192047370143743850107 -0.67775657356300578415700800891803829695870615287445988116649615648807744085453684810319459044486205287 0.045049843086313565625181114052406863507140829672092339197785710628198566949869163904507716776018585013
1.0434498619769665392015922117698953797171123660601209517400508849553673522336067161872136408951126031 0.8384187663338549870248261257797857899226481730004885993300508787491594244637508059673274456561118515 0.16529317404146613203283067923496872174643615585526167577161537495223607182167005895995286413610181289
0.84701966689745265034799615864520038909596742555594584960086564587385760574743619825498719815682823839 0.69195902568522022334826296222923710197743623348694233922949154973391487949593396811119101673343217339 0.078547729122299093548400790711152943387585796377312012553419474973629677553129943780816299545383405933
0.49941150404691239742221612672713414148393456500755699784729777232817483596191344385557049990317499693 -1.3167182582998960311010372252685802153280561003279387732833078519509921719206285952899630383124767319 0.16908735990466263266488382698766353076542057281147974181667617143194912388287005591386280896166263999
-0.18861993673521043198914524857117589740926569367153913091160016947194010677715684727549148543875297095 0.82064103619717527756945735118977417323773667022123814244408042842635994072588979628492209021312964104 0.0019686898008619409969530037623392708130962327009685685476381219800239367206512892155275985953925580291
0.60335229095893460983649154367622836417702923662719248315044342648962696390584980648231145512651722448 -0.89183439882354045351711396253794883032790145732818856738241556636641038235057828727328927692271867792 0.20130893350688137449357213530938567438939300071852906589216843976348817588529203118345257492013078907
0.65779641953418731449823260592239310525684633817652715034513067134594135046792432171455598450308036873 -1.8733421872063173487445766647807212145136042228967695391734865611126672831867527680453082819326359413 0.038652069957368030852102443257762414414270344424992174108415989792640723237106979124635635664671157713
-0.30243785168367989429705251419788104458042912560459627615378617624047065320951772926024754284898713195 -0.54425757057594182979966622185251867204181559345877778234824742501468937287015891119501187951574801086 0.098856685934049322035446264305800365054034709710845518239056592731050359649028732545706012980083987337
-1.1191707063609077504739117356640923432672938910814455249453734539869442151355803935068622864150508113 -0.47585401829989737985755602834358073646761202510421486460477603712779817514594949180319197129580222408 0.16705907675385000275399686990878382120849894147070333119502956400789669734808438738273014367956234574
-0.2157813737513203729868948143074579659179265240384310770877194494130870226788446350203391348143578677 -0.70722450355498809896798215680380970596324523488146666673836015545777022168152835189512331400454374622 0.17984674288159934855214679752640873832084278880105645627676791515469214712322987070309246938881537538
1.0657713343604933311579108841391430584956859318035712850481420424131144574802204760508670914072232277 0.90490639427642627362797641417224907017244738690762323222644078021551413305634840259135649158345654178 0.20096788951357021255312394958771130793049486205659305153061715000663193079782844409878830422433865489
1.7400430367204659941629814814751278099620873167447656349723610004143507551378585739725630163253213041 -0.17903759398161910318203692630853564950237030789646134038530422149500089947741175215389367652538855465 0.16972834447833318948351047151868698461108184692353909217117388620314361749910964216002705148373110558
-0.95079002065646933192461060700168887863023158287598102292151294267331779546895628066260057559244976526 -0.39027528474452401935201861618769706055921911628322151840099410903142439546011686400610834320367898138 0.1032197729045308391229902936963834271523824552369811018743229591716528677260511864002120621476223026
-0.25121785227013808081246885707143880396576343893888909128635587442962320329650029172774141502744195093 -1.7781107467462134441382301735432105910118072147291840174333981495409546863227372778577614230250480146 0.16901801839209770008876982618295457526792396580257158526573678117959462504405803386892338220294254095
1.5389829436814765602136405302131307819301380121068922967651896491308485921248585147741900148184252508 1.0700298567933149876965840768011039801423586105766075656093106014787794701392846078626262054840377874 0.049549839801201302940504035949624556976718626583806451643906713404303463699633969415123361575130202525
0.079091766605614846517191025329087056891567925185969482077225539072732111522746701639161711850228865216 -0.065975195361514276903801752340624915482626211380875217400439344333719178680912974558675166602967482062 0.11211554088600042150136214592212547258339833424164946815228729259903654009920594558159454595253857374
-0.70437518999144806375159930109745128525452259461427291884376080858432162695023934723010479964439613611 -0.79010432524835329646256344313795083160357181391249388076165377083675640940174551052392776128186133393 0.024389095595979307837918301821072558456037292827946874512562549157236043892741830709704556102405234072
1.1792784071025281083382968821138460596931989310569405189199877202495103487959246541881061393696215581 0.9467064138584843383559728256737745099855510659516548737466520741561604347751162353691572667435825593 0.1383942063774120884368049059297561623343040375928202991389037380433362867600865216578081392011381279
0.086745547376748877856183862886117321947773134689640850503228318662171143905765396898103804394827690633 0.60800343355903920016985807983048912642861552627615154987379719027393691851923101484753815360115131532 0.023367418053491412573372734278618969561779836112774261198905301326231586805415501181675664266894124721
-0.063333086680114771379598978809901186453513001335272546342265444738581528412952521399263043747742365851 -0.96508808001952723462993317855102466076899078532263498268521159939499850124936104051598172305929431285 0.076174451112700322598227201832659160693357620146060778962078230555230434189194995734576040199000608184
0.23977951518855852149678873278852638488719937688096115170770268990166870035464723605728999858212245313 1.6946834666706563714464084606317292632382134554191848487271544943393645824930812616005483177462076426 0.024924096683820618216832688961651654751113654367974593435483203848953471056959838475952052266909146542
0.82906456178323472606781903375644287215782491728932942895562837365301310665951672652910225713927588064 0.67728910708312048642404909732879443687933938731423501147539619581591323860623268067480212127510099743 0.037335378201077828350357251981094728119223585440854522824851305331296523267703290539289265159002013616
-0.29930788008845318449076969429791040653885042885785725414712261382106236764147470065918550723858669094 -0.11991538712084100460707196382156082246860160033201833179885635494503128642057368148094412127367571081 0.12667857590314364344014832755967120588960683310055764120499093213448967738179933054474782149766491417
-0.44787748887736838980294248843683253674761508170812079698835480113022965279516933347555090633998339409 0.17784534572197630765870918794233262146343206982228980242513710970250133891337245890039547081364622766 0.10169771247402408193544593532926366080543185815883758185416699640374723570245289957125976816841997134
0.18226886764636358934200279086452036952084379281997349081924207402099400646233518379597501629178355922 1.4773450876406277545797739864512465039609644324938948248368644313724800858360544400763613054922190081 0.039070178737893337076380858197304101477258922527474619919300715504797535469686184748128410701793694817
0.74317720666248267031158597051219468257175872931363097232200328334328501942655415444951613874712570131 -1.7215480104870037885927637921518273153559052258068478645224092239169307987986306333648268310861547236 0.10295466723475139791063654083831403541209664500271187781044404470733516465362172703639622146502880168
-0.35830762018885491762981826163905146200041239848821967246435691976902206234880295455403275534658294271 0.16335388485757048757733972201152537016295567966382214728108244611110891803480791333014179646669530756 0.0098721364720208943958141368247905841558887105076896854741078452230237796912907152924161354846980381616
1.2933883153245419538511710080877574583787865086746036479726777461046372078007809106305311921925834322 -1.2208171534717699012013466621946608990143119367147028477548581285264545267063783428443726665410819354 0.079255335607971264604209431189488606768904866405496228537039367588822983924823645658481548572988342022
-0.94572900944982612151919451248236183361595850238822925728496948013748257098371925580551432820249484661 1.5311717742439934388577714756457277681452297387953989989372007001289763832927508423519483462520403647 0.16245517269056590866163203328680030510824307282956921566121700918962300496677561008612017912506358453
1.0977510244601194337162709826969662046245005690536281844524853051405158530429014072378302779467692245 -0.31714578418377850576978001209640475116597201061033395872308059565887464631127190237359597549228421164 0.097462320316462191125946783105995913508754773039941368477162695786094654701735587249740905836966075281
-0.10215566761180819605005449431381808704849965259465601873260308010912214416100154124595418007734532655 0.31532469453371761537192984945923917543838956160684149208962938792631518966937516181875035118897678597 0.094087212041871145102940015777884266200550134471700165912704954328239351023142770489526366233411638668
0.91443903581509312595664567287215241332824492951292564065095370997014785727207510218407058404887811751 -1.5856741484601620783467737763654891531329201963103284478007494107064076093255412860270614971352521045 0.040820422776526041970045860667485223523274197941060919110762838164664100796336094429166872288894061518
-1.2539861078446276437731295400467586283638255266193927818165035824814906571740315961923503950022970077 0.75437793360939370743496172184693325511621945709899753573942354512035721263596776645336349346742702808 0.056727653404533884289278308586845396862842610715301439641920479218432576148033637723185943523564961238
-1.6681571110496641133656934889780946665045032850580289137078102944107923246743979538351772418478224829 1.0084352964792905574734626277681207268183502312412351669088004952309216122427587079435821951077000804 0.074878692822100878445277728651153300504853751575799468310853311875045558524029777066636948105419360609
