-0.84130124866835984681709900013012076670857058705467527934381792139103442284256210103139693274291816481 0.14043397136650226019825393026295842233272966191880973454592906453956208602675685959115689236683563894 0.1760495155220230519795548036346093718617440425727382022012321816071784767546587243577821312240647948
-0.23420719920479104714373424561541818953050965433222864395296138353063848895442296492354326798287188479 -0.23175188093729762453247679512895971361178643606109252328641582716605282142564162753367911854147579369 0.17555371454530939963828703414988338977296530835410817674844184511060115774512295550503586800112931514
1.4366077487702595286130611148621033165433512336373982771832589669997957020532273519726604856077182517 -0.42124968290156658129139891464606245186952651788371361217919121854135401114671029393955619161689835827 0.094630680139329451523721837469000099140030280184686128504384866010871650222918836010214865021891960771
0.94945711573860269779265100216610482473269365877269624533534081191062706144179587238178574446573217218 -0.29447410728163681245265979711916828462637894971526099203567035005186913065275909383573118723575921801 0.046044042119832692812991432170405687095096461170440634048333675847920908589314249765490718484440097439
-0.60776734697342670300444038329473973815968857941285722837364670314964848832060749619263415098310444207 -1.5272723160112350050329679733747753824588980787890773551581002887978360025808974711412749515063881341 0.025156475779794771359937954538653240360120877881442544408087717480137469851400142357688898223652203732
0.07259366541174612004335730858915262340390798176390382282893076425361843715429337431315194158820521741 0.033223302212884442824738915107549211477910059262813939332610570615074346524324775353194738874918715321 0.12714953624801388181498251120043350802259361890124145599542463540232488174271172471152383976883965246
0.5206226370436818562117858817571535793039839932075617317662399755315392207254933876943641560479047684 1.5887992140708101044663258990935857800698291139075717293717556149959345880696788830658796525948363091 0.031125690047294276120818363961568238282880518341464102214940607929347328937925183122716998786599587465
0.69938865475136741309495969894081880627910368198486978849682754861603761622548776618963385065673972911 0.035287818255169059947449919077469313382390305165437207233802468740359658356516596184943825212812584024 0.093128784022260394512848098608311580741663044957143129645218944361474811397562609978555427144729750829
0.041072640299209953259353784112714458093494663359899000264574961103290894069851219011698077919632658788 0.18036736737675412679750609673450275598459107124157222647719485214266805077901989665422055961567310649 0.13411249818252939123569447344411936558716327789382731506360453060825976232925441438968412178541165384
-0.5413570544932961052509207547102997738519564185923153075146953755575484495023610159161723990370678973 0.89881951153929470676756255291797691709754360100668148516975463541625388236868000855507886641462242732 0.02691125425807416695928877712097761795703845292696210327832624965435108599488401707357775027275715303
0.056488906975458148164145107267561850996699286090166018528243000459456712431267561496391477581876695786 -0.43789863321370218090023253333334848537613287264311541947358004761078405513550048654505309578831482828 0.072665857440798557055159229556098785095963050085797978871856337250339489802206364870276390755584347022
-0.44845155151723431329183488609351919415353426968696738444227539759804503431734418237054476036777239519 -0.37237075612975203234260230376893625197452381853921419777122446918857037918600125021212728576003023553 0.06269770162787737733760138177575825039339773790304456965619817339755867793964198482189667079752068275
-0.14231462006507951486839391297360887859902116564483488638525496675401548943885728830153167582971202968 0.16470030859535797622708118044306895779576254953918837708169678166810438015999430541871159164117378065 0.05683368762293814075109357789690860428059699257584709013411408767111359496710108397385980985584212714
-0.21227373400080581357740601934325013463962400906044034038709392091872401034056951894581646070502461492 -0.10858614231030914732243109773431531474450007824465001168917350372691548653173201892892242537856363784 0.11489992780758412836226997452194169882265893745328807835118717682836417724729544928840889401617287995
1.063632637836893008609948756491987530210106489512808198071571150532529880678980200359988986432571489 -0.44247668127982502637493039172542717580101954604861753802973770702446520762349112459199484525015667922 0.065049433042290766784943978820724335868194068770422418209830437077198787227060215550899219327596841948
0.087591947437559079824417624817334194035081979363520405342429568749490720794492805710338466969729169907 1.6189294962886862982847854467212883235932917161758990792033233724326384170805622021907116208091015669 0.072388588383686935315294558285751471742055551318014063063714331821484021384152474032018776428016309309
-0.32322841089637428176871976516515334677160031319603503862756840854846006242543326089688260940554169065 -1.2773905864342563569581914252611209454698881920623872881223013238108513835414896872469332283115634657 0.019604842131933319908615122691480869917040389971467273596258626357464454976768230162006770996838597941
-0.15196379430195700168977718566548216982322419119158851534006549646285883479737779120154975930801758583 -0.63174857864502140102161583283270338881938417184004746594890717090076257966648370168343329748569705048 0.16952051562687124596369784878268654972996612368439941262206220523876284647201201278107503318940722102
0.05309143330738853506221646340181476217970069319739258086936062028853780330460391274653967135731664174 -0.23303711130462917942835452898685227788905480700056236772740738372825563617278747476220430344533599715 0.074334138128521948825048663619118453525364986585784989026189264891824641198991817784883072639210001126
0.13156090755310918290865000862900665158283543249316929725466956547659056448274893908138029498022086733 -1.5070999532089108221920146684623382660267378847232460034587120497488325232906155206659740957209592398 0.12551417953466330026931813219412123360833929645408015094142601830645443406929037109423743764401643844
-0.9137710077784415886846403160864752063703485679465284968426818170960472832433777950991121515034650504 0.73921524706839911629750774561067143746382128511690031419078446642298805052596580430993909990791544999 0.045921191877802798652407881128638129407290942797151301057241454375005063273088232565419230706443451407
-0.90313299229886704194418134084767359918776433593706438219154728519098028606356584689175202569091782625 -1.0943835776563586695137926571310899049662093526146318625752243754144989111608737676844040558185743136 0.061436133838336371009509010366672611526882418203875611792023985744394339763292126573409274800498413546
-0.35812213143972418163966950559561925685310316988563741052545284032236706019911579437121513872873161427 -0.23264686648448663496039890331418087324452189272168070144734648878749153851402722196817180146025790301 0.012161154425405730699436185942424296562778957860116128665895005478149310663104733530715675113296864885
-0.2311008855081864231992268551887902321885214284286890513058339188414745808040219368642621768461347399 -0.67951408665027112667562567771145898397924938458828409322669748157833934798794575644515079785447552905 0.060508539198861226627138459971475428279584034355362086091365642381984645813086188978980392473490010304
-1.2014140202688162242623469071718986781187348218391604372462865250674863132575668260324314758012211128 -1.4432023748884853676491462560436374721280615691605953124695465757527771921718141228157224540380812651 0.056871208840723424791436718876141282076339547442292237291702581707803409990831974767389563572447470163
-0.16879500150198221757818045238196872819905478245944245070360339544684134079091957133995723288540342751 0.13093027299386780489285866353404485183497505742049906620109533448038339034974873803320403107863990056 0.18161867923649716901205201838126759683075390500680408395064501516349831657847892624422906109533933947
0.1362951563415977419909877402129607907064482901068407750541861305240364014768243862479484644056116511 -1.2651870758775222931752546979610367263525265290700270487747433148260263857299260136981918163359184639 0.10062267639028915028934085575584090491152857582731435169509243466728545086925704421294576477628935754
0.51052879420935516933159690440936465488418606889425148631536553036231210590023627803698698512801467494 -0.12609705105266082592979674404692307958011709342978252121810990679986210490962782048456780021445957625 0.077496744973661563321376735395924731234581546342998636744308371052604572689582538509159390253042399096
-0.6158298069874989968202274616954379087584496947112828998667150828532263931235124361384132352673263765 -0.30691831443467698738953674186533049823380300717916413377157867955508672838655596953744445846304850451 0.10582466619429283030026072972148876815386010801873824896458338099094015327271030637390398774112593573
1.5690384999962615014050416313108787136185898835661301983045792441478113010930905793076595447324887989 -1.1142351204412796229702260578224751276141243161720582266755941288393560500101521953183645462696345191 0.14036047166897712591437292512579145522757115785505512222051435525477617009255705209703279733392051663
0.020810872577196279018762998042476471694541125866368643922311248435727418328816617877835818601963429394 -0.097930584674373454171589055127472186444920995734118742156920186678586638283948725626486523353162257651 0.10951751419097784240422380751388446619500001932270788171898636081093230254454600583845147623650210888
-0.33830451966391001513718880268972044915812518842718694086006330256912327576638945163799808721582856242 1.1273004613347700159717310617890675301484813962247587757538360861815641081586929887261314436661581513 0.078807833026638680471179585183473036744662559789123696796009383845806690284820427442149262630424136562
-0.95975836198264446320045234732750415356236074490006414700357580443286201487741370582766822115972627096 -0.38772445984415341492214119218062377623312086189029972360472485611978125676105214166961566766577251997 0.12135296209225238620005561351516130113945779109287305135086158425543747712495823970347856326813609013
-1.5905275375733744077877579934556090835794315750608418158780414629872684558952851639687494284089078848 -0.54483759345551142142469547355044806854921075508257104671549632153020901786363286624927584195318430187 0.072299255950839651288362620158296052891228390020212813317270798700357869372449928040571137693201579101
1.5275761957022645837591562837953130605938932497738528432636866357794793283861061479566999477589061493 -0.43269556783390534017148817821466099577050821428313526637510711687633728222139431980466238690395995329 0.06510615647681058218010830604766069408981546205590636477004103513281271906227002304455564895462310143
-1.3387525501894396936352853077468286548219730340471120631240054609546593283298472617462370434940641418 1.1861382273868882624090660602230389873529446734568385232068706550575894079698173864233904904200624164 0.11821071521177878475279645391236193573567876505414192652895210686384945288137294708647353919660230544
1.4816982862307232049900949186366620562448709833018509784564193333640494241918510325717026909082491676 0.13534902943580584066688019877647841508674773932388849975643500711401027137158459297626672060466700817 0.15426292895493003978174987443999338536271204559034276713537654549652853594920219014584295826030380323
-1.2627192029898064857884457589640047187556996444635569303689095891738315510953405391236748364524187603 0.78892152902308497110801177849959816992651441002831071537916007528021894730176855957763301503422621562 0.081631244651093212444521232759666262474844788919459078683471752975664063530288673426683113568822114867
0.32179973036281174016420738092825240306424082430844538205123718421138879058366179164317162636673912018 -1.4854334158684965187940438975289405032220031339614621746415930350333329280816950422293386159189468946 0.11512202107994419707152236364330852327419402878508345001341653426936403664742171884564038914704319389
0.19242078383405697674922586142712673341900929181365555575305722555744706002840389239276874274844844544 0.17232778823198594278217649879145229899530088183490816158773784442330202132444972886613898399266572009 0.098885320444291277600304629259874235530563810143579536774172651976463576876296943266385203717659430663
-1.2708870385623182395038190470670138066222977054063019301022526507528552802461181102966834087394133113 0.24265519951555305913052899888540764887176262065228578459009044233533280826815716705020562393918122171 0.16810309784897613355055990641551672034955834127610700701653501919748597368676497372797949709449887619
0.052603821698297355017434235677055354803705910150808179854440711350114183959855516873252564609698273771 0.0075900946873936470503280235272800730269601334005367443205067790517077187304290175642691093567734263762 0.11929059728873515610081314876290075830316509324797367391281991947678751069117453745096344360108970293
-1.2311948807008675403974442649023696085736892866473290344967165186276208242020509879032451608648367267 0.8376195600815169559686014413090220179295545798675932953325999911096829741667081130009383648821606665 0.077015016850130754359967718390982711232424269927812855081228191524955099799974753831518806350037283539
-0.63020521406521647619064777169898906642863355959458137523527041057732738096198986434601032274518409144 -1.6535162392906844068677661127592627994775457460938671886569422111205001528434287575814809542786488525 0.10306067549931599429428770288139271516820880645489815404191713096373542121365690632638243255746401465
0.39079386926593636642741827853582207971630235137748368531023536692199399135926591799709894727752260489 0.25563741057190060103914845258284595174572920218595027977900094019501414278504064566725219699980114955 0.12191768930283801407306557763616030405928630139164239831487432937238818079254838076330527241068370761
-0.20123997716447639375284735128291052274160218351530474698659613496902982839399013674878974022864937227 -0.97807838826414326593547545597800569399302954906859384404768618590585872926859239585335041319933910174 0.073575097756326419068157950880452503509525897363816563700414307342109665024289438596137500987836577929
-0.172013431404532570855273292407613709603190311703128529271866948680228304019829936559930514378796379 -0.2633273207405153386750934406109718338379735453788140358588744805861043908345268068755224176874069815 0.096804956773556469224947117589413227741788409836201941103567720043629979930845782251140928792897428795
-1.5883339807527045941590328171375153776588075090733032031965563366199222968689831330487127865296500182 -0.15300602953921382954038675608919608692114975088359022357774103924977113712710441911587684691147503584 0.1472396122736311742718629726208963978430252384162460872162472795758613944808530836384774253665790574
1.1725390708997467554463286103860482489713362827139198752597804796032187062519148346465887549449598608 -1.5960809244159592414647173917123833420355027269283319215816803909281421461923932997639349950705035709 0.037453744210147622174776957311067799131151992321670193091636698119773753260310082788248506339019130495
0.5756806304431967704755753918570414585536088432347677140804836564427951608507006619990701023539180258 0.23461902381797851161653744924594141880252831492729652090844947606531952632742176914329582749085693119 0.030359780035483308189370053333378829944305721757533977268295958760567639835016786019113767051431315879
-0.27136914274303079174791463611107999590666218898848501578295659875755847140854584139604740009092341262 -0.53981142302048154764382015644248976237345149801746346414765056567700796685882611638017042135673719571 0.16122398831644811562376509789515334243187876643799790679442189494168805939683762757740457574151874121
-0.28753845406222571670377990966678193096048849823689201968662283690388365013007783215724076054103679382 -1.6474161206633287058644578044154166975698816333243229544676594747226736361502460057668952217689206655 0.11760656708187262949575864355567241287262818468356067463780007478308909271773473167372086071120543467
-1.4197219306664796949611822939485968788114673777474859402251221429122778601833404729465308743234599133 0.31303797454051844204496165020058736866261224648889151002008776926754576753378999464408983110435604473 0.17352644235911058655473057255938603189458508770607158822419019405291933808269492890072672022859248339
-0.12214813381281787872493321072470965405818110372976850580260508594598082428850266975628015241591498347 -0.073193453836036202820968914373281962204692396497560592170581825582976667966990202701435787996891735717 0.11348181666949955828501712043247330374705700941526685163247306109219072862154114551723549106173763645
1.1100226556054216972483134160112558909140803901480575914693610441898489023591799738034445987561267981 0.81153251798209921591803569171957899019500545694084078254427550082238493830969101004396863050159297804 0.04374771589335986991314292696319199761645326879911991276894323432882904776334958239048653261728118358
-1.2542333765551846273246592467575718488907356598013456053415295860094244818461240328478826276802960325 -0.23216842271829219891855592504986815659684648178766371481681192319230789558956189568490654362563890008 0.12341541264260501618870138104434900723057076505978586123187182704234020444503337707806408388297045855
-0.80493686202258114834528372718004759816998397899325800012074727154634669538170153718441683278275205316 -0.12225089015130150323192389999570681908061648849229394362692372107976192077638390245182374792630039933 0.0795030891910790225266845711163818087145189784720284140737504597351425074144699733138569793003944115
-0.42485025776906659224968486600628558397136328299261472440006168678042614706857773865801751809000194985 0.39499333081489765789794573240779441716986937190815404875414869348351631613520160704369425531350930137 0.0074896449746015130891936499482787588579136587430828026978866308531648759919312797087957696498402908379
1.1418125425714928344397475276139762605401633887548125585391841363479858612265364620378673808693115182 -1.4142660425457976102403972452347266407631327175667075152056257617341419984176978593330163033756992263 0.020203451467228957373935335000248897909323737444361070064919555487650514768239473478410266475873855994
-1.9382482402643864087690576575664776170443322392470242813293327709750005396263821599033337106394805835 0.48119809295393119850424464233549463261537987453938271981910434166613461767784220270071335698784772885 0.037463344173397776207923133225061515319194455918645441563093426096296875587360191241842664182056059376
