-0.72139714843285486199332257337385886204869453782374889421259800110440870655504041023311592679446191987 1.3029931171279486260276967470660571758574664940847391093391707615437882399263644064329281249432324085 0.15699068488886473102307633144712454258803841844827800265579060523854265155184374153591853697477703735
0.80440043695196839121460363172157293872638877102344898094580756216811433655443352196254113501862947906 -1.627375254494086688458653469762111702601323564541511052567001631465620662625942246557787273282197211 0.027054666054521250551034842185079499477693128962398485281321102984038882662379401091857067931787504189
-1.943778141220052885878839812489645031715278725120589981232814899662690012834586336071545953068951381 0.25034322711370006771535448380109450244831189924726449299029209818740760574724876371712475123845179856 0.10428479574695244338694495306809863580313078762086332986796740335505072210938067206392677803602008806
-0.42664072872727004649193494206793515086659946297989513348306008281393881546984680150485614101530413163 -0.98864438709677347410224073778612769693380175647293663301045791601490950955559439777431665448720464371 0.029875426526926664498438241326219108153610932650920179851399697887778716613523963104362780783645573606
1.1250860839962426453811099675017844630935624200222386108127232495757488660135806875368908411337004126 -0.31428550843753041990283734944143253840713488962229695550780492646077977960229550591066753527034624927 0.13111167570274702860152798660868505790879923956573019973973462238586870287390779880817020525886155941
0.36131891415493076755279792129277064262295079510596969153400241297202025366702447866164306451967504094 -0.35710557079577244596822153511086758387520625288734031934467230532995526396280578776684452551006422944 0.062728567583301211092213332711134941671328471673950629968834739956865879728456810700891704147500269683
-0.3091200610089697950498815366318885211912601489493883657020157075807583925122369044953077128476497246 -0.91740487049787595392874582339829027780549062902584702841907923789650431597067062843662393601949792461 0.0006013636656404968319457617845149731081890999440553980283652705763393331209322085101493628488041526184
0.30909654746812681779358701355495109041242908607401385306760320032129934778090724658833785152669648382 -0.032627329509548600032500328729574462665174393028749117580451905576925588298526307221051938393773328767 0.0022137321902486767046886824945623124814089928362366162181260268718542461015961556007318601867436757805
-0.24711635152575399103801929303417525004899570973802485435558473562668787285377068816786380099950995059 -1.3835552738659462663122586385361546990775072519631457156719777226554937530234631592427389027119741376 0.063682804963339600783719081115741072992397000728231045156088294323581590739267691076151356774041978329
1.5545507975332940130124286998269527365337566899332919480379080091278304358965158685237625617494908114 0.61488786870328604119045017768088365543680448803839559931219071676062026550455045818379722513949259458 0.079235998285440317158303298872805197349797119458592991626269204607279575130693909151274434243032286986
-0.22254161144793424568419119301263562118624632219709542784414339840077642247343554070882736510131349993 -0.13093292941323789069651897002635114429524412988104372468400665314592670228207141076265955797522115216 0.043530204271698797029333010919429740080337145192122152562854281559988763111704981752896756855301769376
-1.2940370495012280526420941513486303085391648135363535943625982522811821783042377104459935634026166717 0.065522812679273420597717045272259450248057905898559814747099812820564344457083945937747715033457707075 0.1148592132953929964565729503941847133515609754013474247033121732744926870796251304277949196772379387
-0.73846369935080213754612749306338711016662000095041623143939815655011128196770920573128399284584997024 -1.1577276586665218615650251493358056331780822788604330700768836204107915294833924507486849444871199786 0.1948675528387785055230336459320834050576055856248774269456002634999392785673991531545653549756269215
0.091068239514423081926692304669183315711889467292923882309632033213296049447173032474811417542812691035 -0.80626426368888627931160165988705037575687722452965789636989229757372226304675079664220184380084219936 0.20621664853608213738265652071309255622779905443563288902002068712455577353266858794613368411019856921
-0.41584121862503282734355197371064520631572196884978329674758577597211552302701810984915351115248918665 -1.3026250237544696310871201759992245583742000037386807407804730635231478881720577565234059554644670241 0.080251741469926042141112863142040048979634025440169597965989208523444363393190359575994704450030959409
1.1833019139197912894028623496924789571806621714029544395764101417769186774977224912744201949537822439 -0.68710871206484307805927545186274015296706997649078345065076880946152482816912324111891569074345472851 0.03576404441734657556057171658406408199939983560281026168514149623553714132401391219454823221827064883
0.10851714490180063072620914436131681576707200568383548151391374203264671969522975413343875100207125375 1.9675992123108457743974050508903089374712733448193840204238597520432847572095848317961987735965464331 0.14567356717865220275948470108887558166295146784229637161796313321788220160171970470255570369258536128
0.34945028765906696322519873931342591277747666923211162352631490594761289602622281556367334882224719146 0.70300462809307848475230089981106995708434805433699966632875269167298766150719927984536384923951202381 0.029469502896880284495957175187005186029820941543685325918310336141617279070352143730771510064211353502
0.014967606540636893831411751760721063397218505764684075288644476987084363853305741268613741186173229154 0.048142203574237165102330075070111416941299671132958048537042116636707168622075072600544292508075074663 0.021699260875000780340081875462865013004727649648461215795593673496417494496472448482557311302752387738
0.32037000087785090726945904525066758624610009837034382892642620068408234837288803516495554287569608594 1.1569087297478474960293924259271240070009033216635463009373573144220737069461960162027109929130318078 0.12914825381112529216430660462670063277987383943050909114612934794219149532761223271416029361673039107
1.1143873322027287097509507455004939552600179923634230049738588771307688860895511861516705570412931491 -0.28383484120171653956385462395826884403764049213880483519042238311539500401693998860193592045046765199 0.18028231339984365725055179215015182484218229069627863692900453243875228154091522994751887505271419603
1.6168409609487344507113655791311999304434371455295337497328588367917332904685019381749470227609415419 -0.43931700187939577511720483164756180536131426055408143090570445941983369115335843590377413519627720546 0.026467524180525845490945809477838203261360837808304128629834839974546222548809817214379803976813292025
-1.4251002112828368505108172405933934783373863343397288741475740063056194648541212711196186549915796895 1.0723943618694177145735853236692297872776609262268629200943778286315353137429320388542666056269609043 0.11124023633021361451661438756937589051724656013559909251957658768281252423035433909758800929468847198
0.50651624478762545960065857342610131350242359824978331489654959657050586201033760759697352802821586739 0.53200426350931304907705422827677935766589285198307400274081315182369253637207146424641152723781101672 0.05345675310087291984049815769793103656042152397208400904598042604390908184300537233918497708113329952
-0.27553866853610572222650558469943558328266799906726223234436723855071721484712388379240734910440613052 -0.59130189260093604606324092069952378839256392424364372518458474822267154594469234797048794545952048406 0.13951944352844956442838861378744775077622078670585579835450274818221321559147214600849973586937643416
1.4855513472669801214311488747137744478236014024584588350640683611606652746444953203673267835189967302 0.42118282338834286551876262235131224762290119316588661931283285252660732427078765658131859208907996811 0.058521836455190369058186915359116129881352066952843937504096654134833635435709901020558187076566328696
0.42425620824230422475771967360856660469794061102952262720351298888826020234178914941352940765136441485 -0.65284682567066148680669254376417241859095024735869025884292409910487696582561020828341348743440192315 0.071958666538936921025785336484491059403155807035119859543261980618500932146446805403861157059726729321
-1.1993236994125535967734631151543658729516750470865821065894255435352484554554359745027379801568327606 -1.3747113744815202132690709879163146590113338677732811361698415807066455514721979525693657806461833567 0.00041371189048332803840562992842565356177810378933040997055542814267354742876208802676490089535676786053
-0.95062677526048231868248330435026505579844344252716617138340746101119965915180668442066706087477207462 0.14720378179521458364628222440477757197547896101956635125341253795709771440726176517887684399070608137 0.1836649454870657579885311201261215573685763203112328619160692682375634604017221926950938948906215384
-1.4912345108674453890300541007525755717966548314997851607854160408915148121604667190340070947608076247 -0.79512120585116235878800684258912772157396220638792322215094233490657587351507082623955748864216251906 0.082278305248427135352200555005024431738096958680335257150013852197207544353099648696491543714699869593
-0.41887704436491980209756729486635680795998253705058430825856699773477986530893433511333743254612369133 1.1437294408722302474098155578145553638760716009885334430968401777699911669672355405865376364123568023 0.15007993699022108383100994407164274076732152249978261743164923593623389724045521735853043624261915289
-0.15804118907167744571320285867726746253965404607225292492074785392374023164063713137641595377074664244 1.0679100358177332606796340953449092480782998106636630090559382316399163636533578890038107120087946754 0.20164524504170719444007690110638426742068850121755830109031328640463806751569521896338439538302337174
0.87515257921006373917706001196801402980366806292674413814415468996112457772305714166002883501988109819 1.0205433224268325272061263286683480544621799796955553897878419377476959335882043243404184203116422654 0.20079565798508908426935803171373162205378599437751237086908536999810282852183071348325717038351450981
0.49324159342487039313270827774428916692075669961471145955765489700556852474714880463709865058556327515 0.43098327086730918242930953113138172138091451491797370086390062839444684449589934072340687791677578553 0.0073032158623937320087537392640921906461893596822522587946675227154737802565516430985312873425633851997
0.93662244096174648204481660799221830446913221427907130091196428229629825590624177454724586293150613585 0.46218593687404295688852482931538239308354364547883700705592497971838658213316408733524056286582206885 0.084223054326533426281767018317796741152275566594551814783071608272654996064645140007152667072647575133
-0.33312708488384392655074414131003412044892246593252460195802187773106621891583711917912325000055887627 -0.79541612522471679103912155927666886702058108502851256393173304652449036543044153198764521236996454036 0.201166552652193882721270324999972277109831272113383747281877507049482049309527960293488544427650832
0.25656430570629453110768051123159727025839144998564260803739196718110371635727709123214501236250997558 0.2017744493106430856867066384981901006356272133459824619148153525097226943922710761293124145427295042 0.12543934441741937673707569760176728569499283083014289974583290254520135109716199773342684960069449819
0.41820165266199168681911929001505982108413590020645807087005714473794188653420092709121221028225268035 0.24115103468999897573580418050853527063844192494977150965018704001542274237932014675025735856493773798 0.19092708383034130792078886609049006097455518984588973591397639573049236464466374017725906398139517573
-0.066896518975552798135227235610760051759105138076808742086938432239658260463881319847994282450584396831 -0.26626961550607381472210053120464617324143786592873289504930722540833721317218424898433532376093108797 0.12999375959342681057006971480667870128728222467278221258018718830769579769792142722464669210317741371
0.90964221901275321903332872114881260106982424180663510795639657964356654616324370576039642505892869555 -0.68176739756621771671137708867593495216142136413306789371104892631067325021752107180782632838679970863 0.13661195400269046069774770047330765477696998906685307386013575031323273195195036138439891649568172102
-1.4032862765907666911023358884563039051866601057358218752584101576893718540185882514155373738219747731 -0.60985512951419469885848584661865783432337575380786257958795399179095450772644110528957361232754542982 0.016661476902481572061482332294681232817992537481065577256546645391557112408542368016138634963468202846
-0.14571457899329655704291238530781536591420026109328214903077007163941658627785822036839249586763367778 0.45929175644549317393213431827730048118833405688187505756738336971293580641512594414686523858641292054 0.11772657524280760419505765450621179102181236139614430760848898374459930727528278710989194763056862447
-0.17843431905599048551752651305044587126193450074304444398402615672986941248916092005789844046437511658 -1.3875134571296723047247063073475730991821593135826539127945256529114517006778172505579660438821230299 0.10755778242763797759400688667620852243527476059458292878519884598300705709451934045274200179609247637
-0.061467497360464142764586379819425426226469336234966522877299018235757151797080284595808850607553153174 0.01942054795061492036104633933242869598562052230849555476147852643994125581528671933511809134638520935 0.017326049056361327430480863123772337863805035942287791073002780239446719478892275408964732444405010222
-1.0783419925945210888141945984006393381222831625037862383302280467973220023274907726020760971567482973 -1.3910734969035817795304214323086351755472898305776591222027032336812107829507636944448953721207343309 0.087146088388166312773939210429502333430742787477772509934480295687687925440428112270391272646902992156
-0.45688776254209490337271220928796200005893118538592797211354683428849973780016698755437976323880322017 0.54918174283220392360873612622076507854249832719145859977747083973467304571466421035351111444382081575 0.10474833799900081815637767541960850171043814870067507144594713197172612487595356017045815877277459835
-0.66104880422195838607120755149095135553620621647181029768974808234166144527008710859315642136664487775 1.8673061210770022331990991292261472669140548779308277092876435440488518565602832580149595326683474846 0.050169308937920457804049488536185865849860132540897857508863417706856010779058720081128494602678661885
0.30338899171434309652417935509579881224840024922351308362714738004032376215526949980447684848100719298 -0.31380229547681404706991781567176233883617862505490212408619549951758723039354485187460629949086657982 0.15269498986201564995051592291452187682639415280003972374722392280550094465993651339354359782080022493
0.11476514397887683485362517555962931049699722795190712875040563739481520547627974493384572875239270628 0.3373878457528379912562061444253302876607263717149378442997059576045979247314657561376924288529718938 0.13138138521888937385363565512572362254066470087497144774515294667578415298639030390545838050054930296
-0.2686345251367725275312273999572083544984898843435224428359621606695926578255172950722889754932311251 0.93453422099892007082353555710656389482333354336952095784588701197614842070374753209111183266658298494 0.081688317410431987218803801696215412590915253881592637678553197743074256820913689348043243716073906522
0.74793554107504735218195850528779716676561805006795696154297943540758757003767765734169801380421224706 -0.19908961631074643977352402890468162996633239060613260759995597813185318465849063769400758096550052329 0.18585305863604068443198750589807736580050701859367065380416833070567738927820294947862395025745563416
0.58435972098776303679203474792769810742947473568355518476796384751826648329253699769432129716436158773 -0.44444287623536617264354531038083474360236076882267958136395487788473536493897259078483456830031730703 0.16950747020825638523538976773558793884256064210116291485635283776544651588376222567387927510529462533
1.1220308679064677342655722526861328459095808719207125453596130040431529924785592482842692367952450226 1.5221879548793980604319310371071386313392806807835469957385489123411161269236178483421758307555515236 0.17342919725402805182022020111458127121598727880839447517213586852849350872138492369212822704129177816
-0.46006752186767670705739138735518081185756997291463781440208624413193044765776331785318697883405384342 0.092919886288937863500000665613159766483515121852327811113602543916799837582884895548384473476306741568 0.034249360719031631901821158040506835862063505234979538655557716986963282107874672165729887258477973663
-0.17514141605182716219251062113479909811840804467135370970736291541523973065050900419284034992237562084 -0.11948069737608038210079984435043807380066759754156068042503152168072928262412500851059609861728148511 0.12473117631417120332058617755241466880167379556991911197047185791763621107916287760038072131085423558
-0.073642158498959938816780161790664858598721215006723491254713867412883645016036077134920046777508702303 0.21146927705556758973598375601666177297577279189022962799774566286526268857282976693341771410327875758 0.151238393676102798488588578419104245009428338921822273182126391312007355131370322729231099654809451
-0.35441821613087804364109778156538945058754244364786736162580172548871343070559673112886886358398307343 -1.2139163324156495765671896589460298736693865508665613135999346151513428601539054124910824812830888812 0.030945855386182993832425103306738341432429415262331526694656435939850797518601452372837071094197866688
0.061803813083588634042715021851735269773480948299042794828996518128688306305379704790971126954489073867 0.61102605447497354962661849083672603362691992570193498045282864025279821516117989946104354663217130238 0.023103746404158441953030485190223467830328830226504729432270317609213781344003903152986817570116341416
-1.6837883692096552205054841932282702376091719806720226908309614746850028512304717595398642255760959803 0.49538707173864665204570696619108746408147892221234432610068547311548789637752953801958193225019131549 0.15035130588041113571966257555945779210417161478094123549424959210027665388474889252117249053079629476
0.097936758875683897271111601102974701231586323521219408454187077094054507364627949856954443149457049458 -0.68766899933562343330165395909824285098017084733968259898991973940204982154733206030582764056117704026 0.021343466202539600270552458856614555005376144007563953654314330237461185524821198031081666810221592679
