-1.4074138489751791191391039775691753251511351136852418128628806302276299863914403464754172129597509898 0.63490737338117087940714098005924181121313891143428852886995070327510535414043662574953495315465663588 0.0986775599233719612045315155553755864282109666364550556561874024532789051118772889314884959485176041
1.5768373740997353576184306235711996596545259221368845829714000430113891556760303166413146236108732054 -1.0615720537291096646404847846800310947226856160643211690814649541147201103490067381379721790623354702 0.10932120431334546508132655191816990248527813138906135236437620867734418451194743245039676088841574399
0.92189725054698407627132832035500350369552137851838741893794930127707228334691222744118052684421943646 -0.73482022350521118963395558018687750490787403603701336711217850379041352359605582903628968505307491404 0.077329497034295919499916068493362898881258160606319630657120813662837501222206379171989315951186061136
0.84458708759669136236766254909539316235376240344884434404983856367915633472061407886862015220932310197 0.44697383567894783330830116517885784839968009987852829143523881536927192637137153980426214177584717681 0.0094605226644460373317856536331830331191036699646697093754083514265840868325651876699697185879390044627
-0.22038300013144651310436777827081863014870600172808099442699886858300712182634298726692852797423820994 1.3944143669099682016228874926700624493054840233952791091053968405278215640087132330933394144397438311 0.10157967073790910437204820090268536275028982750618599698549610557874385959820927664327946121817682224
-0.82917346887413997599360478070665046884142050350029033557408360892334547821533784238804104926641681779 0.92603462541541530260532229676166219479652349283695698628088972368780321562984661284684373024588124587 0.12851681032677770546508375937513228820163952222605195475465019175071682249772892087654008757280160683
0.10115285378283871122185188580518704487849989463969895457681221676550566162858364668088543336164521566 0.23794112219109271974831672385210022798530213430805249086745113010709894080975384750476851599311889113 0.036631632076280445101111984374545298634938158311425822554490223465291436876212349749778458527973382645
0.096687740393613359080327037396737074391135832117258552691900090533094675892854080776957413658031321331 0.95330784582829480203914539166169263192627816114239962986368333635087902694202268382201977220903945337 0.16881880618825032655835926923331538628468316630692606910887113333283634890146148511331226590732783692
-0.1260802574474107423880171927665553278359646891771401089040128233848220865370926101378488145410887546 -0.17650522345923282955204859254186283453382604895186326690743792135438578085596349380161645990331198229 0.039152760295631330815996879458365380171517670010885506481666523289526892559532907264227657353967035229
0.37300226566632108592822399400791714256514366907733399501775951859947856981125964470115032383285595476 1.1393288550628134311789840798004414591485214860379063917460236886196624100029356716715964150787748111 0.11516305564119107200370617802342160164188533482080546895628153690020121483064200242102554288269479893
-0.11773538256231010275813593644010901966126388621599688093222920346613656607101144924426966686850154673 -0.86595709863757882473102328138714240596941096775375613868364647711552350741641254073508236862724996937 0.1071550622035927912453840517341856522264723998139686339606515638284325709426598927291296275400730024
0.40132470348923758193854763566811903698496130375278047874238271371918484519701642359268620705696248395 0.1709204750173031549956410198769156500353493097933867374726801954288987088861597358188109349976831241 0.035198557725392067605886353724509284397462451645526465144224190995600530552364993270497090437217694736
0.53966081014271178906901345886518578108038108756755234607856773347044439582032005938088404668755784286 -0.80932043379680698135636853538811447168259308672510061333827499428156438867599545713994003581796527333 0.1645307683006501081759890183970257680798659629576172285478317639319580691790379907459701896854221559
1.2011152019713632524313411583608285233700067733052557743822720526658756565913101552949915680694713334 0.12485080485711840054927000263324768624808224702833241895211030761394665559834970908876256312517746953 0.20085784054458074392033432568443229486232316007869138814526954437177020379329471711745583438885529315
0.33707891888743013679710312069559149119242328591482144183695807701290852903924496725507190896094884043 0.10836395800531861661278683406087717172537002491761748057517943223199960586663518805630456979754448546 0.11287018016356879439109596670261003343638072269830179736489409047635257914596804453571015832486682768
-0.12114791402897111374861374015625337338111977324518075050180420504709758486486092279379449532670470916 0.78542496553312531836647427991627217567747942429997663581380123418464408051134157490451575785582482264 0.17996016808163008380577792597227434262895528668693017466179264481182965632411669075106810925159455355
-0.37132808972899998327722621552626094882847545519985385288700891856628528330327265137806773601240914195 -1.1189114874749479218273670517999463042173024486645760375084151110845487309343200409760154296181876909 0.18933040112942294892298005742017596663302314986315440650506324702133582104298841641691117058094932918
-1.2100389712868799786204690251594256506768909985325674570880411622291127204388120060484467989742147434 -0.4964608652448692644552663947267283555685242903369282284163343180521074878698885058130906948267859295 0.15594951668638305769773070889888139036109558937125590804028668067983816219871677589143471054077969499
-0.034582239642535778161946741049947065854654447178552616918843110345597974967840312376609462403107648308 -0.074949535543666709900638665513429954275687425034908918454334781839467832054380319011416777346536528847 0.06746603919126190105292684194467779448336768905715517654509599238826184296239927681516362721235354168
-0.14283789380342280533084366217926739106435214616340153391347351072275928490056622314319046861504944862 -0.25515340182487650804078403074776247531211872835704990458795535272447960677959998516312409047607030439 0.094247554586388127782411274550424031081688557176475218190754027588798970830276587295917995136433702
0.11065005454717038868449356965103089827566728133481088945089185904952053241840755237162597601765918289 1.4411865373700314363097865677205785083971386659621065478174294362904663576030536486564623312250948398 0.04726915452435119346338958137951754283359130093598836040695067658271464943416578788632136737609647343
-0.18832694031910458441545076443786003386261682476282199246145063664260034787402167601535722779856271574 0.0083987201831103242957504991418564458295929638758245113089011230545759016140293925712517385783345598075 0.14194496055085447825127418316174438109972445424586312230092911209731431735646831535981415615313333074
-1.7675412280749541838205302080448214995074373081557015112287681277990328677860050985969945800670880231 -0.34299993468059184054835018015584674029551636174953854661524340490327766327131792885202642906178059621 0.16512169615452340636565361335021733767214021792542251926794630844982423158510097792650744056782868109
-0.84956877530829973201762356599203695676937106912180089906568089096914191615893647729677261907135884015 0.36665981975919641380068770613275218862967532395050945760712129781621207976777401764843276216597372917 0.019958950889695680877643005385982890615765578959487697763475104214878285730351293728718228791069638935
-1.4353331588996807733148569101211128162771452611452369518826227119926352888929745319955363033187346038 0.43472266836572222503374474457523828307547774530747209368824473916054959463564611730754803353542661752 0.08980388863587564117323468487810289817075623315889016370437145863202381977248800502512511256230454394
-0.38817651782952808026646341214226484504112095283544022888629443831331766113586796516340416950482469161 -1.3239013191785006732082295061835961890117356939928789721306031181579979727080899811029469885782531755 0.17044255734822091353082976625683289632152922161188659395769026819973426857732680516742681770844072657
-1.0677376427135794778397020916088957054281494218507629594371417806990495740035181419347220183525288055 0.15619160693454762979434450937700743120445300334587763309173781577390395934733746552880752740338305837 0.12519112901605913616600763951119360951485941595014273037204677778900180103091273094158707743062921629
-1.1993354902019699160774704446155891790027054954618552750922876343350019273624152266608365432534517169 1.25565577828689550818668130662734324536767434466903920861090629065759689714239582285537754346327619 0.067256395330714379812956695713678570894229170341380349983023021155467890932296364212569789661313524283
-1.1381904956554384219974554716860713061724466748581473679388482074062668319270677415579939532787754686 -1.3627496490360838225267600630954893274198663229755540314428715102567756046683655666831860498286443467 0.056675521945164723910735565560707244901529376537896384482096324213746093103758111416870287875209993972
1.368068211062360294791898616764969397930914515140238100164299095855564088740553057923391557634677109 0.027507568095763016277653997464254982745625970036340096500312636903309476599097607052826055986212485376 2.1185018803586384193862411428710458229827417934963082482148022677178430037703052788764874235430459211e-05
-0.25510623101837626908273465224589966556722681672068094224394331496336135725931604360846318176133700018 -0.38156410702282629548571170587591376517272467732679802379595714750993197600287735736135545277134532338 0.015838306931566091828023976292538539612851442847055996972854436274943808066069314273872695242645538541
0.23922725096812001380153614850075571025676785041170221753849398006044479934928817371694543304224864357 0.52638740049822117946653008423823603071675945274956105960516763275830913392865853854626686846571155111 0.16428117760168630620715957523243368375984925818601726221687941786649265715333051573392295031471338908
-0.73860221720644289663491165729478257776746925336960041296971392114765028239669767511195572047188790037 -0.59268998837386591464269250181448922935492883698652670691422696290802350998454260083866055876609771664 0.15648739233840783201657864620061651519823702637975120223736469796672219370738511897995340449583844247
0.25792206246065284047091901679323765723681661677515285317899224730388523583458228224768713342405325122 0.36416928496101350505183215909993750542459360251200945618778639420956666138933092681039237785625296021 0.116795048336423216913875001728154788423166727461688154170528229773713727670311227364443675395124555
0.60811939000987664783159592729089133999206106977954882804121683330931517714802845189588148324309529197 -0.88150731039140428272105487211026660777116482155167768172889144083858785984463139412728598836174119034 0.094845383565603048712881564907773214329972884252686068855982654362063120224127803957029836460353306837
0.63936318346705987489345286287090361097698349199639158393069087399589372213710662156428949391509095694 0.89140274327251951856738368936462542857620497683435294856263527351445106102359001796175488111579852611 0.10170848259480507480479067956812128487002241779468768673151035678403495611154918257228540760178132539
0.14750241243168881254308318450132518098567256381999636632229759609954207060124347735197443214920763692 0.10967533067130446112067044633240211765915213570675539701624256617665298927218865581983645942559820988 0.1340429374526979337198579533400927258563079885005744087519199207831473131168630696070484470994120422
-1.5471240807506336801310910403334860657066874951650689251506717758897824384894969876155599405113186876 0.39750350656345263855948344821337351181520607346159644816959124278580057271672716530774114450142805166 0.19029473146335792863920984831553865782406018074610334261577057012052227374780856976622837641626276692
0.52042705315247219958659659296675879952350434170790141519652951223293960020277091124509125498221517667 -1.1962008725199562462762077340304672870441179058167979840528674752640452096990409059504124190692377268 0.13216026092310146517371223066999481549175955870869267775742521368284750588840362521869943120277795999
1.8226263010198314929660244011864769439492147092638905487377564272320623952617641517007076916202443234 -0.30582754462545645322666592063946923186104254209816100867200549422714376314737812749976525271982500364 0.10502233247068165233883838291494820897615679458063191970481038568621487924108058997681352045139740621
0.14495919812651354426665017623364990040274642517100966309739985838019354197831700097107658821682938177 0.022658227491631042381005279677695814952183715694740547036507948354160893288295341579182103056749202223 0.099980950108436427980459195896106590869718491887097686173707264631755178114912845417620519055509967836
0.77911896038541013902532553964109250019724953368772022555986003185495372365689927907398244669936008915 0.65146475118036264494360635066589984687236193542317115606056219081634855726288388618654297854469818346 0.1338904571931208677210723896938870781143323508735908314871164990824202915622939508433737849800298885
0.8327001842429410053092329105071810860206692817680994856566585931978453731649218078887305859534769742 -0.67708516156362429520750762614972301589576571925942699806345374398523633080655576010525692253655764912 0.031668207106401594727427360526008386520637854907622284891349942417533641520842178543875072944189573307
0.15063022566637122293756704015360750442027602626066077387157015420946512485367473426215845327312194038 0.09997347920580740201127599390497313815735771836433818188214995265767437107236266328847608175102520881 0.12344682350376136497626930179760082326313763720143974465730164800029059795482996573871068749680770915
-0.31521070715821768324376849836573896838159113980073705260037678507965632392273910335898763655530950284 1.4854965844229498501546949697525715191711339412588730645951958917973561015029556360241822493475662638 0.16408319381668455042407389032062931093800245208599677922451378590049997586516997721821838145659235723
0.99089669039493794348580862212954748430199768693625447545368419464212002647110595085754919698114144114 -0.13581557104743236845518374852823590173468762993282465386420250202050866772849862350487864909011271303 0.064890667125185317652990285626496636013559467658978612114300829370438353139245774885245194467375839236
-1.8080161747978605206229117019222844906619766079462099515881081077383173600646179390457715863591222529 0.82469742167089065802094260449974296498420199926203047755474951675728259526366625773867194340900199442 0.053110762264120072287122776623121630222072340668892360612005226729318700370188657668662572956777860639
-0.18461315998562365532871063778752264635436241631578377611442006270183989165497999729880104430317103298 0.38495280184103421764678069993076077174870712252944635221285715355669966830935801268420947683624513381 0.11664424760725730909007133626654437104391913203536821676372732661139778067448389132165277416307779333
0.8299217192437002262301481779708112600790505024005615937856651960687539694410933534739068991745301775 -0.72687721517876279124444546090090241618837968181620526678462656708458438022455627917607335376842303216 0.005356221685711508058875587992959062977156391211962375141128146998697390397241506349191854557896999554
0.036396111762794260084629929044599588462421967470446195458134910962911220293346778028804902745770535497 -0.4975015290574293414889182143750788645527219020343118446825793917872466911712960669696939617064388431 0.096891836785944938149607283815530983359938854396788411324556593171112515755119652453183540836416407046
0.71215170895023426613901907121981724013089816822320833306932034841030281648906273419798554831650336497 1.2309383838655668460701190431315306269780050173736480365954851643743841348850560360376295803643605645 0.13322863043499938885843139043500144447645304903880801134400265432975123281644541226807806023825209714
1.15706562626933090702069550506191716741436593551425219492578388742729524903901028196241866954482809 -0.45462382268018077087652875263324455458612012219671856440154363626868670664305649339358863607374031252 0.031144654154024983417690506571366291245192501395011045058024891445296978423469303281787067182699355052
-1.7993621607193859911657820417126999466575598096657454026230002507389548511697992404758519823009029586 0.11912496790138300299703696238251320457672011392770099844727113762336152184773118514614168065238246922 0.16399738914313737600406571879003015874276591935026453844536929263096148830202163168041845714066081458
-0.036136748498819177544266754531681339946241113834814131795681388224643687296899894520089314704064502731 0.014179396086829101122018137455914944415527436947897661886190455320835707260002853986892847577473666689 0.067172420001320776832293859982051074077620410799678056225890208542872459214213087156025216439355770376
-0.37491948803919731313058086621739566943025501745625651047991389426313439607789321573159680758976270491 -1.4062153398840832980953327385990827701601102223371993995615180529667776218483764377933152261812990858 0.17167497292892454509325006683877713567704902101479783384317519481417374294772027782625304061995535488
-1.7347050446875177489416600323064600658894218447152041807360915585720002952833886606271339310893993289 0.36248456678273848373116012968584750732013979056929997581965938305580789876217904145363971513295618206 0.065336887809305357544383318651537548683315781724420640043392104890998823711421287244241586236935608944
-0.15740018547292001723270841500129861868471365305313797179277338337996189853386957457527278750631616732 -0.23012844990761667120277568821861999789984793581680221107888481214070562664370944546421299221111408715 0.19406269648615999402342079444584104286236122899130744067213006750916838544581117115340202379914038585
0.6785370343946552604438441040309580883511236315021912059875576815349379029791620549992702755291492678 -0.28491381842101489884700838699483499700455956083185010627731688831051231781089033928699676639341478919 0.016505484568492801583041363616667850169067646829026271839137281150468513858581091838603707245746563035
0.79402326478087032450123590144207158524587515818424195840171090692224362124583227694681579527736582202 -1.5997904011985530714484408078337079908498490093511193370458119719710900422303128121353463628398964836 0.11431303956583567516974043963546336683447589761644181912535057400872628672518790565434050387245890995
-1.2419172839203811879855587900138613808540181773797340334038360892368042584679186591670184471489749677 0.37435847365822550673661767142236803898502951928655725683635935727235256794299104752158316593183813132 0.021033567444444775741299894341318331472589524901708011023275326459956355137704626458290656988924566701
