0.52095821815301259345359744870203264139912803130816554546576208382656102039181021632205144276300804723 -0.86415667699620182753999975416927749809229115820556567025221630556958940892239494580734022271389663247 0.029320066822426079512499498736412852024149627409398018100431263021449360573360493448895496617459621848
0.77348607174417306900974219559750004702525427742228793026191196891638715338597746261255820072162872422 -0.084466995244925599800805547337966683629369996969478227574921542897950157213753634599223140942203427481 0.037159412360492089010253025415940786914837875881362850867823202135742990871024199884777223410204902554
0.89179515759456479747821603540909627059685341587121538206310604672436100158530139221932476210609157207 -0.15346997302429924201089682703181084264684509650939009307192875833116824681616875961242547372043715217 0.073598342120807035735101023844915757302071149914782949365329024071015456098101452605753977957940302165
0.61850737153266724478463466452221758661322707440874795714086183227648219485750779144272317802286230047 1.6810993027111535045548827867543578394696979454063875400996375174892331643993871958005896449716799384 0.13476893164839368758022494871517798802109646373003897330411791943008895292854801429031717209902873652
0.34926616785642299930224248776967368552489788672981145612864500134134712949739808732946708900499698164 -0.30281361434453312829508656082811201905045060558704763535289292453010246803538124925344395536700486236 0.009280810496293007075694279815790971468697557126538844367752252722017480842976552792112413427928627538
0.21465552820871083938616614711836438461000933014084249785711471516827177875439388779946599989014802243 0.10077777833678787680456690341415930509093854250400146818207744023540043564776733422690714161306222351 0.14642949886462699280552664646976506953136757788238578103610550498243795165591698250748511152930205255
-1.2929464056179341179411279433341499660859969492047841088280216262968047688021885434990100217766695239 -1.27678399319857865089502131870337715942263086853897817990955909410032980471497612765090263403702424 0.01680956904082617832575439749397507454067064600957717581674743147842563854167235892186965177003261137
0.11578789383373039714336336095940912577644247372258293136555898847708140618434198404262298579156107743 0.20969720670718160150294235024052085720573414421983942507581726170003691893248313739650382776896250157 0.058073309704410622702846194529563049688200427641910532763655784973635862063189726688697218904576836316
-0.35335008425362605569320931742953041568246186631831066482627550944500900164093193701004854981042125024 -0.20090247905836984666785830519870557113503000514332089867313126428671072129826415483002127423700995278 0.081570893334389381498544270890201859482989323294526240111963040828849275486961483062150440623300181373
-1.5516948899813099525558370492573949877472939638253219809247608870350164322499142398036210611565074312 0.65427538732410427878123497839530133059868542234801597808768036066243343847320246500345899180176596305 0.016600442442903553102185906644223844482732806327153352251029320684457944032049875680526145154924790582
-0.28944296501693930251889395283448800209446801971981729614816208374487061310337376373298023437252855288 -0.0043846985587232894542521240773211053179432300696239356289042817174485827328304596543140486315356219241 0.19590213301504118408469352110525975607365172341135282200530194217858834699304196022094195198519389838
0.99822818588112232201450127887939005108212006844999438699377119891880398616028596102207871078932855682 1.4507438443680577953962414676353278527273926422968500033082821257596281304961413638127089106598490414 0.024296334742631114285222290926019764412751527195319237981202786966230502843959121455597124330071252563
-1.7885169532157883084313947264554672697677995053502206784945202211056181468494192703776603778290016525 -0.081351806849408080081276409640963513198546219011017793308764111713201637069242427036745087490413632933 0.064545853052816229716911868366696388590412205966175776927841207304168159319749950936372935277417614163
1.8835045287245043259034343723591375640901727248487726666285785800563220418788662563631975747946760698 -0.63722408309392906590095431804868077715264488491943760875869630956496525744706884464255793736073763262 0.097877750330637019096157199502962005664643808511203113051011213725326811384747005546268507405418535418
-0.99495902728354079245383177112223724415596553977579182136772784823400515324689596018471737492275949659 0.47431464010819833870245274801632222083033270996955668067472680025951528368987431220553772464165519617 0.058152413690093225702610074047724946127037933025407163005273421657392837988498438590060023480899277682
-1.1157803606009419242884847626914912475402799573972080672962666698292420643932997417698860436572548516 -1.1702203054192736997481899261825299381701969038153176900006532430081459486959096644283315101722552803 0.052009852895405294856431565411458616605230263454562950645654972534265013084968799187021320245824357914
-1.5936814995003016534510319133597796052970504099371943865483580408766442907217993606234562231769192928 -0.81915814874675771173460921034433704936017607414685001127067934443385484410466124893245759768901390111 0.20385692671914057060800967660635860622616964012789744436064778672149911069046425699886602837022810008
0.52063545140574235563495234022912974068831759951454042241277383218918257106057414193944062458878381156 -0.15373087111005674400795967211985519684054219283863811959195378065660501641028470230915702932533685954 0.17166000107384823469555874255033399256161766783491364249043130955957541601509244974605831757083935946
0.91370477601804189973400836556499973712675822218594664510557455823649734726357676221273970174164490826 -0.20099249504167854490452777611509466321670374993292650712865893907908576878140750261315920322584044891 0.099534652493712584923607745155690825491792095691022557535918419181511406749282286575531866544342468911
-1.4643860945055452321986751166510647263728101954621187742521575771288606732078899195477840456312748594 0.85135613268663569287259274006325649723797215060811272793326093421197867108859260659576455259507780462 0.20866879743041738924314175924550922481069200635073209024161259491746456748981591275132562132113880611
0.50594333823917129513232124340920767521131500633139254426933743810022857799089573019488047327067939918 0.81857911809137670291214769156716463873980554447540600337109912328121502975092248309177987662486185717 0.11315643832184642383454953276889702006406642737094162328680104419631699430595846375515902906972223439
0.57571299289444182525026104878958849865732388846655406206731702643762773004514113590605140787714277944 -0.21728786682245512097469950614325343322955177325743202982580623966890639199938351430647287111863495886 0.20545531373865165802475109431708349270085994981190386456465389888739034422011040706369855539919616753
0.46421785022268335613192490667907360858004695806560594392438353774579922653592771172157016631204199511 0.003344458927557237710559811127425613440978154792837638351500868918533898561706618082362241103716948588 0.18810571425959561568480520959551268983685457933516279669552625011674693826071010175072345401560951337
-0.16951638221576768199352500696549783018500243602755484033515042320859016831370888923457757723773674638 0.15882786962744822756952817432225368311677802197596130897416540492672961488605935065340179025632649797 0.086551172058999591179572315456094780775452124731411023117805795472502733294980771249732389337954714323
-0.2279658173300201567738732470106381038297371473778709590909707532981351842684977565721542000571858004 1.1103855602081907744537370397514989613352832051214789902351752897859094053151637154780091785769592625 0.19589107850606259319162141636659693753246968045134722225060092255203867689279241778740038712480642749
0.35153597841739410404709151984129114016451782537882492258854329979314368322175376281434752846599228533 -0.2386449610169309589254528141314504981622082045955619739306283208554014207894698029965879111682495981 0.12640067414810543846246261699853189933366987182680022863415401911662735963632897031967364120164081056
-0.17214772442195619271685473567134572964566513174252558123570245403942663064020052091632668675892882822 0.82042776189451575068834357982440521865042670373909439594007809930984544596236948243928833993243491497 0.095661414816433040241018805213660532469967978745417279516933919129491592720632312153140125452273705892
1.2879014020015916554890201280123764954010632076860272792302940861200616360384412631527130885583884036 -0.25823572763557542296713457971478819640842704085859184955782541991986296176287809065439166817468469009 0.049537250118589085783488532884914681939439344835730536732300628377741912632107850789319682730079923313
-0.1945705359270720532371386238501283559301203872355906854286965095673996106639869023430304884128828993 0.11758297978038378621462080222185196456459909057518971441839527577000267666145275663301984447286541085 0.099710843262983188870789085777493562019922624082749444220204816085937966841762527082602568425198690703
0.7564375192697032532152430252060047579329457216769281745415926992115037867430615406053047691602629261 -0.7803916196366741736787829848560405413993792925592617024406883480275538409399618138796363366034450296 0.15957814135283212032157139449058372202300930957274730544991885701028410833041882746797499080371606887
-0.027285495202754828898751385376746232259057815219787303091365371048183738567838228255520641115562442193 0.0012475450910257690083182798894010952257335059556350425408782925641426535145501208165924527776824558146 0.088369965395797638722717185907383182621389249996695745538901762394813396345180401455786527802437718205
-0.022625836861017020196691781100289325416696691875556110375688844248144626147758784132812926024149115362 0.82823604560760783793111892140593310254361578748237819554174861983607453442280931959708227773572041835 0.041243337505431730309551816547798169140518655155764727809594381894365119596329332565294150749323310431
0.46683807580031494424850838257891174777516149698010541585535457210651697314736613518079224717165203884 0.00055703290344252058106201528523467989098702079766109870147556718108406270094999800337962786764645618567 0.084695930627899764456497020388169598373243422323294507431154927260607254999779017238446120409463949575
-0.6227970813445616592506477728522987856448166908269020926595663096117218319431737400490965349828447696 0.055963165382927974003095075116098242907949108903120070373340953271696465148638714228883441237170004379 0.19972744622508327830097831713519735627535750842725724547541352109195858630992572330109065945358403013
-0.78289499628248783058707939499054841964419574713717736886451797857481554800365874380064389509265962712 0.2070944202192061723278398016480623212447256642729302393675813715456547797382639384091967784277655435 0.037873925828483370085098339208722019493889771515473134323191158837136983861951678238795157156491764807
-0.36908370732686172540244822995572351498730198167943515474380333723838019557062768036967481154620415556 -0.30685956002739086187238139566256986492217132497994950843715376024441366024921474466677782779321026706 0.089313629382728837182314322418615497891073910425313493424358626301426897938702197739028617344168292748
-0.48656705663979551605853501251244354087112404954510308591100302436793471011257003813811294742682911548 1.4407513444889072532448995584633966101828442996124357759046291491745475588284310811912395964332567968 0.034510612313419878141949590993456933036368528877516425976186256872296182565145797126272024659746973463
-1.4892140519216539302323996415116984321930956849638002419406793296855717081432617098000578476231611551 0.86517560125405225196326772988869680853629929538713620872534537676282584963599281020178325020288570575 0.067819113894903344259625992790920903347991439481614351557697949017380253488147391601469830108878395343
-0.55264450458317010543496851080904413377054107691040145734252969888353634956689934704220598918614323054 0.9945902639206501908766894612084705793363717080073047247411692157510613040727450217922996246781642359 0.17656936814105513935028842655357459241880604920075588265227621138809000830533592978128085975038962664
-1.4581500023432347146883243699144073908718090444412197773945407575858087724247565015730579601764464921 -0.48381473758442709793719449018631431656462788932251000899859920978008766795622831309648168836047630996 0.14257319607031905788377465395272444878133226787284184026142335649774396789625112691281546275728932836
-0.34790015176011755494849728777468095633152651738209882893792108650047685474235758392613566801877802096 0.16877894502009227514305872799530650626272396196126578301573600952203961338206321743615724862075182264 0.15802277504291307341703668900636551668458916402772232717703964414939806296342898630909760819768003307
-0.052999648575566105531064650218041805659289637742956881457942949244470434759660655530831945279632318477 0.36022690999456889988360564786198849240063155161132964126858588200312543210297694363252527305720664294 0.13986251746262600394849612678042737548934101142796179204393954917788172310088067630505666408772839721
0.7169273689605072528163494771670486060191446803926214561582228181303483884265485437601693683008233869 -0.15760569971205143661852354740850397483435745681066540285666372576964412566706390258779002456109650827 0.11659437757001848572350685921812934216553426144108146355516224292141674595778832285902921636551279751
0.52352974184154488389056078228124779116910649713056830897399356865985908269607768937945940036484249276 1.8566445927253020856670253216465202607179311222381341915593497189679130520797358521526213138019481227 0.08647247121380524635158092744827053623184348129785959012181275971417130244055796431865559966072033622
0.91453793718047461994838556655370721074293477202761882193350646045668428198366541816076277843374016906 -0.017091472825263065647173998214464209129649535421367114755971377929754733689675868258436060981233125254 0.20487154907895804488049850874720955129207786089590363548043679094606080023420462995902684178473007537
0.074549685670747271820956638746699372493133499311213765219059721166513997782874761813577610948889354164 -0.8075211612883669812821331681780049135286826986659358105129152960628875167620518894640652358448718911 0.20540206462795307395702472634173126707197260684457718886546563356122138647444335671990442561996164481
0.26501201501075494481516767407190642886100510553515346223030267298056123364316396589584673380788899916 0.017864465656877996963160928365949917152038124954694790954286068378287173932110717049630266879511897498 0.084920046656955081789458451867991000200553803097124033448009213194450337222297087350711780346574215339
-0.58862320638856052488705624835176858704030057830896427233016172228893989292550700768016271235905558831 -1.0397831823719737395881532540018776515220451037821811882297158404139774142025915052045021730025901048 0.088607184935829691759852016905193109081660184959712822013001861733713462438713110610773543765821989406
-0.098724834499931429282356470182454221744642646633559405307153084207044310303159999829000904863431774649 1.2872371224013273960671455562196096934625988119350404483120231297521263644079593829796305251476614685 0.011481937744891480738144088750931774303877622228829621255906602108579924752812438163117866525634849214
-0.017335270684550569067817511403229605618517573613292238907376235054275971768110383149349909188386601508 0.039061311290604428308049977994492894138116283172690264288776589056850440470542510236907403705611558041 0.15815492219087976489438601523065796156518936160816521946005772842857968515431172681210409821892452706
-0.1529195754981271080711531973132275858578923366440078683118743659875432010983428510427513889711394003 -1.132447413514373009589717816684682171506316023428787926936494605418011680076638194074225427077062437 0.17957259032159791925038620367613038035415244170507588478433892110248657095785666457412971709035648357
-1.0109924822664352917084126500853036544906809753353752615113724831537936348634753506248999410447534513 -1.504263318822008893069346803161927130778803145361217873349958771630731884475409412631178807924420299 0.011196647556907522588819920529251373155618807378663523254011523985197553332440093151668169269116992386
-0.36658588211253033465624342181586627072675238681225716026501627394232578137057543086384145496960206865 0.067885304640332462027777491901392328924844001045381916903342782730616876927247209600715076632287140998 0.14513306798505042208055548544568653371549724413974204967490362097599203946332021163934367806617813135
-1.2069785278002612548607040319322968150130639863698090034868916279018665471609747643711960532736013667 0.34267377234403397078930140881219423304857863640952276413059679485416555876931008195199619009017500797 0.061018558821665371143078587430240167719621378341119273475519931095259360530598552137448973863225157757
1.7869147114467633144592151764460850921971319623306336796280653718968872788911557236957822100819943796 0.37520912729029295153368791520559321440999316087753765680500834802662787268235913752663401632141909801 0.09878147771544088115246276951678038837131824542994815566477823877867110460591684011103039944444303978
-0.70182231641074551994113397890964818113647886089039793412365775757739203136430249075586074787312898971 -0.06194189068510642883751862979359948631615184958903537477345046263127658876476659085887743138291291258 0.087306170132355408616629780235242185032450639820730628594117204244576704764256301865945926424444843015
-0.020295325023549240604833207171359437800051259719677784947350508423329934961887834341890793980737454026 -0.47696703725423378810069804387039777075337757676840736887668528415403995473107212607881321313177600881 0.1223383234510792638831605151366074408491664290603472065594926963135074644903855411930973802603371091
0.53446947029953331962210083105664883166700694427376146251668872334486285916127821506904608900580325806 0.01777032342936353686335060948487070483310325896592578607461824470673950538239688430280181202367841915 0.095237007511363778112667829260098309680371506078916023463944827251554064171065399435957624118518885413
0.49092607140009700567196557210722424263305212052155510408318579790833966296122690408003426658694518611 1.5014869684132214339182463037526576487732270302320730396682244162145593948841785481292364263854207989 0.062989515135043965696822939458576226529891140463362903671465401994202388640541186432489584369305892897
-1.2252276705500628647782233878584802364145258788156377397917611044631938708430979379540000093613530789 1.0602395159231791381686612035921357455554543620410657220557742230977692992515266484644385946764420195 0.20522606373113819464606897971103896090645222895138335090790408876612642322809863559295363540605859267
