1.2107918845952365609828414489666160869787367729895652469686658227057818888620154620485643947814544236 0.42236794215284673361360487088735545617512799623431264154296054118454587382512474541369084473717525695 0.025189888983156007661208024727553171696247176941757285636595166499212681605681814401685876163257866304
1.5961340715316046223877357002657031992108296316099962384973151726895909769873432406703217153780044599 0.86414352855088121810875556933598305107004898404011585307295499903336275265533654856298046402785450724 0.1027073952342566497542981601745940498921832061543139504983852947914958347424472141035951037715853093
0.82724621510859900404087592375810092831243448665679995058439516158246195660219515094344327843927406713 0.23813760459688053528085587628337658413128825247035948166692309437391610991070821256645516333649534073 0.16437559186401939938212837621994363248546739171161260853024875531595022541626479451191208880598855428
0.069496128751831636000628905720347324259875808796413422713547012487440094350735065671979584074745069878 0.027416535238826464683567304689068901256716008300557981256070232962953676723372145495182536758213084494 0.1538220481093100012601370960902373789179567279740629682111681248571839215830202817132776277898999794
0.11535059312648032505721861745222855206401358394337876860173406376095835074882166313321433357475697691 -1.3099208541401275221112088301247919583637223353755965341956308887051407211353742180739632310636255131 0.077013469262131547199829129012361608947028275447401258368774144295208903459335581064469538568998931951
0.090134215815663726132327692014201990461766803090328033576178171877816067223140877272918359814338473238 0.01957966965860798401796178487512675752455811770945805127163361364455220022177940068402957096827549196 0.05403578670985569676855231875004637061088224695770358870333108199909702890896286332488764529117300098
-0.066724943885635548811212749533181897322149607517268509423179184267075597111807605038523041583653735922 -0.027907099795565259183662629279397391870722962654763420925988787613435841854998148005514137753313148596 0.16030799140997386105277523483705403480482209308251761355730143794146876928735685728190311607097010808
-1.2666532537335461661816180510245324899235212372896448252970578683527561005029674248337955807138538484 -1.0269363793626121758126546413510496331236513060638050571143613807334921810434019710866293831997275705 0.16479427283396401688101537157184713248914140380290511000584244377483872903161246363709452023663461173
-1.6499095900178072843208296328811008663143469407606109399943413355223852732632207721006528004876388398 -0.79794890831360199503810583866315602114173336146652184982577096450515119408158377518666326709221443328 0.074703194365968393230951516127491331496999819748048521642218617547603134257154775268332131221362097799
-0.96354759806615381461922477777103388662758522514717094672239795755668668197712566905358607309025922963 0.28930385907896280870392803565409241475087138659704027923685067701111668613320273288679747689812403023 0.014049186445071528467024405095349785717889404599681791422388240081305069734022639750059050617486453148
-0.67952592260119304997345572832794301276030381620649770482786163137706550859129649970026007543354631809 -1.2570734388412013569658285519476963926832780723974280417543725102837645540971157228537049005635997189 0.11694400132361390785546851939268751764531888199723744851360755910696624910949967886867228137276212648
-0.24670612267120878576956653334833630587118767143364432315203691596345272957179378043591382589391569009 0.46862874383864358338509036601885556446010143253735002647980603751889640486782763926875529700318968167 0.067795287281450037372447231960932373726717563062052290250215372470319311098825959611198851203846852235
-0.51125110102304387801993746229544694958061929980949482668088114446207873390739324569126099128792652967 -0.2446131616179180111828828600158710090697858812180282824999268641453236209041874488580731845172022934 0.020966160808319063906452430130480198967781054802330689710620334436532286882031294351289364394795209281
0.027816094358485706854727756577835263076480792959262623066549944863057721977070150976272287243045678578 -0.5691027545357680166211012963725684369786369551713390717148190397946985583089331823319145224001325068 0.076809394122845715276495395212199567916041723940447819288775297313182309297891133236226668354745541276
0.25006299115311603466406381126836373411394155860416074856752083812021057483366852577540461420435352333 -0.52131772067466701519180057452792675195182880862629390755284253210936575961870399946010807121077369776 0.1553374494812725363293121841690955219593981426191023872105182182378472197247599993246671407360164738
1.8344580615230159113699782366343205428705389148981399837744250951779929099014841863248083807746239112 -0.70387022939879308563891581987628361442484177051987131962275829111497344283319328275515178539744150265 0.20093615955125932162654317129320535682981962391875223204886081372001994686928149225894684381564110761
1.5577793720015343949543399796844441871131759571801956893643837072332950696317324358366730296460932253 0.44480107221381865939448118596918241205344879540351410750007866886999883995266784192869364959914610478 0.060261812552533444331034786220369360963642097783510530067059888773459283050275008942825660862599444695
-0.84001997961420546278972881301974345322310646396806516999359345655653234264700287336707800993687530848 -0.96010429781530531724256340683096615015587975514145106843071307063223130392865873887509571355005922632 0.15519653267590012817658583229410886938649145461196873917279376317495876538437455202596702114972919774
-0.6726391150661172762033689378543704941156535364652006123932959155532448331298656857030645828828601462 -0.49301109251900953305436647066859706473810386797477283467934588406058840149373131247691970020988416456 0.014749444740274334401791251042944153266205196902087767107282340139186436669955689592380329729066052296
0.96514917471652125465330646650508451578994888471693526212456270113554125781190234921941933162367120564 0.15261672219530037045288459594000986723484307906440574528822266398870511460650850733342597620831192684 0.11176583463984290952930203198802998560541820696544403461007158777962693311688818119165066635203352708
-0.53369501916997343603635809950153895246814999249364632607160866477153783023712726240851783910076845126 -1.6519116633193157869696192818099722864416071731333595709998207983878038595125261228311770481407493807 0.11951206803542272824691283302934073354696556293479215085928015404149004578708813101992246703808913257
-0.1442732035111622241723246476459563234246957259331436208549016478959911931258055153484998682695251063 0.30245457692750505887483037509999817611368007312195393652393447501875924817489050150300301190201119181 0.11575198575183499367389294508642518845163574416104033377108566733502716571049514719740192778051333964
1.3059841657421521173316520034627356084803450987810421958951253736515533576442132616109162100575102478 0.32225530682825145842881910823392846079846929547330006771005382398634197661844968344058446178959333342 0.11085968430493911516772196871045853672021721690484133132807913675660257998387542405871534330979994679
0.013027048149219989448701406912295619803103361324479287840724537276353186833046658869919969817229634386 -0.03593161846550683339781931003261440729908649203441278572109718488678870795954840529231658632319900301 0.16927840282081811669426718124847883637595907242739515450047126087315686378732283220013276075548964681
-1.2278185210662917775269613339291902336529518012573692196747186989244840864972572292621805733102520666 -0.95589408115659267305834267980713147705573527226270285235033996929372699767942486732697171380840352159 0.17355413278601681866501263686040925325747155538212952209195113069063352717471605855146422644743151551
0.15377193098646531646789801062466083385450297977832797848502264539984807085904160930269716276785289775 -0.68565349186359996074382517729497003515251855200330395260714249884708971233675040019972084890839649671 0.097326087831646005677085062848145901322341115186725662419848392171395128239241972103596175823918980462
0.43727189224049537340750243228654497196037127788897168775391651518669825988264442556508293361935687723 0.17042444008542194308979358743379821748937151063649331092965572423139171462682511773446299976006778809 0.06402519862502097020073365692768826519553013097374318325443535972997789861049406873801322150178678839
1.0919887828617576965604762034324114528177763101680023855674243434019947830100599283789817670272828081 0.30450347130242567371901215819770338347529775932359801734084892224204567247859718049237780421056183523 0.13410533453467495441571138839349873964354660648644684933271857589886129312339697766217704456709691967
-0.19642596248473914109284273332314846333860453925741519412353180204477480389132908486480930036275506117 -1.0702081578292627849425981676930916475522074401906592382927429116347851621442687001534229520260686662 0.1508508656903604734740629362100292939389588506284533492130295107225290506442217251230132897123481987
1.1050969893995075517620627420280429567990247321642660450848349152002572104734847553941524027884424273 -1.321068119499861320427638274320381385983245225509495301826465900199989361124679493045629045529579966 0.073728561773694213173298873632414362017695092893844708944383810230170043333758383292885739250665369899
0.74578863260617932799411734805687259256238991115084967271195494477156026370273378892853255207823220574 0.0069315191580875147859538142066964876763468373420492686106293338159654081108905976792420419589074759103 0.16609237258086878734060380852322253008141310646798196494158290116303954114346521099982285453346536756
1.2870220190244134582505934092701952139100506606775018584214900399984195190198429541907947142714332647 0.72707472480086714292658526441685246557458946085298791698571700691049930334658558833123747120785637876 0.033455583120015186698686104128146721867671790613091326086653708074489648053334804229684701644627954336
0.73398332826553619863813981890540049085189925210804514322448087746118405977535097472233239333380331649 0.10712247027192442181416567531195819028148307548207593995637791101739791555753967449684902946168609694 0.025820723732075879099791861675905886765802679130174699367215705098357012510656960267500636982398047647
0.39581420808461662256092671646570270106981129047465127229051290417941316515543221457303567958269223459 0.74258558622966514744276116111869398394734924333519850760035473682892419447757312280177029175687242866 0.18331882365553636893890721117387318044434891043567812530930267925055557869469909969344228148934744613
-0.19213669614678560887986335233045775744118798509440003635824388044906699714002073500951895462606613207 0.15674398517906302663638291573057795201730281127041034497962796026354806810634600378227982227683991515 0.076012626929693502779268317274490347476405105603669673843407221400419761369003604111160264435417350731
-1.2622252821857720497159033677876334950888503864510431816879640749128467445584001333634899092801881552 -1.1097268425902611417956758526931533056867462033807313420036961497243764998945027982587935922028859335 0.14037056551850046312833148463257570807333521791823679908389987163506538690441265085764843326328515105
1.5808722446947369539797476430822463814077401507406275938844869821064352269933275968263976533447936294 -1.1810976913864751117282137683012622776918786873109123832485026947977026610098082927476899051785728915 0.029621249702334686003234094717670839828897871149114144648268123515746081957558207857920312512629189274
0.32557642862853879110919263380792928489539114053764976718090366887725614856878892525826424571446828956 -1.3101181759353855590891262343705592114130401874792498734801123980627236953422920793268441250084291126 0.10000082988352197313781217193585443079231357195564529697770717907950931998745981389760967306492387193
0.11762188140157305985639746950878987447718578656689946763215770706730293863186824185292786984634736671 -0.34783760625546924945873718350218354639597659718911458198085326167972840826160462200604976505619167747 0.18457091965728108361565310539205535436045209788210261181341096366770780688692452096111117080668052593
-1.6836702911237764478991448075920984435903496278463713259942898744780377306660249475887951794044133903 -0.12721424840474267051309338455632313934620971318728677167865405935702908240455157012443053012955391496 0.045684827084498246596282619589817255842807470858795728339841024804387641637399760649776166404679717783
0.72060175926616040077095846144187206994311529171097768628590753868492152496307471413843372907409045727 0.27378930069019099333036985820759727347011139382427009280269418352949799767975141102035448865395333528 0.19475346733076653018294861044923208727738333745774510561417836359486972011307203457000764949066687842
0.94058948974625278502240816084434236219500185087178630452282718052197237640641665960481099844873811025 -0.099909979205982361177509431295860219949445367705108862420515441478338864139773045468681600419905747445 0.16167062167330483644382902470384550896297327552539990781727502710178851195027262317896548082827687225
0.57720792604791292105229713850871437258417288481207455701075497154275910427581752122084934773401431486 -0.78043971811727234644567350639074776280560202621403099102612763498995230787881404625191331493774434551 0.17201324440554404714429145316333118480874377715957575226329811080793924411554017836883760873147058174
1.1667904601458284463079448576527660761585502492570331070185289629526420635643449547538594364052782906 0.45888099858661155451880354737046749261616928566826254166770881219253333641438520898021598838172330728 0.13766009169808190278365200704283118651055104999996089514844333609871009477296585480701321952932773225
-0.37354139527074352002141134268668442693870944562465587686852636714222174850661741082792126558423845248 -1.77964232399388866723184733075676368672948741899897171500754226361954527458565183846951144092776711 0.061474817576590124217269024625933517880993378042847301650535501082045850530471170889127129022120687392
-1.2883919164293553926960930528718873819945217214901763869906123491904227752912381412707185963130753121 -0.0094878685493926191038524200419352108436391645579784460768315568110895947914686760291468938788367923241 0.037664353595819304647307904691076130719169994991228405142997181059958853765263918479550708959173683404
0.83327420757025759642325234693965706831511686917111057570668326922005169880302861758884955768103991083 1.6908060242430466324774618810453149171902719795643946049051378585926594317683836868582290672758333351 0.1489459413749641996301183679446336738509219697793575426085592643732350125669112161742563920114565822
1.4404482466456525374300929652124727998102040128057197530395392552018416949549895323653762896933425048 -0.9518293825030641969337345928384411449843206497472782200932562012668443167871361242654264175026793658 0.20191476963895600508198206111480443640285717072715044880758866653127097480397095782411609887885709225
-0.071541601064354811812301439041406951667839732395931850105662081793804906489403298113563067774622356348 -0.31275295334254166961073015695574135874995842943156781723754072207106611386652756767979253337009721674 0.038626402853485846946647477941348670336890350803368206694373777244947085197284142464819708093252726392
-0.3640127639675409976842727868304799594379064659667744804564490460632723982817260468086275031660940849 0.40574093571346598533726234584351681444520674552052403518273269560959859833411939266505426526889759084 0.16033410586168055884483218558967256948710135015791928372877993489475920791484983242623443892411241618
-0.89519950551937036716375075169115229196959303949127716381558247182302105110227944893576368197194839118 0.14771553017442655816144612759011934450204929243157446899465872275600618201606515942946711429496074959 0.066154760776764494917763191355236160764732383514405359499788355483963817614035927703726884457924148651
-0.31510073469209596565627491507455757920579147208398454969721293099895780530746351669816928125569484254 -0.75888542615786154159958841429331574492071390324925202607955588232101114190893559643494452361826025436 0.007261520360740042219005105939821543309599461217248269997724452473360339308405208607337892041768373274
-0.087520025799502228272409681407013684966661197140156323698398721306925713519033598927255034309959896883 -0.088423366581785261726916197740664184280635991083197443101332628809810978516274503412695715705896411686 0.14776788481262296777529408902285196064579555893778482584328693442564547683548779999736586786737827783
-0.8167269952650383843230391780608593110285947630430908241478139461350868223632281613467424591477107826 -0.68498809111085682645267212749897869345673207699776355968245034330788111926067162534619081646079418377 0.11197009848895083334505535448280676839757593270282993273983250775792950557735896610410390387206790674
0.89898222765715972811415478227211033074913882829205250629669881812110139361776892461572384007198472426 0.81156291123440717903912949370842356564474007921233621271442375468326511094669822166196226738293199244 0.15501108243749364605769068197828969537594131317217806854860914028100993753991042305257208749031120857
1.7336678929070849184746800899286639427129448826848130020326564320293774580583269566649753229074874852 -0.87590437004337889339562228619021917698590348889131312916970597107273830665449470715780914130360025951 0.1505320434856098220295465457385225026753711160825631804918116527107219714099450348952686813996549376
-0.10176684761067340410227113898229054430296453345672559409056767728273626142790295451384063824871643588 -1.1539906773012348482504182583537032408526438347833124720779060645943485736973673326053977262569721208 0.18609229666715104041527801702680590388793606208904046974029601072938651086947022971164880939448786836
-0.098453051887952779433178187813075505849055149548732437653938789151086282306681048462307726521914153436 -1.34314026708046358074308944418220595157370912094238505786896175304251693628099440756835031959642724 0.16315272857527726145151884731893456998817712869950495065901321562708683638134579205156265797955127574
1.2974028009053775801824157004169616045206747075668962164394386329715900647360848260523099150816111147 0.43421784563656610630881321322336651991254039772980601039574386566209115247836257715278789862913781924 0.051021425804996379992388248155806859617047503952326008416144711486710869086292697616750421766895883082
0.30811686092669547095519136613257491569914723784168841000199884525382177543044716511940567474386196054 -0.32491489841081613800258150374680515705315138485285230915397217739118348927020668600282207457344855449 0.15524980158645769025094665203578619805504531094338930852588720057663787310904576199301568240501673824
