-0.095333568151002759775419293585417589350601891554755251440076724696353398232725716297316127927076447579 -0.66772941527668187958800440560083071271552449158402747338943077052048236355578242791991086736023542516 0.08888796706662610543099365562896172317501019593594408030289152310482907933078672398869172177498473996
-0.1404540367247157569282543948885671399760079278260202974480320530818036242040203550491770049959166768 0.66116093279928669747156965979765044091945800274155047531273241879401458563358054202336668930934779466 0.16148984444515837414392135562181873500328430917171115281383730821007113999805270479476944742848961953
0.62194883767693172444332886131445517647356511045825928079141421545395836870100368632467224597787368216 0.50440410099204073505671084542735074043231249926479174837258557888147647648050095227851544853792526983 0.13819885195737504803709094452418155757639878370878773055179042937659270493857923083147279993978243044
-0.54006613090627251205464471185712946609363406328337568576758581006618866323954864376264055076224493596 -0.36963474706270858055291510124746718184351281772959213022815241530188907468771337577670542699833846453 0.16798850662062969116220213534331320979989715088192216331422126402194443370841131014047788464075794914
1.3970101240383413621076626742697700727073006849497472472859135794211041538079504383823898091604837337 0.71367387873752174488912154354963632218021732378767452073066419624453817992945636016293439053477718312 0.1638579260828281375113925421636560347380233791309193553392150088728458720584686191730090350809082899
-0.47622347011742909531442209194720149037242981922838231182020785476315392959025054931843265781684115546 -1.1420388216492738457885822713586597856503041665033461434457132617277980544104933170192030096160722467 0.080523836872217101350789836908110230950460566904037966713891164602407824864694442952893865293438891617
0.032317994551327694946914631351606160762856320411721838145198334282946850518568655958359784450129044863 -0.36767582476425503194752845324573646917661521761545393468721772885516727231240130358236014193701261691 0.19538376784734900652002307782592984083342634416096899421551290963924178971088409837457047280618371822
-0.61816967597737357184823843324678882431228215694308606918272949800567672093617271297378416502359870547 0.60594058690307841898558137130964752739726934989565129223621278459874170846764108179145641093169570023 0.0032809522502855524015955156601443379467058937561112436007023742386916554867809466548623233117520962637
-0.71916053109355523433392383779163976013243625877606386623044727287521730952407463804739719754846761544 0.25459319661396007787658282555811049600304866032828430136292733858394105871655370000551381998504469763 0.10729656588861390660165174669629913023979128626337525218420014665853781936221396045561895824852348026
0.081745213936019655586447873214507562546820469218513146973436125750356591635134420563919440536945040604 -1.1615886797301325155026457726364712604545111878358611311041320920285633245767848180093738569118109869 0.1596158098320860902492174502145494811056767339634353534821779969548100711043238562134241649445946353
-0.27678680412260573499231984272526379264625836924275992540666175763676560665239319037036098746937192437 -0.55700753684427236516892902389209965575280735295394607423431883263462902602474445705828316904744965441 0.18877971417218436282320207341613611128959515782889323876897498904363357438148731224265093477299525557
-0.020959317279852062241676749197548989579697891522787481889607185404956403540729442015525325952597465313 0.016449403531045045115375179066894971791224763494436475859957930745990527291603265647865272060307956884 0.10919793273923139189847356422397866652372501431035336112907235203088598857034691284644439149557096935
0.28117205652894475993956558519055303796463209265627260446212127295673343643106926119862494627031106122 0.41464393703225075863743619980898195884578266408032025049006205877624306756033632782311665876030906675 0.18237234881050978410476486419667414992918386829124004231104527436595387403591033052349232962582878113
0.091415362796373006520982392891226669484387072034683768809356531322258158196271811109018404838306961708 -0.87007390032349840789578150367905779869866528638719541119425153420816947351602212728962982150526593754 0.12303218865408786909972561658000040193886596017665847544929730467603461731799164389353656397361850186
-0.3752185591027075259628441971162941809654836225056448747665268337325023336758748360063894269755707987 0.61069823019128907142240805420290393884721723817763937577904307087720346253689021847711053237060215163 0.063148210699678755977746393147725555176541040683564212109562270302096406106419717300197846804348618471
0.38852806061869124815297257657799582775549769520889913497425773243158757365688458415623739673697999781 -1.9376765145672009405142838193394190969479436243489582826594555525331058306592316083200526070519426791 0.068332403740620695975415023537455540514423035882404445706219825350657330022937063555876815539396305013
0.0058402513670096719731431123053214536336857106358367673312708170550005004921162144906723074417521853403 0.38487238323641691600691839232098330934952674446926391178808798896223275701205413382346833978859083625 0.021769152340850337523883215492708203845923637246694709100985003804324233623879728191511777697213154506
-0.7347382555392961664893726641997447523580121495505693298162380057713809774964456728468436916740036653 -1.0562775897905668303005759082320287290084278507942333555550186984568072442291600837918665160185415756 0.19382410053064057377881808782671762508556714693118247802407105181701853103890357286053619804221257343
0.82639424217187675931518261793462870156921273393154186552055719674991042054593107194326787119225968263 0.99581956051567024413917823676349995390628171810892233479736455248562017053284718117692179240113058526 0.044326392725316909300470891004552983842390724771305093788586519153648153564428208343153011429576574178
-0.57848842418345055981305307809270003188064962715905735112419641462934073150147421774877308853426604802 0.87291145085610394595895281240267064876502015371844981552959599359288775286428122157031122515911713124 0.069745438334516696495252307470656804555312743745328951386361379046085011660105294919658817790298073171
0.25906437515660467890432554587713651470115928904048542520748775252651720565633513720804367883898368485 -0.39161456870726647533895304199147909460172226520730466680848064683371793651329732665000077856302989846 0.15584630451817231149347755859119319457166866937736581587331385459092250726863246478070269309314037892
-1.4780679039051299372251688739783878019053278703521487018779827354216657164627360210628836728403657709 -0.66199392500840881454647033602936423547188133467477401906553718494618314667730820056346029798368473047 0.058930580006220353964019129144806642257670601018828517486754707609511577200009582500464847776899102905
-0.12230457357381487979605239510876502268846501699743175671363041281758081200540101643575851065332938947 0.58240898040731660703586475139628625385738086505887812849137821623457799637832914155812868877072622554 0.059027667506807099778415634962527711030503633091715982720055173039452722219092007526213231471714939236
1.6705327370942524277674747338366583539981384236161312198456944322498601905468661379967377693787137923 -0.075300590290621133066670813640162592453596121289624289606860645091766036330279201714775497678651134361 0.18616604489325262516028666403921491441960113436317029048374563034669099559128992431997262897810056372
-0.30826368062739180724985577224634672181110502435418189731525806707721263807560748574367365740754263771 -0.5989164321974694512180938493199051202450813638372081764113552123598235249392174020412729089872268884 0.10011963294156891517988508922586190695838925837901228172397556746871780138634450185103005432263842847
-0.85007676868860627647313544433556687208475860839265971857865004085476304045316106152547964902991066645 -0.26569487084709461317641772360294817046038148780190805665675152984010054237678571994459130925596908524 0.1609140921629872014519794676578876413226687545937928460106997688508425038114026021709878558898599288
0.10942560864180006509762299833430963980759762209419115590837010424508077265181019672263315798479282255 0.021773629664141445777543756583759113114377579797617736855019654010873368975069732886065159880833536769 0.032331716979725954793334998892433944517429850120554588392940266755208777104216969456532129636193819388
-0.16588389849969444401330448445154241449960656133972856173905350575113334036108438131298234487983027602 0.50814558283038197206917991296726605162670522862672272444684098043982129952226967956201480740512672379 0.013409371899755824345720432999872906716588750831135860630854750152635536292609794445063320376117419208
-0.62097885115060484752327271702663790690505038771532060665616207055190170002184949369002819961274093662 1.296229718740026766533246603356815797650425996065515724299417217973320282413658458595380481752890909 0.074681800605824638816337716464566308851244112429817146609858600639956263229835750795427065376164162569
0.64408086811825160898670171620010720794037419225131221117445018420738771628765124024102417314398221409 0.6955479090718031875155089236230735903901365050439180004979532902716668662777187145150568910498886611 0.11376368899332488674667584163521262992030652723819712428242895015527453355150639238287313629253537995
-0.087399599960683845615458177602584420566289331623758151071723916914940657037408782532394118369730685022 -0.1158537029599018349192450694567529324676303393309927625198370692857961470808944934615114212247330155 0.019755235980999197956887632782593388876436289495443726049526188099779235165947255617058341270963990393
-0.84293061292960683888688178692786844281974967718453106407972006241631199405929266749094046987311698419 -0.73849923394785514516487148178704470083194786670320441681326983048931297219037679795766605973154914029 0.060082154146281606353570988680707582012680193587075039574437887647050992208046061774699034878316708577
0.0082284455318453307573754613041772472887269765041465048847821368653988163652056665472832038203038425903 -0.14151631460329373465290174133152224112667624461766132688637489085733770869595202053321017980206911105 0.0096402533382776278909342981842024928671478415811365955375735951849549426142911591694137269450875261232
1.7434141342602811855458938991086150258556830391618771045970357700839042465349544156006051210343856228 0.71872390900403647461463401736239624143504876477894940511441684819322096751740802549642771184898252765 0.095220660064926812943852594070431442220984097589085883940607492135811798393230610123397867101273110465
-1.2680833426778618835401613580695942888942031279243541768561536010264119556694592024336435629508310826 -1.3894596915979305278363948743063158384115663121209566658731186608887020219709037401455138761748230327 0.17711353990556388934934027710582930789799153928010476197808852997258991847441329221749738231641022433
0.98886877877436890082967769677310064262379366922679509302151623260391356925699772672837542878001134805 0.34387691180931235527726515128981869791583567960245620647908686899419505871339668341926366366037742973 0.17449919884658388168060794195098849019275215925756126518681582119037443996709622526685826474431109888
0.22923646121994245236181071561626754633377157758518829543811175113722706895424370248986432449301781986 0.97038525272338662822476153023623842136817371531934667413490966133660196913149276031753754192266856016 0.16624309238496137961479656174250828171198555073324038992596193182373055131502589449111917526918496108
-0.71929178696869622445902304478041263429805700137479961226097377621938165450336929088435986413839776655 1.4332469306655501110572197898049461626554470522920616766076813947459329756558881147812337756274165211 0.147674890500986630623160451542935072578007198345404692841296068536161830539254903491836051429296208
-1.4685920918536677238966178516945427007473389203992800496112443598532698352233117386965271494220991005 1.1969083229396596977399104405105884428808079841065608668643432196039377687524391131743803523526954441 0.16372627431685102571869399269358681082544142895371791947348192544538520975173993464344069772460660783
0.12440039719749355000508820516493041409821134184454346369271955084222729596359206633522737488590705375 -0.40503397829438101476239143510828585854022140265977827235807495137912818248253659234668151236626793342 0.14605336278790485782025108697549587615662545201090647930852504997437130591058629132774497817151594956
-0.27250265406953322076664117465512313996400555080282889879989115556610495793554800521287594883395885207 -0.47261901512222090629439037297025931552918344694568934665058164590911209370601805397305872213138425795 0.11534649154010671933662743009532818415860810123377104268454386932396433628502182190986166830187848779
-0.053511173164243678633072562602605617482939391473129667082435628832402406461794637481827809071932653855 -0.019735643651155176240287217467420544690805784497339121129558761092347062836130714451756316750222477109 0.13670238101353590186988021858407551813906084973201924359915006620571111920870980862325644766815610723
1.2881144506149848030454850400254976649213833851079175610825757119686654325998810149408164056517766316 0.49246806193873320029792611641325214850076462967316158708436734435526957767028353846607959873817189266 0.12515261591175614251149718873741149045594585138371964775881983973746022573062478655282922376546768576
-0.3743993538602497355978778185527880484456974467031035250439854450545375776603220005171061791385892464 -0.034716410013678083577178016594242320543139123397772998642155375652835140742589687369448689412739494692 0.20338850096230004124341168837894540341517654031854909479953743360457995597803295783815417011397224655
0.69345127730688522951189389103166194915851207758646380059755918577418522202882863408344828954341832428 1.2498462365605273803247105390347844393889564428951705550918308688918448369502308558296681704627087218 0.20635724281007777887731840924283966668174321320254394554744607713569519520282460820830937107991060806
-1.1906887369518091384687159005338762898087995237313455939875813966672195513604628847516570934937019921 0.80167188817511079782149600188847621127922191351070274991096853611878133081097213714229109733781503237 0.1127688044619366755464321927022038380435161776246068239192185776184019743502863220467545927881556386
-1.6941613067837084116853580046945519169930546245263783956337103045891197478562859852506017790287916202 -0.71746839017538419894788339126665426160889411817671250609717923161267999402022382216632924589581734531 0.13455409604254276468318663576707298069696410367106777128768942501107313548106525241241471650103038188
-0.85805992672618880382289818402692110434113583739184325495853046917894422410218421857652109052777334992 -0.85683919960186345109042914317887012000242102015294421350966964560584975309436607146456090804147061151 0.088190169830085777865984487046344349273862610833579140035412211603047135326301479903157146075965285999
0.30601545080136101260912136075628920097198277624420341180148647446982253250879151884470100816337238036 -1.0666257162029212971200112463908221581981812727154941103547015127163108282439270495530013278924009524 0.17475356266920269585974555694868798922745078402292966684480852795260678659680788375324509002891486756
1.434682870219167061989420404443381931074516934840874509103332998355766961349805263503435019487616399 -0.054654383943939752792262643222969959904161732456851234823734923554949441949699998077866925612634543333 0.16011805960639206720128304580633789157017633138631869842855891993180895013595346678204647808732749203
-0.6404001577850655862418482023618193274800484809438762420108260723823841440074130641230192915505080928 -1.4571511862784460216896043895491648629271641348506600159506030091547368004890891684738438891875603385 0.10150796177010778071489237128000363328792586764657094761541109035287571770010295018930420016550847715
-1.1228041541924136175700947097692725737223795650351085750269955856711761191250687269622124187008086623 0.33857214851529545451397772653952975583995710129790391203157438706392712113864336712817690487784318353 0.18871100436962775671163428502072566419158757644877735183011240535559925619544886157699191026089195408
0.87346509920679780176167155947866014415403641022073671748519234235414784611636482312904471748669323271 0.74304991116074364519361955726906628315776499620110254972357702038977934756338467398503097552265916491 0.13536303123988529747913625589208131201797707010266031555910023155291442958022308589620742141603959082
0.81116648693615394616495307295147370457363484737755227041878349741682219457679330136579657948283631143 -0.49276188328847381228803305122336208737891204518991884366358091829146053129118579418195790863539331557 0.049153834060723518508782569314434817843952272468272873102754790117160816614813273461399473235487486195
-0.39087534640431009149530456390521522470695138440845672155320280905241562026549179507386855866226564993 1.0956379990550090650491099631848338445169969686911477225205871641859427031844560383643695542248048543 0.09505496676519947766806761942200082119660843426250931349617459758576846025627732621822682747350248614
-1.0797047707322604114219215268469776648987750398726100914578803618947159305155878876792547369478052738 1.6765106712556354619366249436293728741055310621289687006443200821956971275562089514133445640599947876 0.0304953738629993335562170721015126947209936165841575700932444524367253816328879821745837833062664115
0.43541775802153874669887357989594540146082829240042963943306894355177359764382058500824014549921173702 -0.078431245650446340358999775006276914197062960439140440239276162433672613929953758315898700320334552893 0.029643404097239620788973324372898772065959999609445789255973141760252171128854539564975195933298021886
-0.65605340234513648556615544937965071637665428958468562851477232059348951938259373367915172410990603933 0.37089485488212584369614915846325207075118285022988442872932821970682159111220207608501337552242001113 0.0026775941847344930936961597842035826053499838549700926717426052213352141095182269757322109872123593794
-1.634508954943441308740316493526830661644656535289758999548983784501931803574639536481798853000382605 -0.86044280617605900043346862607241439558114632890778206467153094493901386469948205886548273593640161659 0.13867131092471505157639302596537134370872232200662980553263763459150184961552278961278066310935020034
0.86900854190394022480386597883926450763979163345650347476833166155896693386621027572579060366247739907 -0.29956544550059884734998959423486234170965527208854383939732941725325843658516380094544100606818580937 0.092796883184555897193831105206477270033821135903942051941116766724723221196119758457697683252469428419
