0.16852299259421988806387928037685032436957886482097740726972083647585085984177550893988796636849515199 -0.044767472857957205395211084561153271941565376476838844454010011872828402595484420235545679957694401295 0.10673054301094170402193332623330351655778127026440863176342672837925244102060995989754831562820924097
0.68521674575186859836780820574590945439256344883844671609544103054407897690868842395346627737192340482 -0.96932837647684587364048916314929803856449195884528304170255316830901915731872614814282431097500729014 0.14999723456485188575480406479496042592121241903085835580533056142312499932329827444085498486918848014
0.14826982959117978637082673967346172181185492775291843772529579280459112964822896144528432802054051619 1.1378495393997521614661595812608904712518966953571050267285090736930677491155908186659419422612921845 0.073877412662290641743744278873194028671667360224586594265926513702487518702978866224470197482904464356
-0.4534890154273902882898174394734520521413613301638168450784491582628452669382516279968843746262177291 -0.51234075164538362505909069594637109289241907582138166343562491045888327265871130373913548757077498396 0.13294736091638508395291765896759404527718705298690613168811435253839258773313630040654688788519750204
-0.26455161618729008594176124488338097983017523553243926831044254502950895704192570407559501708907905925 0.87367132026716362784464305010637510087018698360461011490876538258676095918991536664108007471046424877 0.010732384135647550978117762604990650837113669611390083964048911874110061870236876512852340013290863353
-1.2265126631332330053460074613751883781286923168050673600535752585007763912775524511316478157678771055 -1.3209324454994941324226885859524440262733622933262598850509128474619556269471471396266716400785334908 0.04498534189101412055614191178796242854937516676023849287636754661717004320210877104442447169290284075
0.1526429092120314697928887782201529003754581800617954842574602173281842024015732148367257999527909086 -0.45168498750597055999846745658989630818110200197770133160813859968814564696449428929732857775013215707 0.1948112624931721624059945882765001560659725111556423532294585556151674752612737505612730971666132776
-0.82605220473956794382588758009928029915151021431803781166339394977416127371619397146481977704856133176 -0.19934658075911336686181625740334121231844029341413501509510703217904112127508099106679828365892673472 0.07232364446598046816918343292541123215939372008146409275565326489018083584242467378973370167247979732
-0.44305276262109549700038004744362160100481794185544264588979397327341396534350672368450259246326126142 0.366184522141837141263581859002942903382359694596253507470116924090538972262448155306158324357232561 0.062776482332842658813598771296733991018326728441578405335985456018911920879050546866274233584248401773
-0.29023390413636350947543481844822944719228179807057645791926918374295935525273209307804111696538210388 -0.30729752902835713794678497740911788134099627163594909169107134550566800428387265287583052146777799821 0.01474066297542075781889604020305986756760544336631017081256388561286369376091032971950192525719472976
0.002185830130501483099696792351257309359512887380545515561130404887269070384886540906634375279959820224 -0.14345366367628463864420998771543512828824472708467349605488633364884723284203678016244480401575833151 0.1876361711461551737332092240022163418774480555928154248278396280089865415386826484287000038191549888
-1.6294270529928023660478549809901852306952378527357267277448518462460067363267485034836185120064999005 -0.73647389331394616084679947472914202596825944929758868029577888530946992848130413584593628384803070227 0.13685411542837908641038806715418127201462896230126657072312459532217037738230937577458492780666144123
0.56738427758094793552477662265007456956627213923891886133717240972823299984868098308857860498834246976 -0.013372681338938759646664645905085785087218267965604015532755437500277599640822352096028632462581621994 0.13784044079641779099376120691731858912710207413994644915605814092984666624456296523508171554411006492
1.2018110598983360653170811309702631521072219210008199602397517149622814465440178211313024949891945055 1.0627044068752755494602704791721338441957382873320968553359433925906206783523773681853996316450713037 0.013274310927642407268031171013090272716931830587683603268070315964252234133606276991025883419960911661
-0.70382713586935501120291762058909563915452567841608791421058018781498237631327331417899691447336497051 -1.1660597630515599254076069857893142870238371627655040537050032028491574999453424946518034904089246915 0.18946939262566478859558834273303800349220325954703095253528452719029182758839535090684793044300848239
1.1929768292851030439908647973288798761197283019861446086397354118439500355140027908723806208296790005 0.64234912339043581451553104491904534272456207470348032987495962756115764075059312138658392195469548314 0.0058942171719846177505097242912598387597729636258241329404232552304460660482655383808901734446404106152
-1.1757534857298312162841672525004268060213383818672703288074774466037799054837216532454418708575844244 -1.0349621032204800254264384840224527676007552589077713723146214972589175696629920250888005582765947414 0.12902377135836386124411774294085478376641584291709233201351628829249973355309826671763798482806439396
0.6474468077034850413091632855594793715982707573667738925393515806066339890260140519518787083346247578 -0.79355308733918754732402454007158434767741205788856854114830555184484190095228352852085443386422620899 0.13435358993229440540986500034580130517126474453252327620257019056972424787225032559414675749647194655
-0.34569144261167930774283784204462739731322594126934571326042594668933405086261906798249103323865684037 -0.17231280411576521237565566151994361378760950614367524299305283875206471178055427003867030911128574937 0.008089928258166280563069068217665741689976390519391440510485390370777418321306672011640337838029400978
1.3132236691142724527985508207642877758830804323264091966962594741643513064476116704478996221751726869 -1.0980510214391715893660292848385994750929419371324271774521312903029857030476681027829207337221466578 0.026391211678354415888849709371312497929046111807934328429196203999864730131623057204318549980526214141
-0.031525757382636490613780413973488552214629230643514802662605681409731350724282518413922448367347584406 -0.01907318058570490770553200684526624486807540608811606076450566498773892987161812515706467475447112776 0.19649395670199087204074503143304928786532472789575385461933240837880010994495891921647612830370034725
-0.48075204063661901950194230424636640622701894415765872157763589183368745096313537078700747863958185343 -0.55044836370817943534862168815319047679394513081835089073470817514262007734183950587328835010525085754 0.11925925958747833534742872459862307167838089622384106986932169474685469367899234735599540980851653266
0.083591720256074096526012645670583256998825096166495263227465935807063163123080823316929560668608728606 -0.35761939532802621137168285562692949576741112474983419786655164594488294945395535055797310314609038477 0.038546613006588771105278288679969678955390933486442170292326564216782652849413430411385815739863188282
0.45596088152843741522884924362996187151927924769446898289794020853861951739537658394530298085109801093 -1.9455337102233196227652534335569608529081651771201869323868522559967533293308569415205923283375998936 0.095302237338389195448497407269927542538536235332059952800513530451083333807578889092113510127566596505
-0.34004945633581606343763301676220575969033163535439443249283313003528146340700176988561441071403878498 1.4751885908387563169167703685585979200255023761850860166900584929077035954345862385997038241684566223 0.029810409050361894430477477228085114109021159640025968554331443569540395913221708899181790793436497964
-1.6187198502900954810590430422927854070056333570949580053035259775295238763023886926732441945049302696 0.21944138153718149234858775927672071992504006766532305093823848905918454482423148288742745334674930416 0.034562755882365119350553822656012251730116378278265720147490636190988085147443110928720199906254171552
-0.090573157914474245425830990653866591796158174316754570286720180642276803339994625284338140385351811652 -1.0138356136082096863860907070170715468528932341480753934466185435276857926276603629367733300914059904 0.14695169645240999622804379259676216827125897823876177756059244136392921291831833733147091315016755567
0.38308449587235693896023743084240804348980574637823781738805508145674152450644137377813453240447615483 -0.78447146109715272521199083319354994668011650687129300728225428571244537328307297366361063432811158761 0.090098821385402920697538331448439817117915122078571306753747995232925378071381964288400035788902069178
-1.3263803617693905204710508352374482499360779217839520761711658334631373186979905613715951280849927741 -0.38740758631006790481025844191381168941720026009028619780597447158342028961471453905843782144016444868 0.0091158765798574217670579661002861542903020261642665061679942217795812544919349999479668190183347383983
1.8115772186470225409331434341614823449942117910628813928726005189863432112981495312139511367815606054 0.10270183040143286175526970103789856727115437026414410112601549156271275341328891746609816378674928117 0.031048345196495822570742758094107652228400693590524428061560951666021736587344288582544165062393264836
1.4997225513501663092890750758505776020015635235532642924581935814465965586285942713878748566420861082 -0.056685842145903571430972582759448354674765074070310057196960708253754149829119131046365396799126960483 0.0058559401392863752799768159015567854050998690116412038482796465878885676193114095450703282959639275121
1.7783200902545178460785221117321842231506907164768743510526423003583973937861226883115169974596184245 0.79795601759422010746631356503034330904530512920040188159352537855012792965332505229581700590967214367 0.031672596876363046066963503723747415793911054932739112956728904467819188165392673766819066494114489459
0.32622035934694639976081188831226248592369676163418348148862865268863129668295646552449763748972742509 0.36688122088585745207297751012106402215875414556273176274025233572349728221791977447104994584745014877 0.047068172680980745081741133495546315765494032767115204769577943416340821848725023055455839681063577236
0.15273611842795135695141904582666973748570100542433873489067054541907701814707791372447038904687927671 1.790272256264417980445955126654137246321287085348155103002586488211796572026183705175030069147635516 0.084036053608828813755359012379701781990128402937323980255468469529868654525432551362912670950952061765
-0.25027689751191757106760245208623970047267374630842410270135442699756360834253759858996880942255220584 -0.39800672168717032262965502704518290373844886177374939201230458797224077259711362284084738640544491586 0.17771647831957160662022140204560864696676664416757295467922883513723609466543708508323574936683823359
-0.24441543697597578389456685950475839058287352868171675442094142821616423231173093706399990430348983268 0.27397921201002196584758764131129488824916460245617137485994786617502499580148016164081752505335476749 0.11198641743612506914274755664613186733676009543174890369725492876520008723775008620080451606950654882
-0.050281134566999855402343930620758277614755102338050683245653738312375021005774622269985295118631539505 0.29390233500449878730469244596997781841388716069312503932688414150692488878072640784349074756219852888 0.13664431161476685432069471928506587578750135136606707897489694816713823639880172907139928999228265857
0.54347191657768592334644971808584070185176964675302756668254436283136953337787871561604621373703027475 -1.000527249048214045891066840528369666173659424890232180966090280043496296574837113600382422980747296 0.064546119327068287261767198402806567054441433562405616273088286027074611408370678122457557435266880228
0.16843554878384959443417787875566028404769207255958090252925587556140961209931595256462916116425879302 -0.028243773116045876115106053657468796922240517661194518411351247880303907402231965569827097216483562429 0.0031685607497118465911377872365904992987878548497437670150504327850027918420796299524009248140541843438
0.097087909085404161813173755021118108223286095437608077533982705794355338539113519389767702104682470052 -0.45516434415446556652800426879985087169561086430906714046296664063458669698887412624508506401799694499 0.14399594497293599539509409291162322070020772423362767063797046318283121138385997886467025253647136274
-0.1222035363705667021189445992518995334068949773051039816020596823320267083178132945477681380112094829 0.42439455941231110432706730469103321073700886974271007715406090557569602703389614630206867196161819872 0.049714116570139620993665335425350354093269387198080204712262222648303182408527601575322814506697485294
-0.49144473098714478949230927712309626677986091001725024358295942842209896366856506395982447509760015443 0.11380511517000469666952079269688965162091780952101000410971789845057162343088714675024377097991911485 0.12174727801786816660884825768500535105649336026637385530769743247555046931161935297510158179973279941
0.72693400105617304088397140615879471244134935990739968169499237852798518356023347109354406362582491533 -0.8931346916859848608757895479159013439546125138376713036506392247470077820216724544226565729005006756 0.12171280829054422028939863518073341146199647912525625578382683890190586216795362576890178720476104507
0.8529021656544804045092708656665021519652769342722547936035970484903699275536421947007540058810689544 1.7256348873479583661787686534235032485159234968659196245121063728587702386532988710798041049035168591 0.079011487095667730650912074377312994887013882565373291948517175047017971999513708821306256286267545107
1.708006511341954857291908452313919673800099472464060164012814746830729701642758480640678577732794483 0.12157797719435951050084436361981077171150046270199268416460480840840588732863889373622908317417134376 0.17881055853840100592949961509621363665608690014572601350977954909364508013354171995047041106931078229
-0.081960881140822463194580551254679613200470901194947699860130415027865862072208411850139483635202164862 -0.21239042308696474600358214753882147902223236049052092876785288571941752369190769689077245970705887262 0.085073969117945453865882914381124452228127789525850091403770023584922269327251148332522742289975597031
0.32647133160142962441583933226400437052896294236039758970453379431877899401818480758040828795765278183 -1.0812357958260692723140684250158139786117991579233617711125572522282545775761899789231840769823088383e-05 0.042197929692927051446528541264697245500713289583595806291684622047153812602609488167848045266458008737
-1.7453432045866286634822432848897644777622407242088745202299583443633942238833970931487670513397760197 0.56277509980383232260256567199480938564627626038153812760955619412484570932805246623940846509700422395 0.04948269757652846019087230396978891994007293645847427790474529527462883181959778224114246654362341971
-1.175250090748854353118492416949052521951860190745943697047502531621795275424566754275236103489714319 -0.012517881164537255224324963151690465456344070323438229887912802804483236827037216950815984532444987201 0.20149601939474022791491803690380691129247624366279828277267314073091052976548049217917172750252062191
0.069627170795597378388223254132673804866883597030858511614721207901128770909206446037307148941045610703 0.31739172563424112234252829824059596225012598534456220874715905316361313912171588126853259393641758194 0.1725434700647663135997258234833383769235900523354538830828725709814612161124758970921513197954488524
-0.071368539311353296068341648926134524273071751795479787951305125560834013320082931974664436618860165801 -0.024427363751963303605791884750531694889395951560015093782308968485443293863595439016572828521734783254 0.07503457630949305639514691038003742778107933350313633879441593130986287739720501678468899681762559245
-0.74092827657883859067158495619093239453177010244584473032037178611008381111531114454032275379390654916 -1.6363797107803001950332995998615715990511355392282738445942294577810829438372369111426825179965789712 0.14851669455890606257063446300656616551962923887813387952819122306496116347476122127639023342705012277
-0.81512209808410861190101521601567511322853423311277823027616168330470377959313747227037592947561660532 1.3864898987449885823434493551737924422229481027758370787732799635648413396622629581899236814836384465 0.04252092578228719359181172690461795963205518505971110590813727924154665426681083103216117656358669595
-0.37663476083221839347444484800370782001596544494683275322208103193194864104111162148301884727435556888 1.5135241573208553440334635650791683950482659240928111995983986500907003149740671125814585561775699749 0.10097699251079080829730416321469492400652411957181960553989238872582211061351769860327976856006714353
-0.24478943795588513522108228230917979258283811343285599039685093661731073344537614843664268513608099267 -1.8558290165286467135762879007854703677889849285497665040924724159556249672513582533049279928374963765 0.18776428250651982862703610727797314375380216642604200761984625611638163890651047928758805769273229284
-0.46039673405476664225275520624869298782264647590388196908438985564722859013253722576527527749627626108 -0.29505651101642059079939148923732807271084948838027423441919908229614157781300271912484857858907778527 0.069169395148225163729473758842442514649988682735033220811669283001894658810421080246850562601110719242
-1.1217619485477897019922116427826407621025162487252401457428270313370569205798095435642307257337428761 -0.7869409790626631159954095500962603404819982619481812060314865064129988192257345528335251747450647562 0.15257171517173978509111745526682299198934878120626529318203008684559707581538833682759291016098987536
0.40587030365529537495472599902296152433848386529492193748848991320397919776610180347993838021124830436 -0.48067874303374166455907617938436529620270294854817713018763173421221732309936477592141797039735913282 0.016791920375036284224087674561838377188255180634439439456930101892040052009161039746883573580302014616
0.52411726864857476368397217771941121755616158523478091031958912735902991425000829108105096165482482789 1.649997685801257913515440095964471198236686578458459202250744050209560229361428550929409372313008635 0.052658715757899238444927119253669943553658588910418803446815719215395446082251182363470084876346595414
-0.86665283326080781360708154331078541136232803922232476645208044412314265581568925522442528835807180508 1.3018479736321484321247693683860737811983497684332572120119025815963473574453623731495571978025416828 0.0022851956913965077364275232566179502216284397740296470128549772332685289787879727221795147999347058708
