1.3633685642684850655098555148874345696397942777069078316317814818895385058492021102467980637250800276 0.37443222088284582330206834742080374067263583722638206353356081937603852505875762464202351506660357508 0.038537254759872212688266308085920256791949154925406065011042540111308832592366626326509815387699864474
0.5152117281495296792140465899199702436826165161601709550371338399176435717049763114533383715242915438 0.080099298105417906895733321484669936734528190731236326472265422763187772886234881860018137368559298236 0.19656277186497765044835889320713343456365638913535417090806473717177736402373858349561195178429318701
1.6116854599603577180676452612210268552068666416098612790895146151411317874004318773777971807612835167 0.57934227082076151155219811125905954373934142819487053767048126711654580148549429158742313472979496741 0.15788767495997645076331345510312807851143638323253386295666517054070986594689166013558882784076551274
0.030456296329440399332070036607302193681815359938940000333219447996088279643629561936205154158254581157 -0.49081380375907839879271702113654780826553357619743403786816929547983213503086547662162076255392981454 0.023857445100406695661370843620341003388653564732138239551308443643696564175398064587020205759140324887
0.48369852752890151643622037790239896193354242578370125990098813712527935023256907807072948842139190382 0.75254321068434273440092555620064451932687410159438742200119353679968339744801698813271347805547170764 0.15968248832421718521201207674459547887035706566301411851847793033861627703609703830795941946310150838
0.34168561542087179931435603813621129621895219258847570974181380324014571160449638389982110042592373366 -1.8325894904328157256082305583105993515336471316051898660095571897254716319867720667797723681808886689 0.1338535478044681674225329755525852559770890051260229696988449809961230510070928837304241252846826009
-0.70949843039503684903406029794013138784030929980561860909383753040369488249411286339883114790814927098 -1.190096624594680811497122089512003944554441149048076395999983586018636812740939292487697627950916383 0.033854679847248613406841128863786067830554920916965136764841472933598738406378704146086059966987580384
0.52552309106942820643252054292127431472368528083502452922699969220656928827045241939910440175425903488 -1.7598271755816092347940337126576648421371035932219149768926806760178567129416642262755846625793777705 0.015263748654522651434258768002696090257185805543345232509944973591438257595759523490434055811787222906
0.005503956790414495608295701564688379013013747427908599014200371263841793297872282000503079770374714212 -0.036484996814561261485419039916702149721877544696268489505017289384653342263814840584009651507782490252 0.12540319369933847187633610983460696010678687888363894405481855240178798451061751494092534653369034041
-0.22541431355540529547370572823040860691581298431808504543093396553451918552394166969236236860952873902 1.3640168124680844221617392787529101760750151396535679996120032080305538463089000700286105014569708976 0.0033131340790575629019115061855624516357316255902496359873642009177569073707050184726015289193371352885
-0.5890055784372867905669965341038678058062627544814655381694343503961676728219373154856113674305364933 0.86900794813612443541199526975624023677083516852490032314324770064369528864113890036488804840857721514 0.0061849905746362688433838554700206193567251387725192150527953499540811236384879645139385319729655198042
0.68478911620208113947934951377146807896864674213681883904409149338077088921250690667561683723177364483 0.25005303092319649168107615547093965757233053001418981888532013370471385638114925852597936538861344682 0.19211164549223984231577723061534325687091698693554817301882749448245420718104920978720381061408112182
0.4030064638127378676469131290307461946398992930787125632532642153938877632286864098736431541721912061 -1.3488333066540726471519594576182806218275523234526451455867326784107628740829173251874446351919235962 0.20769748007068982199570465678084914790440974688438981193276395910445203903353076201679108377900457754
0.80159170666842067737660481481054450120932739722181456069139710331276418356454097375958661960003918329 1.0882479269672279006185812208120462183304539480369025203720607322223014919864931271061174079505451826 0.06990261489203004691425163929430218075301677916417678918914419473229595976018113207821031844516966488
-0.15149096452590904290610718091339153869098801516958226001369396934973195193450877884020719472824891999 -0.17260988728672322726523499199930814121011958469882306047143333140302639366056842705235056922303372935 0.034020755817475279103956133878315196579979187222902015700298250435625132710963606960260930088234560704
-0.98424594382324823102784223999408301880282421898880840643684811206634087311362708022927335335918146307 -1.1531788842669436116143631831462005667174114287783827893274985648790408800783549891969896517301125053 0.074561367066183532947188510733106323450732878253139391504833524913742549779213039254328916468290372953
0.28576986973492165578774517915203268454448022858918526103147429947544858924136743705688955257223579059 0.52967948474260695574052332775918148747693076480284455820744687471934757841303212439980587894894261878 0.047445731538009032325230895292382823562244806705802506640311890049385902157687692058732080657245430491
-1.4549705524921929147198794864854599928100361942416965423337991856074816964493584663125996919523288528 0.5875168323482234388481984377271468250774997368574995082644970500057256396782184430985681073210773295 0.10009478258848221008179399213104063602570402296409100376533056142482893335241295936344481172883239038
0.34035100171939747524753446488234354260271602256515077425230863244466926214658414804224741569158395194 -0.82832294074669600234475801957965043748398272979990573590456924817503425789875026191955024758019525239 0.013440266287434098968276273023090853327708725173508288456192515340538503540610949502637536394514643214
0.32676413960379901783377503385412283109855709589894719654787245101967231410124203878016156681937185157 -1.7149402148931336675931802348854018902122381629329265769624492074373961971248587536336206165029695301 0.070077035925156201148026118853248314781287451900869371593747493083261427892967532763368461846838544624
-1.5701997083900892079417745398277862362152118259349888922910484684421874185102297911251947911305021011 -0.36502349715091399853515949142967293083625448911365268108185856104351101906865887526293183009438294781 0.11811483048526829810852919713859198756281666655300824471201729790507303105724300554759645959018650372
-1.7249595799041194832100749134842739180697089211686959699809354212384211901856658432760669089150123142 -0.22886087919480415058411175661410630641948406068218032012265787673865114913915958499370977269849306297 0.13005315802843191464058455763099256651174132595794573064911433904062580941632022440460710235184029007
1.3365070281858548157417639742877506676118728852914056188098824622299408316951051281373128191484059741 -0.58096823074273842370222644763478840813029269647458296857999518939919492087671229495700262474445726721 0.11270706559642311719198311373150395068627224544446810888349578498033022341886669507354248334520900489
-0.44697394323919349083317272888060086583261867445894310405045385880374758116056453704271629893612656484 0.046602412761584882052996655548908473920099253654255341834637506436061116659445278495778651601813746855 0.17739015461148922072648075668360909480300905936843087944917484543231002468408864133728624128026530726
0.14437794119444164708597807232441478056955946011414310449132956525658130923076597658709713209784871553 0.27333659548030562747037361492631400005969693654841163029090069197421830798744809358632758563036687288 0.034212425664666298227373290905393155607794458691414278332238132446794733581683807301760884660915516834
0.73794627275164736878117825410078901784834788080377446391489660747936450252506238715386721448368367749 1.1385219339167091583102921116741791932141720381717311039902381022405317510747340987111939707869024298 0.094183254434715059420258131469224412682646193601468713644862613537476919162932701139594444208707558439
0.21873258758183117798572180752886838560729375835992242946878530786783799634578384259070636097809359187 -0.53076806059253298232061567397011751671313806652833599869849929969850223152219884384866944165070862544 0.14174949419410129889008975001858779922831728201781549817680052038810220493970207356088480220043564416
1.582155535137169497531680553023503568045763487746105932760950462896939495156003306316816435974035569 -0.74537698004345894742267211235025317270984742764215157619319861452597965790772027550887462806970741729 0.0062809124608850582005004935100356967309148519210193048028793862437025229727749232735490914552303721957
-0.26215942540461008218171163342908498177551020925740188652993160793056205592510592627133700772038588756 -0.26571941256358367766378397424250851745201012459259492841155617986750470446029101446288477176527135475 0.10379325926038653580231409636271142739671158470453048697828637919136164452297135935692679988399668564
0.87615231978010899463892212407689885728188333280632409422283105250617280703440789905335346652909588261 -0.25237799043030029729470496353488233664109921770321273224268816939345867359673478074177208299040893728 0.11379328878340458340397372234399412255518125710559560568415601070016281477935900834165213386562257395
0.57364660440556388426823443601880084794692631335305393289143822054082979568155222948725098238717492794 0.1420760784954131408447993580037651936248813106032955203450796810155299822012901247991200436569226114 0.13388120261300793052721852333972746715673421892084925925919452840842194315999069777362481569843956468
-0.009645111914814296364414824201987019343648166987654776965368407689473508630924724653972903513372239828 0.89475985014051895094483763370076839408428146635172106314916375334676541529354577253663202356461372536 0.066067392913791606146224034063874467661681557268377093437375016029925251921967752773722445520361289569
-1.3419849712786511833903915638324765631034182861215125792773067044026230657025392852288143441182881659 1.3627356482570502377447645941948846829474994105325935083886803375927853761851852785969907846282204678 0.19876046610980310269885943528063079421834895257299916808095869334230652858090771524070644248386594474
1.261758796666952840541041238717987510672514979770215182473182257161167872701637480467825655339671597 1.5207206510626626877641398169280276718765713069852016180584530815058992972284232376729305836979981952 0.075250969987349431698667880597495911137802009644662074674983201683739686802758897233265895405639120965
1.0705109302284556754661316493250760401553656476571307433580029920392035060007589239246949674110848369 -0.98719572895754573515567375299381972961405601087134555386937985286448401224884560684484712547360948104 0.15457804970140147638969690174093618498966900944506226385371160822970153311310749631589349006126171262
0.46494930046358602490530012429181027402511565608016190235337414932138131833437973759311623918361488846 -0.96656389082835730970709284978980870586282353759575661052247268382471061382676711624780559285028484394 0.020912257446895783536877523363711433519736507472883516987121850906333097083487842050913689571156085403
1.1414926919862986520827822415160127259498364755528004918947171957394789384658957574154189867435834187 1.3941356660229723837829133920621084893860708358340513139503242172721404893707839518582296980991838174 0.064372099856721851160311195244098828288293300434625177969358889447687388125163861645380950678305696595
-0.26596866719330075745748303758785985004237551410048360644515371037354694117812366795714790526021574962 0.036787999401962134416524991482839840770696585131198861576384817845726809272353670454825150506943659137 0.061966927874569471833258094287128098979236517423636142572327071102693090046625767007518761482077713152
-0.044360961807123213487447346061923759143308245694359332390673706811731103657490890701570264812559666941 0.3666450826377529580803452176881863718823059231033662332891673251169555979853408005704949508084850667 0.14205746507514025385141247189880577795209355057714175603067757193212854699991266698306005948010086156
0.77612290804099699507005876311642170398856044970683694922884042656693373864256362880561777830405811369 0.44924920192814029704186698908171484510473626636194451319951459637762630817408253859803526465610633836 0.04763598731317242380994542981676023773565779519830499218268017649549208017813037552889004661681913642
0.24173497755815844243327367074228994398145566528893380327845816770904255995622640675833842237280168962 -1.4047854559609989515574072733507398544229000587696473170124717154328550959725353860787405629983276181 0.18411363601159461014473363473933447932993184280489458456888740434376207922216554635580876398072017233
1.3944503548745300902588409952483350378107924757841817986398878931663862483411255507427945251394654309 -0.16985392518011651509260716906931344239944241032561341766514071633000272100764190661001980695372709682 0.061906459314295372388033139323805001077646722650951717036151746522729484513086547248409556088439763626
-0.16975988054676814993388212378141231686979421253264880562357235349311953246564134320769889343005572892 0.14205084348460775623620856586207111743181069397696099859116284938128073914022830555929483569892160749 0.13996578714841785159617312311633414272586823907110601599199731500764206808697590871749548143571520941
-0.34272294141096426132318837064080285843922546409483457144975209668218496553182421332000495855316116142 -0.32665306307892748979012977589029476775926399391841960160490433726079331565664237668119373541636161312 0.1955706997736669504864488408727387044758051394354329283336037717126817933944853514198278309283931811
0.53952793852100021867755580073336033024174347988670348523879675568917885436236901925265852768466072534 -1.9024902249670094913845034089733190354301136791693230573814876059422702198067487234882918675226619417 0.071137907026726161513031152097914117141853643497664917640691801579837283613133005312989304753302552316
0.40073426377979037866734038003994262276033241423120240748073932474622897045599785491658684402948620751 0.29937839976484521159932803929811160439217577412678649660221837247832622258981349106284612188008863432 0.20937602275267624634206050730967834875593299914083797444190259670348301735941838146816342442765346188
-0.79258835919082906068773718219631468898585793944338318943307916732601345781317719616372835517601474537 0.56455878863380084356490495064175085257890263612249111937535997716298340959437596663153604758886656871 0.086706080723817979999453250186539375712308377062289130872294335909004540202109120537364936850586069971
0.68130479879279332647290657551525476495519266701698270666537667398735779043831080803037774113044226884 -0.38793142471198608788420300651113420421762097180799700520392906964591796878629433397359445656940550703 0.0049042769787952691117898288960304522770051815109530369035314058258339454128808650699792672713529257962
-0.88153216005350882226981535512861047926639516274496170497142769241170573360796533994174728782753401348 -1.381820734917798317702073094934343171563379461950536858403858646627561860871596174033054750237157156 0.15836937084308517258838917717916188270899074549543102586597550610722833682382112428801301171954638721
-0.11609404161466403296482129375787906744608391104241251185255187240813679030060883119071469299848045062 0.65837144618911833557502810109937758279558734921170822403643413182375865860508401724516093846803384532 0.086161645208415974372965469513470574891084497589512112921398145129476653849127183839416167050203183214
-0.49551832926251178185574629764904372934441082379146096206870607896581411005101633939687057868763789229 1.3486511251948094096993373949656157700763081637137942165667236178321962638227497100464978888335401482 0.15687516998487547588651302681519104407401914558800721572115354309667155662015305812307109590520726787
0.043657583858272785470094670874903522565538054422344412377968474770895108614481248882057603450542945654 1.5311009624232891193399645412705589020722045177983348769191232126280408753130189512494239569321584442 0.1095311098236890217835415769047964086015052979815793290742130837170552281904638478368820768098150865
0.011487384109669139957520709256666891969926360753638236820955427197862895179581689539779206985492871505 -0.12725880545438733793984440632691331692733919059853425427245806811980050404455995654783582302488946303 0.152674767652965937172900901208271873312523151064096246075159138005315424720810676461831275622048598
-0.51204991139981296090559097751217370939797358428220494293405449350205940181685061662520998603850535253 -0.48136563213525220922623910626458192730979695887514412416896252158213487835167654060552676282412797233 0.0035786804740534387687812627548423143138886113062933877335122563449547473323606612515188187434415884302
-0.35859251824422804276454505313950839393493316645157992734872467202760637522216718063158574085402880015 1.0726300409343567331318655697755285041511596001818318112501077011651966821335460083713079509052034394 0.090999154726304664898706441393232432719035533780120522599347698559383132551238833853747485285600480645
-1.6070901315932259154804875027085563201887905146185108995831414081217182816877068173501907076663559068 -0.78711178511290722287047278096240430934868207377723613044985340779432631738078861932600022726030193242 0.16785817784046035127436619815147791805923762159472779872456205407962996051377233956382441918385452166
-0.83800748783961839850615128305634688911821074205162574257310851433421010117549118141235252530659113937 1.2594643610081244692183626571757543339696048943857802326879657472337464491967491013399006911197940972 0.1081402656130146096175461283423025275237958871182718890504056609256610807446231678727579808340363384
0.17314128717232867842124499543298063413802918338983918930187211920017804067456953760614170901936648555 0.073040644151469181298224595672601831413034170686597540849922961955280705197712896929426788626388915143 0.076548675313859149289401347786073921779937450034823221620253686697166577195290535291322898407531012322
0.17057625337619804151201597000283901972188787905441779047984495768441860852054164751006802259488662326 -0.044376860855390077532881099322610830578783150658781775793179922880876552073107523456141117109238023284 0.14732238966002771571121179387028639589178663099317740684831260480156009107325267934347583647318073132
-1.6458069968065457354406117458572966709513974318235232842315125973273034076615359891304907523202103338 0.45630779038258912549124855090482569343744598297663960489711477575543540838491266487927670636955136826 0.010169308763019886325877259958144210824700305828140296142567315227142536808704626286176082129723614365
