0.62816272852361140157598166246922354928335351250920041024411817658929345113930706002630716734444158318 -0.34133883591746315707801610128070207261237911286432379923059986411262775436415949823738430085134257231 0.006900730540609717096178315350410335659842434010067147300843140618900856990596923671427078757458387792
0.84368031734780601585411531586949625583095629076609871208505601620564135599257815307611510668930917654 0.13948568184396338752127997686186506451992933514099928175288468820845859984533664310331862948070605411 0.021621589269788791494787621220397587009532787749048663969152706516920491514000536459995059724545499154
-0.62542812294229186506937330962957209810470322971688369140755377359430534578956508519525158742783248431 0.05137582313892724023850660651812291707012383647872318190094797772057511381382372405782250638688969743 0.12218483239134639243015890313581371698291063059926084268618044414254521262902075906872757548776939012
-0.903017656083633549074879025809461524052752747707844483475827740271160171595084052458159991450651388 1.1779370501653316714384090009747431987801218920565492181754300968656114417214448134317598417901410205 0.17386196043448690523894445373569454120501902104991764325603159720937102614609097032811232542813311826
0.70391302580907284021194894614424380635980988322587133444476904236033372400964787625946224865591799146 1.2396687981067203255889747703856307772591876801626073920925067793662628756081058951005218836321492405 0.061128446776868928769880001053009271204521682166096597647196092444715234494545878860230722856294549869
-0.064095030851674484668130860840853166632890155408614282382234084791240715688281011134369258617646512839 -0.26263266925276048774394129857934004077512445365953972530455801492865292583536286479087063906239401731 0.16669290939293589200147075511373135475360441959444522091982622274325319561918495852031372366031019072
1.5664542327885676386576437526900250139907763295255436172552275828900082069868785562549453257728904061 -0.85006066535080223657046156479720310640879201383275714851223850379674705556797721527116953501547687421 0.1586735157240376392246675452698418941432068415748664946629329016184249488667494986189324925782715184
0.72569274085951730844627884212474968863536969725526552895160378981017749342237358313540075249061075759 -0.60296224148477834424084558162090756208204757599952159836808424047527509296587048766662104788859535331 0.17081060874169244109605330433791876390432060646986260255839217996271725514997734965307690994816460276
1.3729339841217722353315802816115519691918738400621304455709891091569485525526654188204464132568227688 -0.0039648793447976351034927420050541044458576223038572069146985485218918718787575534124540833437045521017 0.18845559491150631570455025891836323251401701455075254050585332376830650847767322629930393202805967139
-0.29996104038048603749620298442390143515958344376425311548194371771190321690578822251914171265375468092 0.027370855315394526615876643238885320910143301996261166067134102466172117282786436154888854753222387953 0.18891746751703792344054832598788551074004825935954740211016500018140771836174504325525438192416890631
-0.05315652757658994525796320965715132653863816979061524193230467337419763412652204055966972677813884012 -0.9161268990100534670645092310286409673949291151206565693562110769813750587093346303166142720039982409 0.12064828729970685115393901813553655394998179717294359501862584217672740533419880096600914728595712982
-1.5543439431663885493752196707693189501211177437401361647119509823366886584927722144064570345626393076 -0.90496839802756049061523759042264383481758969777363751199081035472993264894268544931712319455078928821 0.15733719721334621994492547331245584589045337438719228362513430150380816111273624374296876494763049736
-0.18697472192969896940247313415823948278958323359082828895106127287590050660840845464669937279782611039 1.7535681089897338511929904707535038916575188766202449768550314207506875295410930605271469253444690575 0.07408390831065339446422102433357451597463843130991886007042812810812013972492645428097537760627577435
-0.13685767100970001116545853205453226609969297445131702010031905393056956241391259304321201799521800638 1.7181564690728302902290704699088481695587480249130406589130705867979985728026421340238408277770235882 0.031121232732516936051214187429860472103204537613966321251854232083703083148625219293092938667950595374
0.58442474656402932167494388308099007975003380454552934014436238861445562852406374588364137077919768949 -1.3760074394722452199026555980883138925996327132012364562816194113651760647467162964244141918260842708 0.10043343253382459134686348706056902629357642639603502011923227408008298884501459183684739827037326716
-0.070406493705687415139345932381180644542791186946428688521073885759123757801793310136102882450311642187 -0.098698987909543568712885884053811848865054458330610482320152232322666244228371025227410135395853883925 0.19594183171505312571411631796300771084487195750608399970682003852272191700228310380289840165936241678
-0.95034164677346543497995271824335253239138136793667023279852780120056818367664105502534158333682646447 -0.95231178480965752146320926678243261707318795831996445379165814202111735396623963088444602661379388165 0.14701751793380031990812597349685717320725325123027390494251185045417219248205628787754889527947450516
1.0476459791005176429189156878576729583017394618305521190381359480753414647196031254119231491447204035 -0.28215866802220076449343928279249054977922876088440226640662589781893672559661061583701099956330657595 0.068356210893213208784656516041741752677946654260371629852814471479764001889638256462642314897822951235
-1.7487890442136523046170881467970937673851912754574015739435965144593234176131527433530790653386645092 -0.55783375094351152437252698427580461985492389279813886350602570436062532903712464036761289046227793976 0.13298243824372791049916362071826751286177548866904066909028947695348164986495278724527299596087850112
0.18946171496339290473781746314758356602780528724062143477974030316137472663988436880397719486882455748 -1.4098423279101432103982602976627685098285746122662726927768201823339991189628994717430247923893634972 0.19240292134047514109042554309878223469306905831665813919666269174173968011820498470323191955630438048
1.1199723102321015148300674288900613348074663633156343017874614052550499913522828235971177126791707451 1.184220860178857363707214318408289865285116632814211312689512018831032855619689433977026982195740273 0.18362837343938958223442631759956068131870639803261505711237113349840402593722325279596250362690671945
0.064569526727039992088101809858960975708677094974142719241916807325292086902467135100615451661110788538 -0.089235634748605465018285156649428964318171210424105698229809866009550700841409122503273204961634498189 0.060839999236744259677624865531844481473519332003221779765140605629016307373261817599600030489687793657
-0.16104750014630059719282607991996638527382474059793943696369318421855810847645897686813609225346558357 0.23458819114677909523086989184786206328290562847052010220406019312522860373069044285698282535636738094 0.074616017723462335557661562884302998244380773524328803740193709668578127884693122892689464407233068877
0.2850263964203184171002154899360704148159835096874377124074444747416667325941481976165539135457348829 0.62118902117046086861242452771917438519589123132451842329008724591712464912416964033137572794126341571 0.14806569680660788752316144100159858561108141974236876623661013768353446012344550216940992177879747067
-1.0962782912632281412931070501585958157832201922665419918403420748360157374280729671959936678859244919 1.3043800823501041657252608208139880906176690338005842770128598601620007596410261359878409885434768017 0.14581023534304988496048172351088538912896758085589240034156768899707156616206963987853643899012200216
-0.01899839843071002062200520701073523338908444165186794313941376222593304844972998892749492249521635591 0.51051602575504532221789329690763303366772811712769239090429813551282680465740234185545668048421386038 0.11876078343791495841691018523260113865954510015695204427979463514814193225389015015268634993143591449
-0.62113926099057768880498767485360376141197642231318620496684919917348860675008881000392974945508552263 0.66400802204212822984553978378798184707452038387735158829820971579214120398831896853422464921752263105 0.015203099203325521363688375701824098750232852158710601619613319485214461441851647695387660261355016234
-0.0026765940112311333361211699672032978262524152720017732219439321783933992176326109987192636915293799306 0.0018082386848485041589998789407594504342810502922592347738462754762748055111927124551492672826474797895 0.20069424067422358501709512425291623570915188326641256764272277131920878264382699006178049639759653476
0.0092364012603167390239253601430021860808962922062912405423410036423041318379758525333032550475353345865 1.8085245648540458074188811318098337880225374312208189016061677955842975313374373171374250041466489395 0.20846952174325831474475903806550314012545590899323066275993905889452494958141708591947681415893324865
0.11613134895885019675956284161432178259142923788104996837288350864610116739510047292851865461921394032 0.024280463471358525387935172806571311810697670035047998257814441768717317965300790091324187540768385084 0.12632198790173497483727985730383110859684534077927339512480087160854670761503838861940630627216802594
-1.0844313715722645612044533211760700110011368754156578366356987963390526234699772718543293045964403886 1.4871003824965728397874946697994001178163834805733533460258318499625012250407644111825844905956168117 0.19359312842916734689377623625513698047276713186681808247455005035789173596048188432544191073844994763
-0.9502149899177896269503115092196021672254105477638884034171233773676556048080575612439420644439060905 1.1898948463599660479039042193482092246966741061275733519081002670489737527271777429334013296273461933 0.16718584460234309707959311163400376052648508711264887983511689190653557202818862002436454501873427893
1.2358845323294073373377610332778669369969891202489984424754985071767142716594881099829663909941599628 0.77627978425516688471448202464657509990084408899958969571291484041472960030805933522335292740605223867 0.0090483312679705495414885008845088706931462528710834990401918367264479475856219159862256162999291052327
-0.74652304668635106441071625593902274853405567398564030275091282206026433741347090502783362513528015637 0.40555715599076869408336858996825934720642576838532635910010016781323359451701311952104881689507730599 0.044421125352689868768345445859851273892238683594613709900915525573892247942269000211981222834802944465
-0.32981817001402926045652782130469391967616958885008811066576374921137990794877532118750051177975933627 0.20131448971818454970828597026199136823122400685393041290265508290003518364868248391601092318436914266 0.039842790634841537099597650755897591174379101222091181678751499629138430565740756061394435076700728568
-1.4557821020105253447980224247267778021272676387330917774283856908645199768496885018509141449659748472 0.13628365386024241741113210202902282470505984258594331778019027439074357197916201076200475844456265008 0.1984780861067324465581364607595930003868998211597472239325237701845674043932351019102879858786892803
0.97804529198443222349082496037574218992907273451070318074136997057271901167120281161318122073560983997 0.29529032609933524430766041567756405935650274865027785943152054203893579856686036260427790730371168865 0.072049806695561014469927159617348502854209975690618515456021323070423275329982146710410432458604513179
-0.66565656785115182010595710977564431748271843200463023360536630701948657152841605975563686771289559422 -0.44021855706498657736458765691510380956397371125352015451872537928837487683844762867764783898973343448 0.12837832196788446585579709022695866279859157121043451566119713567121103388366256600921963268284519604
-0.98351486708294211298065841654891563502188290071630423170485515964509414626041416684606635092496182753 0.90806285822752766842050561037253349224623877821763549115731306266556097470847374823083102885096035238 0.097132364943677579899580184727529087712542821248019244718489545909669964477244240782569982085452236845
0.91024887302166137416325487550858879419459101122570831462967850530713306985841276777475244219137384105 -0.3344331396329062994663861067917299045095346246752448911965664397903670077338528448568279962826729141 0.096476938148771131354955163830022243451791455421349763738970020758285868562802317433532613993192587245
0.86378961429399080558735703565684218943333079243502949591470227794032948497196901598724599766979490704 -1.5304321185516572317657339691565960188609868802062856590557791072745344967264173039175457500112048568 0.20391766235922266280373615798957028388291898264317839617087784285559182790371308245450592855213414524
-0.94330986150827727047273701592964826555872842831381730196110676102340639841569156160407434318216135622 0.67469077595487646790196060866537440741772898848154248213032841826761597098145534641177103112530276786 0.081575736656445071060687430180979383798468242593917129466891514372461475201415978232546796671297645276
-0.031300634927901099793274643910621673604474946264357300355860878093011327081123136974023633665600816347 -0.0038845892030997633714286696997491553387494604039343299742510988989202170099355523954788423380885441726 0.14858006192922466717204391999727982492784334850943972948007184544888763730509870307991847818109926898
-1.1367450718168916452468432741499490829405771213151215752855996745895167736612818631422710777285903561 -1.454771726474163981827747536559656027046700217441583662493421167164880114820185893458221945717529129 0.19193886656686318280114208170557046623398426558739970304202898460852978847903337381191659699375103249
1.1114620583135085528631193111734477237706139495675309409528205657966462048750312246256554637744590943 -0.51583333173853999125140811018993811245264836061408962397018991903374198059321042791474672952966635978 0.14597264057919507765338491800912293568002710063218380282659889250967090327288020618734322336922519205
-0.18043500247143308485172563541114337677379418915238572732170321147973499791563714459585092067241040567 1.6606691148620595928711174588009243550656321205842150590580346569040863724184397932223790012612826468 0.15831929042306144978321487253922736996951623235953309067816023857195829096239923016023382281657968371
-1.5821302919438906564726361589740581299467068811088214750371259968454404784139353428641301100960948449 0.03114063571825069525804287072680914143693351611343432380220584917513259373562181513560116292931944721 0.20009811837595868126714490386403623373538603540725737464213986517937227708850333007734590912075583282
-0.44533371643827630209320477751444220414007931852916766857682243082534216718325325729313256367621887674 -0.19045589505734453019480996564929674284087316103260139329763546789679116737628917329696167300366299508 0.17881035475552250460053077842373705565581680127780636781408968727095617696789681257676856127922574087
0.44079471709914306243055662628370618045310427154066333027380944046492418467786345429100281767173396156 -0.39363868632484069305143788572982649360458233080135431622379376809585142322280801894430580217787216476 0.077834891246365262820138357640783152569984000631749803019667118311649893323926268451726188690989057592
0.84114097105714773367933318259874517919223782347831794072394391286430770843619041531061115891884962618 1.0504151530538164378758739964603003447624748390169587833397718742295505596655346022553495547938929471 0.058865864886864347245073425833973663635422624473035135742462515052035007329539024212693315814963222788
-0.96001917238697648862195477787429978636149886260325598053690103465489267887764433655570074002042276504 0.49840308554443531544407737339505450838108710833356622024981519569322272157611641332543909259828195627 0.18981670246781344657897134744118255559048723764409026535256196802452417895417222925963754292928130632
-0.19626808202918413449673397665264456079081160085007945143918335493389663103503781881729269069068415467 0.055651616665449593542895054945459456032197221905758063868128555274234056456404653091091742941861506603 0.12192379576371884379050919968384621533968801105262615157840124639650425697995404359132316975380630919
0.64697322869097432513374124550384467013489152534411252611491895635339830477965221582100487773390900847 0.40826446747942498055354802586863542980942343054896615443297819948454440801870483090648054106724207494 0.039023213728243134030314857442072388479830302333362155392169893209572621853251321499351860180871566449
1.4179593287343930029428268225386535225476384250463107839283707975983945058370149094369226568641632452 0.19360744495502293944416144578439603773934231599508760459871642725197733005992785379158561229119782411 0.080854521250012271234633788189652908638429237568724412981891088414606328058631858884376133179980584264
-0.33102157268895159773990288797047448991181383554745550935569202070544446766220177994800482855551239794 -1.5360396148198084839017848454273866438132595026889122974384397083485286769294520853886810631495395243 0.14540050501709665039914960025120896732538405358190349389449279871956529629205276588669349707792354744
0.16893457942169402775070112802141167907961774336826838021616529637234642146232980435727604240587477729 0.013105580361009245934488124427989046612989422773453236358054953440879681494450540582071894670034391821 0.085411259155454237097405426733845371230951467100423653218173120988038419070312106929499184293205334847
-0.45411132194173228968906290432553008347655790853991194579613739563026317776468759944830590090281037876 0.10871658492953051520988521144788394825241998908251287478734150504459646957332708525994778960691721842 0.15446242734225583440517819152323499580242627614135199611554772655048782903246636156624465564454006008
0.79805142247274639466572396798562583250374548389305356209785927987559387118417752430396109483603972098 1.2486379620511021888962270892904928217655331777488285538433613486007999203651862592704753838445985204 0.011576250627282640788715921852851511543641077106525926256778033872359047060328436606630544058711885448
0.00052466869617822395052614084679167746013071058284226755476269329412827133481932930450789309225941183264 -0.9032544948106316624348711475659760888905957951030429172320025787569775458392736543110664079847263011 0.044004601542738659222108085343153190888102876822875121325604547088019250213689199577987088783867235169
1.3595050652100322982364405028675682116005098332888260151711979542914512645046497615023459229796087665 0.30921643941515572688844148337526934589412701642565016965129803355537062105498211964550974157879353508 0.024007160401520800938774661325106235009351756069757642475686991483694901100671481421934272279867049778
