-0.010976097586867854575884231760632292944362209757022582223710862760223277767927879041998566790910406619 0.12446442946890760139219033609834149930666275952705213834369488331710924514615984582291252854574362401 0.15698103438533698523323921151627907116936106662387065765338516735254294805196997969297316611839869061
-1.8264172588360347364406822280596982581748009638121939874819917212393124038071441852666151396534555487 0.1546085992026764169839850297615361338973399514896675033740543986965448909620879642077497847507337069 0.07575114461254894346958056192150297650753009917085223217913782030606695356523553675159630653864745512
-0.1017434612073262187377024398681298593250743262590551709493079061053697372144781535892600795431637752 1.7183814663662636799585359685037855707546909185262898967273304346694906154799108518691266506475691928 0.33504992376543209999938924161346768384497145207661303263225885820603557153935525242827585858988001665
-0.061156653756623482289330859501957550352363739464271170853945695907019265995783569092131690836074184894 0.56985445824874946803723334472539497835832879059091510144439898215413099706061777661461268896604749153 0.36793333205073297075082977624092040985626845068284528682352057925597264017056368762472113616556985896
0.17535208873642512330247006756950923354267930654243459530077173066083139352972893449939061490163021095 0.050196163531193451988261383667028029076741821252109331487261060856981808999637699216140093951879101604 0.31075651790717907406190270894502069988074009695823768196979056224120304721091301537514902222074539015
-0.69555187755526110203878116111664144545330578667849114500597714266581929482034473986200675781742300168 -0.39513346155684872498641791735703242405515395461151886510408646673213698797560276465514521718275941631 0.019345914037289524325926472071710058697283559633065390448060657748719703316620978640992729391226072308
0.20564064600489218753856643623184067860471496364859264551091682059259306428005081588390245305163935942 1.6486363837085002088267478447564404084048634021116391330673018683246894127230187466420477686092136364 0.082036154188164059233215052933856563368748550947413253205475035070581894450962519237862960880528455944
0.0010277443117109974700201882292255472897794302014767462326432495798503376283472274474588787766016516379 0.03219657092613618584822158566863327880085342202361338975271024221853038016029717644159272302561425879 0.056416675315509905662573690851120650238224535095867487330295107640899474016465880751514572059704659705
-0.18509647143121221126784952725823383083838792933245522580467453650554699091526100608124504142597527943 -1.173549541889171525555017070919788945297713691668797081798109046598861574033672144581879797470086334 0.53897745194336465386483531722607998330375743929465048742133897165577533224846640401326649688127226792
-0.67671080152282961361274653814024448810560289632074117222163029441406666827407014350624687033271295538 0.21130578049111475613563352726229100232604290320940451504653616192885189990354772443737821594430183466 0.37459797556345514800076584613093359290269065622292295181759747418825615842127718115284880801223027566
0.11909280342455367881843800181396180653650541574802572740710510123155852223638428924051933253607531544 -1.2784698959556648483390059120570598036005779510714690893794850876010481368388579261022040662607376518 0.19528541960427396284009555514942471061126097003252215960181998966735377430468146165213426903490496575
0.047046550012559436548866538914088299456165999236519632435232141997424907632867587749358547939168766984 -0.10213939265743977273568383098420466952973562455453162100100654577048694799566517310703820549328097596 0.47350703647540173289379410787054834698759023858621603110774247305042187762596986148444499148516061852
0.84267752425186686679270710897462597023655644499034760082279730470070179557903169264879808227904982706 0.49754321138417558307624292248061515112140096187172120298009725685131064751598836822312241198658254323 0.59985332083680333011448430076206324403814640479325938881121846051408019813643316761373100022731041676
-0.041532435652404378006147519921611951449751394328077369856268134551413771460042367676225056064018893565 -0.022613985167557297733131463890165196451832936607457945063332790268487735721300852439220475857858260207 0.37611268414753215896910582010907845847373305284391094291925245280173881662948647213878579772933468359
0.99508862518481834933677234189173768508166073116369953110042103115815509286035164924883767307821656364 0.37314687521233414141536028274917868129434589288668933175584512254267862775739835462961886543437767256 0.033729292100145460506556885229665394660971767766073787944917502295847022764875057447155000308666934364
-1.0859006874985118052279412422382650098492295484813546996935088587114896461607011186047608577951595572 -0.013567887708695028062904209661994612508965668445343855175602024096158792025830308681367391931892693572 0.58849869136236666096364739172750488170962858050714627224670465798652659995050527185634426852713810106
-1.4067943964897766904743338977423713297219309690947613011626860220112108615370561606604774483021811028 -0.43764824166110886333172946949254293322365059557765381259251350445666475358351825116599281986296229382 0.37146381147814134692049330656484219789261553830472913100758395845391972674558375285097834785226900755
-0.1196340364536337772203034534628256776813707504933254460045888455969974964651405704366048117127023474 0.97129829244877372246908891212445669063435961836429772553412192870715399799458252528807161947706069548 0.55048081600810964813327892060964184630659507457130817153833541827223944351199550511977063114298658861
-0.90820184916273084840596914248799451468680382405121315028472781254323565740430965145734564292561670615 -1.0346320525906095005587478385083983284341187591504475404143835872665391931438641787865470292573305003 0.069617487941149429173248781004996817639041458570045543990849122551335116174274181684605931734193817651
1.3682296160445288299628544229814411074749928482526379416175121786093037355321608466160644158198777998 0.14041119285262444926588661741354490282475165868639384984397240208360517065563249189979598564195789885 0.35322114003150994829730800139823412301089038640685887419254640738421187448766355959191509432084028903
