0.33281270619779991789390567592808272919130833268662166710317563792636808866558511918879451155706554764 0.26292902212033287493998852191241954304189602581991180210832010434747418292105010978815959290921198663 0.56962302799347587235798313955352762106944260061095557770368584446316791382245616423845650042699301343
0.041570555658648888900236100545478108711667496016423385941000904076646165243138391013748223311880371116 1.8166284312572907922140560780299538202635514068254508634860967132486116699040539866162057786134970536 0.050731184224545663706631923198943093385165421315570963152170420160906163010336382404591127608529967562
-1.6397066123459009812444394061594096598357243988003121548830301774112801924404537619714931263961181712 0.17363016140238834286041711661783165868014741910428551784352492081297122519182311571083631750083638664 0.41756818665542014369357717990031174349283146965354641736447579307463123766326501235874015592725355881
-0.1114407975055939395988449626991525793519551093417652748337505024799055876465224590343963387703285826 0.47380865470021184606279897754250278254214916503423891385030020457609120200535682139524715439814866562 0.12259849011918697980165273628993845037978197528644408669641174685873957232581787670740272616737234691
0.005327783893885177427215594941213461719167155862088735397985628998931079978698563659304239594685849139 -0.001512366206379645959425635497719726638723757185678720432027646642956124791219369995728441701665464917 0.31326147644845858998554055806867936131834706365168592687987385716231361864918380038057267769591316127
0.16919580285911988317716094224516772793257659649540077009114415275443110416036008391123238103612580235 -1.1938602974161647975600149302108084748619994525453465191448135548682424953754000760155537569358991938 0.69441101776270711880016904384753022195935410813724655035646260609128154713132364546040502663039589684
1.3189000380276663049020782242907271531546390093534834353392049489837636470505876821238542386377719275 -0.29703087596896328235505658052372231150609146734984541677882229428131166622145518384806913333277833932 0.17784895125713095122066323186069155108769128205061656633644110492003800161745363299060317255864276038
-1.5532945565371453259432070563509646273184198713048661173141410870828943823003685961499339944724652725 -0.01635409565707413363200373900922249217883450231827013581017467150700582541739076058738876622106869512 0.41124709596946973863685623379250089323516650686148891495641761849234524986431671926690156642666051515
-0.34282566721206745590911150791270264993908859911571815872665139980992762038294010618363245262539008233 0.2734624172656281303869354154362732257026636249083660071265619416970681972422448472031065934019005685 0.18365076751678876117109915543641427241713554951118610163251022702213244611223198251042071145553518137
0.24735248203175831077364958864184860717313176225856883211124183635757945041070791600054442872517307606 -0.67144485461836619184650707009697420158178949640127553259781002799905282630388247978154851646479211105 0.46617920685563941193479083368756049831357639919293188827788832219097385284225770603679526397132838763
0.11196525796622488999387131475960839861624832868290157728889255650450249903106617307022289141664404122 0.091124539195176538665805762592504433807800496700923352283905544307888919812551689372093679798987175566 0.24401842632128217036870115144853169632560498298060976244151406293135280384101155555313726260359234037
-1.5142408630946679800230631073921730844887353916865040368024888750104530148517628206780213463825612871 -0.2351086280279833603039860720437268203793571486248936375785337712106101071481205103319077480003769902 0.16140996837289347577452913941506888193954040262924678645528160134718162085323787502705654134483452455
0.29116121089249019145171629658179163914728835659605599952356499392179331829390379769678028780756417378 -1.0666951704991183111352850271308232190257025672117428939578527923195312064971665470921411842286480396 0.3405602024084479908374728252997801913965948542862217689378298554500442647681204629596991628985916461
-1.4833817714295111786407597937857135314398050455043676664320584943002395987349880598979738463167393705 -0.13911762796364274359509041565950182705316590213609761649849716210997741323482824288914928491346369145 0.64015807215080335434779000758848377029217401846884154076067921095698931407874366462811525123606994924
-0.28788603134198530077372435848780498809371203988754430577903691181292963076681139998456555634599882548 -0.82487276403802888766539989327637501577544297022553511077279226399947419586589724962505073917781744454 0.648739664099862798540409381052441471273375485892239975354930666255789940929038664078533826573090073
0.26045716059568980056184998312079827544471859208896936885364117983576201759635676560249752668702524927 -0.8731650614217381907361502800677705257837816293892127086384357746092141660648761859901643027562129313 0.11147702229776481597006873309557110678934304906003498631380310358531609749944044736007459459915918606
-1.2759116653425149586221433665040413041706058697502265719665593685528026389724101694654145465188371393 0.16952470372349465186700087877860674655316344318325071124061179319482140287917676718085725533468924316 0.33054879701650024552175926969964789703904057667063524068481463924030072091881157681716640944979901736
-0.30161086820413574884793904908118772312083636361866772031360190357078950001582239499431745904548895785 -1.3005499996413536986234132615172700475917662638533679690576820928836959342730752174741379247059826525 0.29663833935579556545677764951394289190356864690012075071809559677400311350026310993730422403039861717
