-0.88316646468861245556831620579315287694763634143521889441020504109797592189827450402328486851946657567 1.2078866636651787440210419187557541619067944350378049495539944631311224880032860132162168820710286989 0.31537523972073042062044762703348368110919960978182139538489040121720353834206288682791418615034528835
0.69150742745779622586367479848361421446754240243775275854354930229790241848184095989967964783497670922 0.015540531905477960254489159464617154318397810267905390222932338914039452311223682651514240691885459224 0.62702597776264254689272911363447353174642441547216756001259029034951268506437405181076238524155760627
1.1458565572358096783148983190243501934248094781746059038270135355991486679723165930884939041475229656 0.82912601800033453347712798247567255827243094724555595306219402805145636111648755723311716733951141124 0.58121197079020255271276349714882485368359891422082659306039719436133764701278265987344601083075811728
0.40877039683488314677452972673034822783179351218128607614008514964187429354275161853039267544468486044 -0.022699837515924072150071430898359067386044369488153694155777438562666308516393454739317001581537012189 0.26822501203328095717809534136610946380469277974063163942253237005329710204318552156647538731439592941
-0.56125246808797733110169238666378242943448467627142099144254534195074390837946597243377422773733210173 0.32702892692792817207289172242504825116608377328607891676123033916129660695860197602987312569807270145 0.5075448586645292813677473908762269993233735200546624304582765513726920271413580489343179875350393953
0.58326784409082774463537245230075971875694496037921792488037712735792895452165092119359576121436849527 -1.2263780675670106951814831675066276217198693863823260420081398579159198999123008061754957374478064743 0.17818229061256780740667523054427209666925468769957333011086413288402811758524691576082017519210010272
0.075649818227777892566106862177485973299334759738868743142208354903225674120773806329156216525358733124 -0.84686554280363895411047148795222276328945926600152197735146903596047465012624423101893491483366712784 0.27414281975018470659070876859176394036380568168728925657653125182279151567347379203263528357741648084
-0.095115409004238530002882663561364977802257606569903643962956183764220010405006891408277612910264179652 -0.25122451171465941046866609701471425173504047116740924104188238937870631282677102081477964892117901156 0.0084225057004753708847390228117943283963282032925402294701154393437859185282024165744035165358315905475
0.0485951552370155499557211506002089856521858754406731946006904335320914883610336256912681635025623135 0.053384211547419791984813820590020140980494564512007587075184521514700761210484106700466087003513864152 0.67171920594679716496903983762749646181383385999870154076375540313221335446425987213184737478114181384
1.6507822735432491105447101099741897412466247880346562558230789916706150296586214448870282514562695853 -0.40709392618340196751383553483976494820673393919656112763754047292583373029588573459629158164547251707 0.32905387924089772318932982999563971680424758400434469154146419336614631576516945734867546012657564634
-0.04293510980977624115037603282260582177758123895747620789256392616061970365279745817441006559189632164 1.1635112018682813179284720247005147317459007717039546595327812331055608258568241694599620306396108788 0.41356909721430095380044816100801465000279116387567875895439097470976795387876259950408362438906424051
-0.15867319890615606861923834841741266532504780801221657512299505919917462388447615907364111536118821183 1.4913519776005284790728436924503013420165462107722614749101053417813591551441135175267115501903591578 0.39664481284893161419094093588322871883944033832791356378660952602399239977725420075522477389742511461
0.082674724587328040159972855782294188877177997292190569490596776602787868318317295051412905083886144818 -0.2475638295218177387245488662179920056028692541701047910435560578833979103140274949634142503153331586 0.30305054883032324452359119982262065908193122887713241720601703835909704433425528292391375311377955641
-0.20521760495491855794403949207958013931068265776523491711582847289001631975310597799609637879094767129 -0.49953625320072527336397765852816301677343152992323614010383508017643658995585987133931422683932374979 0.42831453731799348371235297842372969150188660201796305830855786533698494515675921932366587184128177679
-1.0716405410839067190358773905546072743337568355991558366187529459059275926470861080409821398694837989 -0.7917648104841299183193337218729585202940334342754357521491438208741197123168178511570373993285481673 0.033225160375181385214954069124435807921431913281450702326051631903553869864285621092979772598387154917
-0.80555508374789117873905850173676812444645076510718247785144141739806451571993616632925316566398419721 -1.7166528209021644405640250266817491020520922790565057379093281601285633412561604475427693350212008223 0.42649964756329042482184304784960422579159333375190566085626920329858577879198202390872572171935828537
0.37473183692443361496926776125230052331574811299074431150734124167044070852672218148937284399722446816 -0.42639388170262935252787959046549667417510094195666097317519399728577060996750918998198432543340719473 0.6574621156568861128615267120953021463739154820007091046241214585875593428147632071694550902858061444
-1.6394207029666483972102506813491738454020911633000913771750163992061548858269327535455456725829508767 0.11037343196471454275139191034280896512507656456627082627295996861065337572146733926216913997022282492 0.12354241517637524267382103948791047124389571147871371157415648194366729725080972649959474988862311367
