0.36148891354020178981113555687251687294004579657793199329152821774097615113286619920423015471426653598 0.37473699278819996586148479030894123816730446227180035196927353789373646329392342326012436812405361033 0.66651469317800917627454168944434762706764303869646950059169614961037344249514447308428153858933937328
0.74598453224233579272019523232754965889961352594903705585806894784056324764254835883157135223572363918 -1.2144146243138621604409081114700520561633327813576224922345723082475227911204477405405957439588503645 0.20944813317660937045647532173782928753515872133061585240330493407773579885341608183419371195549622152
-0.13468557453455916970924342776415929300927181538842532821259926770234122561557713306267953258118639671 -0.22392948951002717375447268600944326737739379477947919166031599452949770153596262665781158799041662337 0.53570905338082568605191120050783763553653396850753890082388714105271202034703649261058662307281423362
-1.2775952131214533686463464968175460824231897990807998707979642152028589504486587321862733088602420512 -0.95674453043828061006496664674548287509873602350360902069140739577925522223407013574441761745683302157 0.085661256811901519501350153042407673108381975946367984285990996448038312939780322445432584464784833668
-1.1186483225909401992522198227612236785282473702720275774366612168409031930252222386398498262842136324 -1.471442033767470939052276359740208768244812770991921143018582365360573486660538314997622102532769551 0.059756465872976716845710209411003593861700415762354169272808129617416341685822489949879862329154017595
1.3168578887114344900796313408707257557855085495971822733275998027152057188704607302331380270748099304 0.59815646732661496691489094149918038931285889556271695490185674764770553694408604743212903952801126222 0.68836115089199153741900327940196828130114696399102237455815040673155462458954060859879695613824397474
0.21398867044607559967742632864156657332707958536366339335980297543102211481586781226091863348413488732 -0.025287738437650700338159883582778519630846548930734777774216529807521801258210329803499734669157970486 0.017090024066016710604016408015339318723791029542376159533306705441963829842312172325557339729424228037
-1.0755016915036378729319088583150597557646591641703986467972599135151866267801820573914912249936610045 0.41789258773121096024224319089448996485608008834629133989926122988051564806366081541575704946197642082 0.58731257377290111753744328498403214049389928431829114430770646616003509520293283826644454906058427716
-0.87752323878243871856501793487743088442118680717826523646398327132478988785808440040563596707705112925 -0.20058827406226983854727692366011604423622442189128790483681338119313110697657464133750036912724547401 0.47016982840604650932058236407915575473537904809586151927748064447611971013329760515484843208448587748
1.6552757454997267362036525627618498179212673260605372033283810879597781167593384452648442038935378983 -0.19563428073129427356684017458535037230408989250161081996511700034742199944940252169181288863360828324 0.3958310992765011348795054237014047263214693367959118324783226166096300591520361206754259333489250504
0.19334468689383801776172675668260325609490426809591648569105324262132289248809293672224220839801574912 1.9367549977711637709923190731766013437150619717127933702117861684351485287114179010403906806381738395 0.064510017785297596220251275497034376091298896519365506073342552829687167815375224849721476170940733856
1.7522952727785644954529018718484517582141357883295059576107416145752953967855686619438802484251594782 0.56619804259703192753036785135986194157150989395887341064681668037415653799364550626591257083268248332 0.46859164634859519073301917704236298002450926073939612308640029051730285423647228266963323638311881936
0.41784071946097733077451524279887203490295805712740239459587689831367782065507305806973901083977188513 0.73340971486566351667208859022544909314252108403209545205337735663225535364622336793692185471739902568 0.4091302539408643120836274033818529488249523774880826422276627233146608766179976218526797113507562198
-1.4501809554313654627636758876415488447577012672343597380874699049809145412955388197925672405817888823 -0.58119425954069714866764624811275911862348519953538942487558744533807477328557097753337079962497822047 0.12645537401047726838750485983087326648287517292354703315566151480840273279340555319715230163987742573
-1.3227524357271300497107370071995216630346420463142187696764032598776538703503909816836000771345068038 0.27866128605146340380201599954021029029332874831439189722633317251621713635202746315488236040052776955 0.24359247949854617538532037242016466466993497252926511821507716472988211944247637444841996709778044422
-0.59272128728862134150119291224373037183387968570732398610678997262281370969523744323773046651854657733 1.7701377057066549743320922630836698449288875446060141783465416745169381024095178511013595600954527764 0.64629363148040431171091440815682729630560709014461748646375744768828293052547786451037795110995679982
0.10745044772769177499960505385873345401630438438066202979501566360844305339629834781486388754734777368 0.096783853871786654736267055709977956746958862673380876086284634706317212044294777457691527875941561027 0.11623284137575730616463326576505169848656355156704402899776189920343487901892874637100706230485249026
-1.2595380527164448231358486850324012181674004176621059623742080866457954902571966016526278956185744603 -1.5010849661810812053151811871255205082614359595747834527208340735886111244658593058513186608264669738 0.052442361368739979498204114911041375410164707705301689334528169578419253051533875389004720391716449673
