-0.11562597328249485928612635205384740608573535266644694432454975645750285129929197598259742199659842771 -0.096728616737266362061618819236525321456417969951645655962244076258707377165301032121361037749222635577 0.49260210248484695345940230113539200941865628917758729462490773833954920817719897692647358329691529876
1.5014937718188373714446438269398278291916644216218568526337708861202284814114954919580961914114928471 0.98776607774479878678776214032105018591083074968880915139642406321078751437879451023074892879505223591 0.075815433684613949871691476162668498196791964866770336069004461399696911256515554514388611678137389084
-0.32209147236387789135438926829123720779883482160475725404358417067594677143636712934411205275794930265 1.1686202021626053093161161893782202951257010418589961955540087877359008215909306346434611019463894019 0.47844115503569837934713318322358472546739851757416905913219287994740351202714602452264961176649992414
0.88946932336135493858039441119746835787124885530731448655162383024351858690459037258092311265202928616 0.36485397725368040576975781472174380911266352411014923283346593202318736934009611114530305398061271796 0.39532733529168926944146390589945769519568777600156212982160471760068728053456741645883802288502963624
-1.8328961845598157098327859772314406742379556571232301132939328054355390707591560002230640897268271245 -0.2014320178829291646963953437643838889516463503275400256674058423735804613200325263376936545561247016 0.67336255681796584249573252399151611135301850740329010946207033122559164034725490748658703237331457305
-0.58896131384694424929413033699428519375284624649225769097256163069589213062158326119196603534174751889 -0.6371303489248814964196204547712608940687404602026506099851399242503115796598280034328061963319642146 0.11651248769335904431442111834105269221659250352280941521848340364888903586060112674965055356453667195
-0.047951281076878084745419427943001495614787177737339332581679520453161969505653760504896664951817818684 -1.4980480125904391508794344011114242013523928175480309049685595241122429633271418394593040927594991387 0.065066878853798423272354253125570730194005365348797721599972344595751012392441565989184864269444063786
0.9070826545787682715084785308987781303160719072990164540720702983215464246235006624110491879051212589 -0.092071254727668513632039003106427974688129992596377315879763919382160101203006720147242257200047328045 0.58199330480326968846165927036228102400841345724923705152928095408785500069593867780945063518513182118
-1.1693776047447050531949808952416982528569926047056654423589769341718543804167131311965850007481456245 1.3235213967751132070893570672644199449445785939573449402766893552414811953310148714795719099241047876 0.18908822445954917270827768305233984048215479026955469441598615282431167696772807040977282116950668165
-1.4905136582779963265217496397081220123278008581104207315577842587631144167875865735824251291726198658 0.94395667627828908150411981818755661652587394775550514075181305393763842766041534644095089709039353485 0.058369854182320465631386318942204954419806269773212774347936163935712932413153252960687689423952039503
-0.81617878601393741458930596171456688257429534848927036898921109793002511880839965413312655269503542187 -1.7009739654039464795410416074858228021208289880781028385328767198553948233052690153963563712026283987 0.30778880832414054277272183531958628969884668409727887413080000338494120229743361124200644821993536104
0.90082556337863687604507609874788125578727919164686462939233650374371679419619765217283213220287190367 1.4266195261924506888044154426369090423658991038040491119232318669076058546825616640264864379020090557 0.59055641986413727199941304556280520477807480212076002851923784909974834055822231612971237880453176072
1.4579095681179783547800788527456270189421221454679084574882045985394526969790957396434672878115124958 0.2090907763544399058100738562245838063678830047998716373441623197752876617395252174877520551334910742 0.29592525488627830861242940636568232656912275713143117771785579296033251888893478997807515813154737896
1.111715255940294049574961739307263056304740178375258313197255616361746648560791108873454729445310216 -1.2615827961553445154766171248305040443269957879075539654502472529342291917514624083388233321627196162 0.68975952158942382175180015915424132990570908895231016378130662017739042162646299108440507293825399997
-0.16594843531117015236895619998817448285173603321856863151544799803049519911176037571167350386945654273 -0.26141128222605791530846991958388314926140732552490578499451212503854327247345008310572917606108681228 0.12163711263966080497217301695732414247229415008585629913170967965001258816398859143328062446972757492
1.826149993659960745520889864724371556177456242906301722445338932095586071615178420342866894513604964 -0.053132298385987405290743032728710807405930773939532981659208039760366446136377229770745960003805447717 0.22252199623049430517946159279027239551981167610847417009437640980082061679904013929249911039726256496
0.58982559260112789669255176922455752404472650194792585903782151549286190754851928334107626792954852364 0.11566179485557965272838417100145511839174030942976082898720364686484281325152515322058446620504908007 0.23859745834260783945972743703605796087131728218149192573324734455575641269822306362555844427183940174
0.92618614730208625444686474838750654762025393660753839588169271589664692437758333575510035408231377485 0.5749524569645250559493967047491163495357259042621555794051180664884102164044083137045674345069473692 0.51488971986248683166752139164838992564601382541984570359639208332389789034227849146500653071050298224
