1.106411650768885542116769052947913853507399944466314323454492083551404469655039481067444582721193368 -0.87506725826412526658198751268008499444789187868539263811481922616329524332138236668497883648226175734 0.45344394446176612748179520148044760987187615522108343770648327748941644705689124778484828419510250851
-0.38183918073086595204008026605359330398318110598257183994344098443497720959648449082724757434022163025 1.1180430709414393477584827128780042232728115352626833670657567383310923660515766651991857046962485273 0.25057386972504117858340879072764387674122761334407947733158435386147991335732253308233251732947023698
-0.71865561746917477915002363463039756643072914787682424869657588005741314521673759943667341117205188269 -0.96132968763652540620038836907497097537930167563162286574344326912034812877433360214334712178234758184 0.63805476886615946541098640192739130310342082146576196201492789644397647273225376157475820582578248846
0.50349630112709743900528996841658178553524286878916773817295657074513171878546067255337843585797017403 -0.21890183296704570572110944727930218652883787780300993167163294864873756467472498597432302031797744163 0.28914667784626578443778305281544169147427883718901226284984849041279298899185142042137259984770847242
0.58444289345976073141101724139493958319756471901216914354328323014386142092178780883882342694996826218 0.13886746471438946478498907769792693041570759228420204561991425156868114692407802341205698485867273502 0.63712769235997444446066176954131824063403649950777000554816516717651043909044102556569608015257263638
0.50187103550164837564980402661662710874235871462187742854974537107226232106699661056437214040463904165 -1.4281357874125404474177967935978882812725589250327351031180830613718628984204472327200860286149132646 0.32165407268097874392315506480267160234297443742441981422604264793300876807686968493611491399800710971
-0.058580798699820280076420331893951443161164608964669751563402741736039007766973248506151441577085910068 0.41536348375581245615775611158634167765662913500401063852686498468770447033426407185066756802216577328 0.35597452778788906124062478028514485123552330385838136700089695130687273682858551395544840042920590343
0.71036744513980099698939657576496808496350077857561177890587235189306941558447014560854434531554752421 0.60896677403606725481978902858082586290240357505994629522370803479379977212375123111299137418727530954 0.37325692808672717605058058308465296362412953938524368870133857284403546239618778366239677554682638884
-1.3251702545931356238381096429174218361333365303094353485250864522094877974818867403641049945419754629 0.85014745562849460542805425068563251662790884169408116059472066648814800459035351356018573028408665793 0.45122166697142112191512261445861895990850377384973868204115023001704362464711749996733594690716403488
0.020369897533878954958742514394976778793605090108919877293568996203888156096351501568747503922625539575 -1.6231864760735453379575778420359131915257316144202215007006500177783724573423413466405852989480969615 0.15189848222805759142805458752288970706121679299433500020894779367933156568816338350602742193012213706
-0.43987249420792744259911083751995189803003803025940126484799467571832921201062053228093655487002904108 -0.12276233539582715442654892837873879517578244057355666371639034026870273898897340495621152514342440416 0.51298715910043890834418943376164146686962850712979937975016918303822878170815075249312526248546785343
-0.012592189640213077773957984103563850467299841090396472849661300893914359723315875600259025563376710386 0.014762272674403687746507209954339045177261537715479240573584453265392937123454501298934141733162229586 0.40335052155201582514760516820423888059582108332420169529754255339786233986268403697392650838634614125
1.0207021026155543441503298701059470880446428362022689783726344182863344269477580415961343898825453645 -0.95412254566609873799091999583078528168152070242087439547414261891650188446434251284283572050437241917 0.17131847704455665841144253470413779543658483397910184176982891713651208950112449238015375887974436575
-1.3214496777071756903777046304674439149869056848594978832396081728269661812990767387549781397407387312 -0.55269421050495749011586052182682993775905491367719985734160869759448233047363163715471294314132280908 0.57876154183760442710330192398955752931199784849196035547674909625923159518397375207593191212375087332
-0.92448448595525646271045461326212137403207573105207764716309014324541140501267507658448678707826651985 1.5393327323308520523894291010517069924595818927292834859350350227613832159089572791941382335461349895 0.42879555891797394972287657651062822147142480376662883974294026405327101203688133629774856150748058454
-0.8324237038480571256431154820998127176916553675115754265288962937419390368747410428101848860980933532 0.76764509266891824440639083922542323176629219087857133161085005213194593871006879067502733421227560196 0.66443518620755032669591974002020427804785150074339379756302116099040520715375505754250489920772099591
0.4420081219370166990480721880957958207988963633345806091452095347095535546356168493592892794240997951 -1.6478656575318996963451077469604494731766629369897558860492591146827720036044605543860493150418179389 0.47589249384924180126954831301481088663420276927773915019951118120830658439887327046186041892869354575
-1.8982965151912888576383061572350000622396344259438634137536554251857015093169339781720849733461575679 0.34674172983500749102387988987507331004277880292726306314788528932673220327039544520428020611300750323 0.48785609790855278242906012680584988215367164847810956732590202163621227194828605153479897625908761124
