0.32852709342140060041558091933138033289295104422735404706869538210364514330794755765886920244921891655 -1.0116299443328274533201930211696337063005813214328638710598512443717739159579207654938246476433185587 0.54673579354829901048599255542024056712382523023845152277059330106749583758347916472497781012771890339
-0.15449691025044244795359070316519636159910473960697179287938535754830441672806103219315923647881618428 0.53720201973445917977606878185796263305927703909470816798911332952603174130789448579329462306026466606 0.10151228455099794624879464073162350181682197432076466893218347255741273574740993475530706647703718186
-1.3142290851634876479742612739629904334477562651023323242029566697529647714549201973750455230827871235 -1.3135066955526733623770912109558723314155780993096755463764506280456019161926036824917675764119210123 0.3598905321876749083338880524692668746108674791077640016044574107936227314229396928394352954287037288
0.63836770086809857765594217619558184826306375530010192721958175943836196006575183774627831228105084956 -0.55383865144774857913996044792802134988875191764944960894492931487917440659460313248379717579873877618 0.19776568612367439363214031463653061677817475599575319502723418829737818703696516566636363581523090262
1.2233107254030910280323894022119304221507693273004846275070644608520983522387301413980026491131940958 0.22638349781953171775105874828873452523667498685629919333746740446961714295433296572045998236056411273 0.65668700407146795918346504579438903231552845039009096812786042288994699526691057128640905022558351834
0.23780228641724052854456250506009158686953413456728625970938271859267517703021645600565701853121662307 0.69282625380244651515765579414509105584573164682210779834913676750186822015834905127981713584071007813 0.63888040368255955636596886661026055933840414939618703158551258455180745997385915403565379589989226252
-1.4048364158195973387186087634305810295795660829525639899276477381382769168791260424755975416433532311 0.88561496056538768168238410063697371557486938291233529030134954808805973874950597438889852404004725489 0.64061424032072264641615019156442241946947967865148066165853968865629806465641422603012321702008124732
0.45554519582882005941171951977211302046551598933069621642536562262254813581054292959314620513723355398 1.6933094643340570144229652364961780318281646097725883513523083120713129287870533216098280749635964852 0.18654651888014399534000938423319585230536303506226663242524251942615123077820986157486515407008684046
-1.6830889330584062571485590305168772560206274935499598361854724752550167107088873721628281154245803745 -0.41804555681725773651708725485474307149141293437582355594310401348571156797490421144662005592327463469 0.18281094975619297777818476661975220383508895017525005144308398933302181203132917096548377583707460242
0.0025555024833073703462834340792730879719642482648697631097279212251943958220771835905619343052704458486 -0.070146300464754466855399361637708518350971119185606363475515037505042604118748535890927956232961645472 0.5505281158296466262592305282618448154422269976338259682664155940476625680403073493890137309700554239
0.11053821876438761186921738917503813600506370063940964789244043381732329823364612481083120145344336147 0.2178845514694743849288398966895817612103439079992165162776012849416676672360846447483201874995710235 0.28847192554398134165992733238635650004054143374895739862695001179294460294826483051017890330603898569
0.28969491486075561112816334819187832400797538527836605084414063698676389416643278701557697377280546516 0.24977194993535137402621866933998092707712657900289944817319370120006213534214336979822569315947197369 0.50674726274597259834665665285456990788205063977202503314338895620094421414990024495963689748188701465
-0.23053409505863205584196972933892947771397924807956905481803114268324462668848718204881866942113796806 -0.36269932233390090595207810407360385332995915560273453967892308405497021625271209399895496033646637994 0.12289757017248588415874390832799947326171902274087832396609974118967910352028547042866476587731039394
-0.26773347340551299515626387256185776126009383529759463822438089559263747038543889324350225642656113607 -0.27053085581013507382190253432601545044900709834298718838316713755769243223929430174857556024859931799 0.33071259522344691123372984202576698554312172735961378299295869646340249205992702272701126633370266683
-0.21325414632883397868552161349599418607370122804398858219584593713873547810683234060582400674077396539 0.92227329874476280922506385356865860683053045383440667390505442447146788577045433090881258033019637788 0.55965380393520454989663701340148800499499692308284052171809256641503166317184664983221926478782926185
0.12281819064573478961840499108775067397585665517618862294150534458384354881150806837881713404413245911 0.52469757551528319942340094985482209661475436804129261929529622456882697256402958498209449792002353864 0.68222179860238720579531737603958934525067425279074376249075200090261791987496645102614238052202391659
0.16092211171352384348424416912586875167902488753772412425028524849310004069125562685858722594262672342 -1.4955382332069348610698998521878753557029758273467423188063824566605076450370297751396870176374590587 0.089870809295409753439577492658699675249558147443244729111191432736667006938285731596412045982428515929
0.57634027951379454674328578512401941747517808302468459408886090321164791418425090327082657436457384687 0.74566080243074575703937503830344455252248289119453044757798168759930646123211863806836028547366254687 0.4174713767831273323775721243115424587660089708556408277576564117852451492677350658218512241182737209
