-0.63035039358103172507843659952837965655066364075429090150618645960042774739258691269074427120085362479 -0.3356851874350947003418948166133242895300231251860521798165506282225665988976586834674583994070373756 0.016474402750289210838592401960165604670160661152069511694470160821553397245390721990211276885717288138
-0.31766044767812128969216247595093317995028492544402338424483605307472130495025605456421884416836275016 -0.55059514741621688240403789698434357679324127164323680282768022654270796835221691875725811583464553057 0.59511160971988800045045963755703214538839162690749627147218848611655619582517824880907276227866999132
-0.50002537918914213509408533486746158893795834359391234953500344834265557846022138953256305662609201343 -0.32619598857586973233203781428028070177709230243638465347821595261439587292169315341266150619963483109 0.50230663319319533405845362484198775903402005522148403924463974872632516797929440138289715789072785201
-0.29057132632888533407072937062569067582081146213817066112716748615145896057281054583760480136787414598 0.34287219751786789237715280955070221064104213750401656631620027483308541952612547615010004479227256295 0.31720179509312508856140168340026262743514765618000655140344893281091089547619675065668767870526086329
0.01792644927595040632191035487909799997506025903641724108347678915010307530411034837736346023609227867 0.02691960370742597402182365716645644290999521506786200179677263681221181222051907516121678962706957048 0.48768781564798501640336544530840426327577962430652103928970069326309043079657018487089395793535356523
-0.20403475043743458471831235270398388729431297235928852804440631636781779246611462818681109632160626826 1.2768782660508177536366566416226374133469090665568962631388338466911232892628772239299861790750025288 0.26428774217962847012035946748115246556281971678829416669509565347214991567190252408649669218766692465
-0.23903968782267731144441093255731674834059948694650177941432622061140573811854588146555363034212423869 -0.71707587046186974515057170035560834909195357271160414345524367085535469144279148883585711159804607191 0.20302641406064803590610061744598053443486502115593367232320240477540487262023248420441393107195622842
1.1041906663884978936038911887122404659564277210808743412728234530508569517925599304294860045963806724 -1.0967772746908839469825376127297598387741012668323952981153859437975609665275199903839308483634071039 0.33843010137706045269145108590668221878020023500164051086066420773490752247429113811333850504270204479
0.085554616086879170581616208072110941532920036461738287022447436219505383881267364959964391723140774309 -0.27663902430464640402893908708479652277966605674851950733207034959401081721727591231772106669373114869 0.41916504743273198535502793186712310928497116233582232288536720562312889270004668581730420630030872238
-1.7953178723108060913279585008477668586460140282518048872629221963501698912842730545653308983801945754 0.37948292639629997995499483052619858888359361211350747617103468899823051090144651685869865621149947979 0.15643219425981832740120276537406658892646361293581568148990134348267975400716050094761493470292128431
-1.5435979209688160599307486292059085130026550343062667494366848484371945385067034108764712909356202091 0.4941720330216797926559944943644021893303706429410651405878806643586220970219117179712720964517019722 0.54382672592485398125623503659791944310104028761007997789380472028668015107225229977702504679208005692
0.02830326091057587680013941440801076484213328197277995009427347310044461264301431613659484675685331087 -0.17562524421973537167879257012864246081468816890200050909371999181325825040693374341552821459352588664 0.4477415068170892704910748524313712515515746439963373498212152995146690202946388622370538083161459126
0.28519612995275935410453310806603352384995743640252593851883832469804077589239299452336537073806958658 0.31823593202232711219668247191962867333130532679069145512798409567212121493905692761214957656067174124 0.58487775305484305331705097864045150473249992055948349972259849415245295240319405209958320387082564697
1.6709381720253573260403345291899526464818367625872167794471658423639228725314290027095177114307110146 0.08979232371513166535198763432815289073499419606303906157712286118061723478279611309124540920294016973 0.10178519536240407564114575462221861486973891765877572548500971062886028247765836221811644788059631582
0.38510622899717749674097372253479807888942914505296510940750382411879673487707090453880228911660853548 -1.6040108048076544258336309619015002478594708423235000742714919257582083631253927912462200703525780332 0.35600835453861233664999153432498499978143350287594696300409164266050339287347472092597167254291842674
0.22115085083854020122765583616702109196633481729725835459610848411369478026008570167256338033507503549 -0.089677726933120255955076502408910793537529931562217834559613272152196924376525976526233588575542021131 0.3184385672088451525404528376845879514721495491400759233614917300620413635066678263733981581001259982
-0.10006476076124340679453062493312175409346254959123729813215927291770820662783467877891238501715813238 -0.24517178081715406143967883825835157293769944036078822079260951324641148110103844664788387944114866678 0.61723566296770158152817291016120801367958713107089717563359193551208300059096047878616311267047947704
-0.80229553709767287241165498242356890544305985950963926347516311895127597827084668386889112226785689982 1.3704445648635856907968836145336106887817619061102521940990190009422547373737314528748417689689557383 0.51869011425111225480621879594022286023777874892808119991957978578271841697142320669109097849619022163
