-1.2731992701945687461719104120782228893121761309080794950446029108280748744443398398375737932381761846 -0.30957758546123608750305315591344453517319074527320100441252974537582636231695830826451689359096072348 0.11483775561033942210898670792137317988506853504543865715807260745692911904659641748730799026717984306
-0.8066178278464233760962088064640428982715616275872403222584915029142332663705223983387803439327693582 -1.6223347022162494373595248421265468839045303607746081999372569336628996207090964182589680933364540837 0.18161335165860942719860706296666440738878333604660080566338731030272662026471115204240866764047840427
-0.37267951131078271931906200669809189053033261200427330611275875038754616191931070375971959289197023714 -0.23852734592235884345976139265549889003669498195801944704155115328867386515348095466269608135780237471 0.057606546208324776983603320988540563123679921096899537699960055699405721565962584898286080701468160563
0.78390087433911412697867968590390497847853713205014763252048864839728462498241000261161222069132073376 0.66959666070570860297595796843054390429042084376725574363687322163881745491712273281902397061786314842 0.56859136438951112645546332076909517392346240316480059425697219182730233912749774862579662811081116512
0.85122575747372114661573802706609562548908664992199731202772267201004873619486433738086799026320531947 0.99724701150020017883601911553497136801426769178809428768696526242534693552518093997918511498693386021 0.42540181529198182357937496019011066678019127736047954553813400786453522619066238569643582550923783433
0.52411643846956518777849128828681767091423514961368707331795751351402711215879037610370450791644309598 0.27481277085228492347738290951085028088815054066491100347272342211062710202294293934172462785660802229 0.6458689075243755902437846670013404654572836392699133734282909030460813346067820661752083412789641506
-0.95929363479698678825982662324038372719274345467608756455275660430814548029726661419547149623965018094 1.217602928924432931640721418509095030283507949597595499346468321541612091651708504789902972848015593 0.19805341778742551444456276587397375867520471707075912565978723627938301409379571742219645934168158375
-0.018868276780507744717236137016502107611007344712328857434774772091181972171448129252341430381580110423 -0.12057898060512680394752605908690288585470096135760096540213142025592676654321825564780437816534510279 0.66892590923356515642244094076857577376467897153765525404810823661900040489574271710306288941963867677
-0.88012558381456314550878175455242956421368598232046322517015808768209136447631130051538975965095636564 0.19424686652904837076153323320506379824154826652230775803857589230250496910651289109060903985981139908 0.032585547066338308655202506224321397693482341635410330764084078668392232722580138265612458839778712296
0.71985122761990174438913465861423383950732327467427873915165046925567153062811927461464980390855349082 -0.430336638596359224868032979878438188920303713675183626143173358188783521642772178502810598048385173 0.11417166823713947732475094034412304706715618365831048921494901458930745872484737674654617635861312774
-1.0041629914685461790929272114530524413210487565411433453394558137057456697659843066239376617465671316 -0.66194830619762134020702486083547420426068259399782515624786880069720447866411585066792092847496865678 0.4462014819967135275976631724252140145922773947019631737465886201101754122109165409383106959810995506
0.079793390661977551931029114980540029323556206626804408241058863918848632083572350551402354488108358569 0.079371495905030299262916353375091837402559733203480383935617676251997203742986207081298340257850875423 0.24545131049401718622541237431968995953383868901274484361618900171719888789826130674702046762776781831
1.1650436420237299795322968405064983883751239057636892323341286451324288595109080566461514702291223 -1.6250229004118164929363802159840011997905615614516080804898635411671108561606833188725140592963447527 0.19432164833084333216964957434636010655578235469831037080307661373265557565877614750891161529652186186
-1.6255114628667438464309548484662082419686690046838207333947152315255920389488403251485269456636146501 -0.85100243025208137439578336773431485480798251489083225934936253067574473412727140931277474035481437735 0.62004931417441853853392028704316227659509620136859883495060133477236852598011866690420824622656193107
0.1305699549120725408950878497819482551378917851346479764916233230712639085470875512022045219486966972 1.4563049841797092151839727803843703239046785383502596403559126340148396889420833406177109905633425878 0.67207875429454713663791733155680920739025126929441934185266541310907663839426687178896433738404796515
0.024048319265931206463696894338284652746889673332357715007252797852229811487744095690510749848298986279 0.033377075518303818779068284596261122209066841406602013630341521638284915348721995141821356357631062532 0.46231846782872615225233703038439967002801976997408455060816366998442150223805601310837209831934624926
0.18088981654147492746658285066542593544679293004996774648370518526540786406478734115309332435394197325 -0.26447882717803302587460004695412464955620052938802106086360517217668425668297594093347168286164491932 0.434724233382593733588828621412678247031521684194768561324740355616208346968781992038979608240373535
0.10148078021813529682896208299594970012735248146410745946585475748513436593611990731642368105530647082 0.70644881969144449544889710426126567853512184196258297408851347243194754689991144073783247651564827105 0.1479174923398522146593956163332343302519313445414951201419601560682045397807778920422178030324656971
