0.91556681975694744678010503817215311704264340835028042788611013002440435699969291142292951218228355049 -0.037764952996431532551820406060194347546325535699823618427177220061489416691843865463051086849562636277 0.28846826423584085195027691594585654729729933264536796682472721156719947184769878562174960695935318563
-0.51510236670800950383460348455216436891633900622125866725376127239588206985066720678583644476819358238 1.5428515857385837994956157179698497464985956038712647365892988668553533809917144432557073527116411673 0.51950470104823866359888154004989792152733769254828334061191266184546223543145428995739510884810678288
0.67533015041190847677021688088301214529420642438506993374445476148738003952605937261981355372336579101 0.42881249763066256290789112633409089956527805055760708082768316255389018206859945359398879462991926491 0.31717262114859722810977759965054383634179123489361034722729106829387974395714084918451824022183237322
1.3507223496355796369645065540442819363162106614806424998729695850843284949715313831437518122837190003 0.69671105669667494110576386106325164552996122374078934796699613706469929676202664518351802157757935951 0.39491015229537593007755142135604494538562142480516039033671277372170180768785642214758421259489973356
-0.085071580627914455538785809514587491778545169644647462890638086594106231317718603912103704369928430106 -0.22116940208461077552524983161848092023867645723457754481327419307930304210943154788625598353514581353 0.48956308884771771444223605697351980660351531857166776038153363625559178157246459173094369744246651836
-0.68520304151884193359770443274857152634333733389167453114568377629322751617961473027470903214463851717 0.04531858159432587658573723526536503785890633805164368962200426232959174308928218974040757990208912949 0.35912732675686959216901220631082492735057766905827519571652877208031414339975757893489927517131150812
-1.2015860941310696795203983922664357830867965770877945451223652933010527450392069200756424646009618674 -1.0212648510704114435680627687583307673983788859511501494536177801011858446818911008474673070888610254 0.21313879261617488640074360628837359397597314150083474602655593570866123255544515744123757395960332529
0.53317546217942991394590578965653272271000429493258383893794687923640986786043011583363484316147600053 0.23761412982232392240863218104067167735408025561949458383550037463488214074285737378427153520758625814 0.36342147629609953947368013250167533320073905234851810430350227344971235531399169921639042271007647458
-0.52468967730181720296956920148563059105243020797120758096109826819745254131661548330132694913979699025 0.5157826853782200588856758441534596788295584090706962231417042122226185074098533574672252245749196885 0.54584415820431468884702377922308155456241405522289348762152132174621422633613134872655607671667545396
0.11102256653611269376894392180125260689275127862470253302728542622725879001357361105432547265656793694 0.13761930527741580233089599781985757063278650339580950137366895330349016177441409058478164237547197502 0.3655356647994664284693835460599341963826129380410922132520611838370206572461680612841655512107230873
0.66048313723889473896531511168640224387943864664803178143971734387515504789726532318143854717173844445 1.1989880754742730924405448464988108794041223393978905434757198366030516848431563429098081862258478023 0.093930932292757396793606371998907780717535755156797923369871074286750533519248482024422220460354793843
0.052823659777254463065834084539110470633047232604936404712832597502826231006949688260126442044203889233 -1.6568775146931030027052849217298693091134242817895696550424748827862359177481381336998142526013356255 0.51543157779026059918690189983851729970181554849020829994027487403694988792677497469650398904306686788
-0.11163076691794199935395076691709665709703193092064003819256451427528030375290190179918625557142358566 -0.098219912406264126768535152585449026529895010710380594730320682695806578909086809103067643964355558565 0.14148016758290603188811705336876435937545272151766606239218031657263814939609961145329364381491777207
0.3311606209918809546147601936989267294161203019820429855602693396513939786952409781821645527798362939 -0.051375737919003734387347959826301034864990538054736498944170575666543743324395358684814204715875947027 0.11492323542177624472564941598980040405774458669404139901350744040911901126735001259159884030585264761
1.7790389262042675999659810840534939236785039874840824987543477263238813970033815229586031832094350551 0.37913347360065792964589304095505239623715898259948764207360564173137458549099528603334780373499143182 0.17948581504856238397191413471872561341279044128743106881648800151842146032178789222423076462163696375
0.30675066473907718784477128688739576560522071534789863227771288297484075198995830466823939401035520417 -1.278774648888917738641930540747975625489402568818514188338670171091609288634132349209621455288974668 0.055950095939677187424318486946274097766194285307732085915400706988816183280496719569861500608343710539
0.041437121292324855267630479959813117814441219921589048141607350892141894094193352534865938921276140355 0.017095993814659649038952452109933012496323169630675402797143990672439826569635182425937443395128798817 0.16584188567161688993839186465486432152353546516623549851239257107035542098843688702719975609553811989
0.62060641854703562565144825825227872082265145488793820707300917808750205258319533373595733020152813486 -0.88689217260896149667245017385941036255117719943667967004431835793922090848170182355860281098041252535 0.088281726554650228594922419103834837023683993349349679895796995438401933017560153522092693298661822859
