1.8981196330088516580960911671996762617172508340421300413243052945078977564208118324221507024547549999 0.10442063446593980486978526610146479394396364217146679061032828711572222026670422640777675228517781695 0.65919708288103208953212478149417456780978950671151945192198940385573208597457905205356064030630871376
1.2883729135330393662744093810009608732822743154483977852006164202296066131550069189893357810737347185 0.44815713996901950265936740014582616549523412985011074219237580041293763495798190018018999675210019812 0.45484102843468641419013201147130668267366691110399793373075772909705336731633369776557740121127278055
0.22229358792858318741098930964224884866467755727411292975248974095345261945261406304597051799811336091 0.13219547521333850051329564362803799601493302679499790852084842938488721351769855415700212104841318864 0.10329082906663253372306961962959489471879346548260005276343330007612099470143349288599056720321525626
0.47163049053615082944373411201938972669078154544744220061537077025521151510067954625074655961456654696 -0.27918647018209885751744435837271160997079812908947101825399502131259722149173614218853861664244558018 0.60896132962189460861739884972518174211823591114001653242105013990206835610399908279310979777555298337
0.14047979894636124623072064177261111627276022191300438895821576731781749836881320639241842999700572017 -0.65469549934570218320699248741320735095422091742048661657344560802406486294986349630120368241549940737 0.67497649601317699287762864591394621960923581972901993430422807479579161168437675233521981645108540778
-0.079983226524783195436224776397525279470546155749367929044295023571127550707052266101364033430766853516 -0.47135700602182359186492619578024138840256534361113511146954941378012040587168937719885115593120414535 0.6376801174913905394755320079315722047652242245869506951111513884407269611308566740867753022063751918
-0.31121377377745518796049244088542922824689873691855499689654580483002255484027529448715056774860402362 1.950389953783567827097769489607729228022187995232970012942878381530733519637817996044882711363318354 0.24327427835238103552099748111607497250603864968008179764086491327937149970362259753871752395129398017
-0.21289416853467207368601235051982095284529836040898072115508152452260361646099725964119306453859325644 0.32681908072009796693109535443467677203259304407502906117845608616244238777297526359596858073505608605 0.48929859905663583575722913439791978356405525262439539677899801249084782163523685195364396134051376598
0.26110770942701112399850380988273043987817641814474234533634566844072131067124103459314369858792202146 1.7051330054174947156560092687111469674548785323699613667018107777399913098601912620668195437169522957 0.43416999050544462751800094573452677570263124431040568161147033016297739055947818144115671378090733129
1.203708838878898493351620146015097497322522699953973863058780400512627472818441753882516586295012846 0.13444783286271611383011300823774676016183509278437083048229209690653287511498364623488737540325011561 0.13174579278743362217172174258346503101000887852124654335732822935684552200183076976385916088750943713
-0.80827324139060537263178279154860711966292397918643170082699705114355828130163010104358158832163439931 1.1141708338266936401857685743430944726652284033388403760538017543754930737302680778103928654137450449 0.052430867649397267560623570180833079475903071255332806605973014036020873500672229173741122004930482854
-0.77994856726396231453639908310129795006640178809891168823834818762959326164964867555050364340663712338 1.4269621451178990673679905646103683049881992917510704441934828711598580880859048385370716582307080493 0.054840515437095844673051501483155725170748884075193575531000285254675666262664358727354247918751779389
-1.5180106954948287870616010591710469551808103132929793742567645947951492130370826648256281228608172621 -0.59879741609596018355890583678181161942523068919435001335628394148607745817364107502175520498997603839 0.059967175019349928301080440295976306184331845946181039780502590592247172723826891009302848476694540338
-0.84250770493642558092171349753731582995644740297577431209136571236618455838147173815818000953251943046 -0.28523688666563082887564318127503590080834861270838196055019968525973932534347392916362232120441628319 0.23722556467557797233021963288962385263055945361656158462488526261888661097259040344683588681428779625
-0.32747346104760623622137540715880104965261124213879184329614569998187005573668392806387241709324439583 -0.33111336629313869542713831700877755166105997068793541427474249590170818815045169979004337632774645326 0.094511337845173355583417154595532858214871712716928642690053276607427539868899011397331323466582956171
0.98681680630551725407946940960877155008427707898224483761699149054075806574342254875933275407785246393 0.67289134604013397829546976328491380710734146701694849280516481217412365729168916530124098003470792302 0.33717548542420331764445105169791359414898744584042761556747722426104373919490874633360417073986896564
0.74847085364051431562032099427596886614413797270119418483638893417680556474082397098289016858360874573 0.46215415654466208917794658757016499084330610190244722347837248022516661660105018345297592622300512949 0.58134359050923007109376682154355397725813408098645436878943687574677231123545567609933506724019613041
1.8145269632241864657337759626264704356564920618267036399478781703395866740600397145311896401762881637 -0.41086351427227094821317788217937792477042239809274971209147620768078232092190851437146471194586859503 0.37541423477872024889426041051207168354745034801126852220704275842353847368705387665706255463259959405
