0.0015251753164061005516317528906379179161023037219993823437150806310882836998395529451470370804032103119 1.6959930074121979783514193208674512446595459001957822201051625351925612221722782459366181757299508534 0.35243869940696107755095688263102750217370066879171661167751902848471898239444819994128063392690362148
0.95080293966156383326175979881514232672605929855449801142537064157741204360410955829582234826623373256 -0.96765293254590830908013329440990969106597678686836514226725872746750410659093377357429702010769424886 0.45341439342637139361987646279237790978539502427853591772446043312303801907923128932415596204902662925
-0.36530754054496207480696990963087533461511780748199158267320387641382597673437888511912192840436893529 -0.0046478932015963731583572352417429036208682196439342612228855006496376904147661380146401723865710996748 0.043051857496748921971551831351140543265147416234345001255068561337647794671585814430664629058127212512
-1.5580244757091623255041885587521501791074662787275156994542181907936555735182066076826948722901852743 0.82336426581927668282610282757046407203559305383677621812075678609734548589033961063705022402702361795 0.12070900940326160787127663367176576098678449558571299733251932160990632364657602446712117536848699618
-0.67706026208853517319003199756239622835608240768702745520875194075534724970151584390499607882763601485 1.6420225336379606194648647378671112307566142381610892094776330273155281237709779278997730663014562138 0.60152068767870041144901344219025869347186566917591505429836120739937741185680474414032339240844442398
-1.4030952019610986773396341016329980996435349845494604476455094807803898464431685163558260056198716914 0.90043499485527854943469214409897074296405014215942607612477031272679005537547180510966424015060206093 0.4647337959016631023200202947900006767513891664488435009844762469001552362193202810661944572687393051
-0.56546593244376132402368023488039165246153926480643313040771870275903954626357095747348095983672865388 1.1693059436873015418943828211209370627788837307855363456081303585590143320063886437123073799341025147 0.57321660357068486859812261719681393603325329664451124342044863238634091110196349893078668624294242796
-1.7011243879139611180104049222105902542878292029860089495673313530960286003040083553175678567663733521 -0.97891358861974538718417402855578842042698212093843363980472535185674667150587706808897782511271201022 0.16227612474462373545324567459685213813151248735284855612582273927090470104158186613422135819918308184
-0.80577327789481354100307036939975468105491270598121254169236109542265749671523893803898433748833026024 -1.0961869555421741383431201944617140044438530191285196364676356871019313387585619088627049806166366541 0.37654580922910782599582723428376430410675165752359265242840570749207841679782554555271930055874902527
0.7316997607099781852688775433343879214901199991646816866290422683806291348706976423940345484392299485 -0.90721106147103829359860504382167503828906367138969888686788561990841901669625797585465429925730884429 0.065968316480395626974854327387862877606085582611510199450005560316183306393073388049956063904141332187
1.2302125805436489167251672138079439501438457318130768510026666346457369081275186289314291089229752752 -1.2191293507901420736898400137142918863036565941904708887149147233881552045017051554191864845440347538 0.26440373106363538871791598315647358553823422672128137867943224142682768401469975798206282264409143612
-0.3576090738533141971083708553769154990486700584403670986406306127099276143429837156482843204443397319 0.52614245039394722399969722031580283751445441366897152591204175051704441581252261844432080347288279736 0.69143872405639687087964187776807939669797137721102867208674816166374764424513622950705300536637885801
-1.3178584614421366667876090050927860755373814967963480462992356007124501789032194037252146445241088549 -0.32453802589196974131906598577361695949898902251745172179778218764159348188527136513457454428300572237 0.011858323354217410503886042956034888233736598243947519595382194561952135455698839627488460005663505343
-0.040957110808773858435490871741148354335048930206911410994990901432296348171996621765255027451370617648 0.0042430530223119515346800331391736326769355419361746881580755479249354830630357498498247933452616845037 0.22774150380328121766744609986980063068439948845749161503767284341186738997785908208019484969967720942
-0.56468511083085388403732857866253598115966245889604073680917196545007462944094105324434642811192991707 -0.30221131013644002571362899568930824630566982224970097233738508463746970542780499910837848599441144275 0.48119805142654880192007939253974228557156744297642509193803625041200046909455203238314095739125421476
0.73558766200522533637718821322095716627602338404964300646880780278773137682430589959280357771244224615 0.42347036707272144643647251432125701288242474540058374658392240873290064111813883516952006333086181364 0.30584406353553226032144474972173504918671267422388193217723963567972019971849542534287063713897767193
-0.069495049215853876284499224652260606126374266750956954773023532832868265719358925655576358706009122739 -0.17852904430341633320457638553000165915200761036948681038535170487141232834575138801413460799142400736 0.044381831071759414793979390958278768737402380740557189418273301700919590739418282238038833028531426306
-0.086403246357407305311462714410677993499763044478278005878665613613828061932525546006723715670193224859 -0.020463248530399083252084496688108221290447770344055127991675633720546564623184168691400740401329028168 0.65463204872705111102281322697312755623713170030086584156663169119461316242112422421477069038188485435
