1.4103014240580634722850894017385971686938995978963887558424972342259907824365815833624736547735798126 -0.90981047169160669995473888395722999529919905272824260128301053614754113902518237311747652251099372945 0.46217573402945393854659400168706910630055401806578084334769444549141825117720256878229397365364744349
0.091640923002048838463025891380889420912615177166949213442390524736323058811652302776764451965352634074 0.035914495309647435054874819421765829049377800064014458762749669791945627284324408454521520823688355865 0.10717108904979494952013746529959004948827610608007797463601460803316981027298753613842265109125103106
0.49178392508457875289168473322588475548986992231465077197874883728442634140402381656457848988091471512 1.2259490777974551686769638530098570978250891927615551583222775152069425056236172134317287963466988809 0.21033593467871164773785446059743769507652670572946071840872255050935418262207114661464983570616630972
0.28373412607126434665180686848496597015472772105340867074741564735729619559662679884583516806107005365 0.77689528144168406861754162346038605477020762089852662760284895327781873003227256920914876195495445059 0.40456861934326299096563304914580498402522023029093573996194643274026366778107972950236036770412748575
1.1447675538625456650718829091051201808798057057962200464053691379589774642103188406222054915839879939 1.2338037901478123031125316644236478472217155326483018332063298645576083973938611388466750120362235925 0.20732762311024089497079316955546028482957108808565578710320644107892653188292497560827301654878546846
1.6066748667468927548537652726233868854123125248505127176982756387540671123717829388075165515155628851 0.26863605538448666199508749277836106525696481124136357606134571144912532308401709582739800283472121248 0.10857352740962955218926806960904913989572318574892785628270163321820624283072664931165344779326885757
0.90728107622048137646611159489093232195857939661735281350947271070212008379384152594922895930428035134 -1.6214015127355432866902195283953670860399188501238608637644739827834115844316966243863408074079891638 0.24928200072882524959440373782974458023285833159847929848040452681346417859203888889858625692781028597
-0.67982464154520515320455753072101956542913213715305140441151683792211993457116656412954847281790524235 0.0758071351535845022755556392449455648115615103545782210995616098950045859392092929541897478833840698 0.27957453841285114465968335234001211272649593746263408985538357422857493037336243154938990389425134206
0.46387633876543262017718504633989939383832386219062310133624675102763519751922171225706671999404431098 0.48044104675750537212964169898833183551372107234147952297495514788673942055327803831467004155934132416 0.60002099225621909051402820865308460425065333376722246748472102451396400112842186523828993027963418651
0.053245664885866704357852796085616347920866105026847306045619678954967459656192999214404052113630526571 0.82358318467766812222364281449939889965669495240050946151683687261023959375463332091617388654783316069 0.030823641355529950437500254267349128707972801669070688848786802119964757266915888599171419957817623626
-0.24984512572501106539995094586726242134213364893774136052990475219962938540543239345917663444908640356 0.22975859540198044178279967748618354956998072611452761436387492739047631366469386231792759803360172277 0.11977955125204197472127178213807937257929887843641574532651814435623907840999352233344368024577303728
0.36213011997807182429656443272843251202638735820905981882910823341021079071173826989715029923867516166 -0.84578157933458330978060252400258815008288060404782961113044226091497305223012610414821177673100151856 0.0074722464870137080558306571925704168838531665958484226502606759998390838372779817902958380401544987836
0.19492855192382663503558804912656876844567031181785057791477383271231110623222162109608724806126927503 -0.10420100276026094357671411377685182550249749057499796609845403683510993012681194360398846172255030001 0.1313036913865042405582231246292510741461927411554742694015818522046929710471963508791124031432906997
-0.23053022025563835977208703615324244073467239200898684067638899987094401548999215157783118542671258739 0.28766265188052773199532145962889995605519101521503127788175082742502836540212762873347378431899295771 0.076517561541352998334418039265447602370045278957601536732867951013028284704519087186086739507719623643
0.14722769464382669696851764477958693000864557445571101315683431692158569662520862310952998727045724534 0.13107903368431605288315808161468102377205726654069108098520480253655287142123736189854177681552752366 0.11187204005489073369077015977171522303534871600084182552433290022990200369735467950662436923454549073
-0.036330142403040802045986988776411752025283955495765214257722737477810024244998538372927886901487952429 0.0079438503475522691130868197452680750661775089072647014362641274351690532297205604214353874621177131134 0.2726942586583934492106999031420607520593427064634209216004457315540183560736519163574899621899806916
-1.8757923706025775072434438918538578371438653480731875094976172583699397135481503395959045067617981236 -0.56943602592470116943367879439002702984127276539094013002923997538345880370621472430280752380622604671 0.51797905246277595056527369744683858483044255099750577024906439500013252288898380467557950741175937652
1.1317248329965763946095205278551324867005104238234765845285670139571819593000635041482956372126311609 -1.5685141505096564642391801103435291142022158685319663822440761759201429877536745143585416718197849181 0.40420821885036084240033059393785468938926875566177023954695517953792473799328834706038745302579399231
