-0.15746701143012169473520971309600055192981464224547834691822840741092621436721522014330559836115637896 0.52787609283611841422481022223335798021721356914771566269521294578449384366804943217831350404887813487 0.68810369992950620360760565982260663229582436532332155469519153359243609456296089836790179392746418153
-0.27040027322820145823765522098391101864057850339399858987196392526754043189004185608501973630761249876 0.054070002103212166804177446909989218805244092623895452444825820726875929529594334669399684083971571332 0.66689650751397644561710664254820456119305653249132555052978639594073199162812307426731137516252425675
-0.30823251217956236449158199587602195248105544684211394324879587180456359861450182901788566133408088689 -0.14912291539007886255617326024785539504448812627841469781377050808793544133553678247800123402798253459 0.069524251235749640989315026779294586548125515753612443532929954041306007555624268817973259960509455043
0.17795400749681381020333054326712068005266814002577110594130586630766523931616003839088311913385157812 -0.60607099415909848331125655464994773055995884483444560010068047524618930192553893124057782916252894438 0.23747215523863861032206334775852893220800330342549703614437994798658667945581411870020831870578390938
0.039038956573718729978071970043784446967984438700762392199443911378667375176910914576219100407786236014 0.06010424043596916412600917387143264782543140119506373462263006793244174455824978907486673204008303439 0.28079228734021595319708356303392974349473879844014456630516617149796002906927014076005123133136122683
-0.32559181380070865478681819020472841794201965926973991206981149618347928351738881477724137322200708771 -0.93625782425519331336219402796190685053717390867472611640498205156710579908982225688600935051104409346 0.26567801999361901934922849742538689525906885927522035968783430496036947795582024417628862937229738974
-0.79527173068532342922453206928859649944228254864452785807618543227872835154600948378768414352810549992 1.1098701442295458641754634142234386472877283671107977719113571744383562024639342343548450042268740487 0.67905477834390509038024655748211200223151627428459689717937634148135202452574510924192858457573193944
-0.43883361721370206105244366640945623314828692842199441275518180822710085936468140888852264005024033298 -0.6038864139188254811491234466108964391562045365236880651060781877751007133017718101633062138558237977 0.089250858333040368266585920655653625761827243986295862632392760393502947182584458907022397431298396663
0.6243550333384949875052840272028289967680928857872640736140887865506908370943593080788427595113689524 -1.5202546411002133640208126186805726605015525706276460164630565080325288569850703071922763205293531861 0.016293668630087673502801139931707068099980650639006117683010883657380118681580533918942951034814281056
-0.1369866256402859508792742082057218612771772923831563293309109118386806702543751160308612003835682037 -0.84824247790963976684033584254943405101447081625673712592201544829246761931655142417257067006902816704 0.25663007153418146562210552811007603147026460957457805437927062195820361071789669616696847360995652518
0.20785740601060631490451980422223312587812362934299389690391824729512214139057773574749736654625004313 1.9333260904482782341037664059797577982167379113032359792282704840881053850583091323732152788784475157 0.48603163397960438844404456298491378275772724217253657275087343497917406490240679086676498717908009692
0.88200052689401799317521353512261568227050157179361849463432700447514421420417473584663093774704945383 1.1466724145999209684355620771870732832456834602731568941631370712438885235904261384593658256446840871 0.51185391257418301462980094033184766952540473677145551193067156427852428280074586226338421852483758544
1.3610091569613999984404792473448436507245821109445254341366460715249782413586693143084242900991919032 0.44009597881559659658283081735816006033611708099858647789214531953744776930557310648036321179976667211 0.17833028628311834006729809722627109222103533876195891441919363919142796323445898720041999815935908995
-0.17964341179953613615196154731736339248541570804924582862647227169430013515299717404212108167962950911 0.45104619373732823735873278698005640584787242839905241457766662958460424908927291459020383723214870144 0.11812253292001127168868172737316557210519751439157117605344892224335910873203107305622457887168546707
-0.81726664804489702871448693041804180339978814939658130079474098472798062453346348809661291954440038019 -0.02504302532150729554660979073548734684153250589010555010672648125372976769168807332910660033485801391 0.61256446175588870183835932049566735825228519905116132902882157453745873992363219108505036499633877815
-1.3385166567232093298584154964738847383122477341169284994842492257638705726554739108374412098381091521 0.11348781797624525307401181412835926259709700174840418609284881647436376224618544587654962211747879289 0.37132777542727768278082845510520278783613817782545239588639367162091922192325243589562953182514648371
-0.51045964303806136001971721092560777208948804226193131401985605953796812400172139271284860218249430071 1.3133744861988551481724615868381061512075493195406195221419150697038231843501862783775719658597796696 0.27712725395654179749534128052885197618593564154107671724085421735457925822648741218861648878254486974
-0.44012296630114633845303787744182618955294733479774547356119610856972871135722133529684544974444041118 -1.8655534170650947923446021014661109812560409325166123945737238002708041186831059280649199481759434985 0.025436656505960754166606839187394850378519321952302334863124419919013461260717292542347018452437495541
