1.2779123026338186941670774213118483878032082006639017750157627222355036917818565502349306130004605753 -0.41870249695875887839130079163328765943580190187915606795038109472522279833429587813792263275778251429 0.2015299604986156460459351892526611707064293512573202945392467126796203099325802047126125722262335192
0.55438444090788381732564393913736386208299241290456616010685927617299027215536794139705502295710353439 -0.35353863874197810874401841068260208186533243619970782829103105279907129305122368956232087946224097967 0.64394121798795409189496779491699896833427732051226526742344955738510125167967651624448825195370141124
0.020536197190884913960977618760367320028529485534456114696018232176605782285536811480404946780127393319 1.3148408654439811726790217578591092660144755842694049109354070773172900949894760370617298041098193547 0.065044778394386719718933284690232852661039544892784327258439519334501369764355475201586016214590988205
-0.20337605569205979102214869480319354137199729673533983499869499929341372209373787155332034294054624413 -0.1804325556663573481085395811130236272357298422410881501515455626979111260645266408298324685510578184 0.12000716843211146299288473877209146992154704490159997586821723279489125785322925757037412395812881034
-1.0740089338909162711454563369015472208862625437989669934079018717897768133419024128907428452771879866 -1.4477907184478508708492897441174976111956448758631096420364072810113558312330797582190862956403987 0.19232089112998053025530936469164326752830378116389729808317971697412367347696351698111228566364150955
-0.82507169274926399331212809758630467037748474039518942270979160785030587638912748754100380213023396486 1.1894279999195069762341132947697740893029001926873092408084899542446628585604780523354755702399595568 0.13624193588877924831221319328434974788035127956856114328061127444244037807356365921593119981195537065
-0.95017669893185541728972000926973769273205954292644284590886961867283260895015947993349034040567145739 -1.2783756108470127158504928116916338706408689287816018319803831466608453029613659557661932221253379487 0.55224148553054079064812525298236858479866044779654630011021937782283143532108129814401530406898545708
-0.032460352404585224468978437404020028217912598542092973006753516816080041084985609069760839210641597069 -0.16025154332645301104833672820662218303739095618675623999151976620365936427821049227178064288834149579 0.47623806054229835505844828269499832002656601877839173637059075387151296988556746776580617903081539671
0.01516081419360932923344442886171275966328359386847809553008125275283839191061643441830587409764386224 -0.0044053318488079308983486705241478104182070558521880594010920277722115985505786130265348199830844592937 0.072749492372843531109221607150929504149048044395656499366182962767944734861594073127954234709186180769
0.10734193522601651967106580090700938437442261358125454418817197753945957122586107943564830374304636704 1.3394944014127806601017501367757976555837262461865162556408151894951635121820548266685021555288349232 0.054450633073897726965809066530630241097850933604679384721774254607208115039145193002465213210297382939
0.86893338841145853215177418421512998264253630328318522224773384990411724491070332359314404549054918716 -0.10235797046850119547477596532687601752201566549491420667832352539849369115436998910025778010960153744 0.44444176894172584756994107469179932376563570325133168720858492768092075132717459604832282734903755492
-0.13886060055722044692912425903999174146201291707847384198996466805243678016653725430924018239727001916 -0.28375300524723458292355816074677117967711900444958910702275280632587930144461973717132493143998921089 0.12651034308522061854288490147446396470682129820104282618934259816896081185166190440406972670570754866
1.1145342462230266686965988228430702179787278329410545832403604549064865566122229362346191144087596204 -0.85432251359543112939723507342301174925603688974384535182249377465905006155829193965230554152545842758 0.54337949177263471459688751033069593499570031685633372209601666304425215855370971932805672736989833558
1.7434962652721880991069782956039537629561757892411101187555201598827518248562445202157442798272263388 -0.42767782649606582135432277151929997214010791634472377804684811242018270312771951624439212476543848043 0.47654233035063091097031666082896154106193302890531211855330240807298753813856574907859711012345273119
0.39674843298016051751349118350680019461620920231549339676546950068864727353028933457234232309389860827 1.1948196852602143224210313739866177084160730507826754622414652429317604887509204332591824243452942891 0.11435266876527350293510797497219287679522934239916892573660779155740818345942463654943234057150773204
0.41301117664368306101479961629784912940096579954191907717199203182326478667521606487313933606955131784 -0.95931474768989379373149619338454848781429100051160012751786841422282671072783466082878704041375038242 0.19934516590264061610282088741483585971102080113030835944894506644633863474702171731448989645758893617
-0.70779396503321017620937057389796900486912919695157931064294980143738696915160762442007933580443520646 0.36604594553804017471171353095641767474371656751069867334402826466972964292532229497037191330643312131 0.46466448309728652517393391010014374120703767478405586057622661839672534151219647970188723990750636617
0.88354698347103744850324562036306062312844840904768604538608692700238234474993738128249944658754756234 -0.09036470270862577923696885367354748018306064061938990793870851684021348578905399174404450814424942824 0.63924819202785712539449698316241427799164862606844438164788920229955676072579935462531202833974665695
