1.6946371106316367341363718396235803611763008577361527840536348586681815442290713114736020788502190673 -0.81246751543981719679179138260831025616197040238063409816713160458091628634897854923321038739812983142 0.00093289704498231483634525657218117968818743788351472138507696472612264106544775652025421430893732540761
-0.84190639655263531111399585354857369146676901573789470616523544135208828147779595880257019553707721595 1.0857675423222751583980840973273493448884292964782515213892387589190002258793204088866765165624483678 0.35888295760546922027677687061449144164715183680817487622463699285990901326379962976022882914274651765
-1.5349676514731613618264859057432192862720877853227975034178419131612752662106113507597887297329175891 -1.0353026875721054417192408392752922057343713679374009940791237760898757428198468438177562167800094087 0.6121305680713280889760578408096308915051861628841731397091664914915483975386212128420573795218274308
-0.64282488649066122329886513842085368322525175623841424206795125024365158618262558739197927937506844309 0.833050316489306305938377149169623471424242036796730761477128204885736194172193314111325565522601225 0.62471359066892953926222970405531775378707075860646702665489494643551331012860304186577232151466326436
-0.18875351416751723477956000981930822760222001309809449503461843697875501987450607799210854605792367237 0.39392623730990209156358132593584071834539440407709597177942853988376729967908268009828350628258984953 0.34143542105008669404208632909784609308983887075982050518827125062914030459522540419761194545777030141
-0.036496396603217222867556322136092122336648283968726236461235744517833714484182400108172451173508652873 -0.032365194737687722694402493038138762724208148900106864825972470009581928145623103074510088062204954762 0.53114537225776357272287556719526270778849407694251970933795469116984320386840877340371136254823489574
0.15909340848748736713402302563313431549966481715806162478008228013927015001161374172737881477875201708 0.73804196314252628383096818534589902681096327733199220687482161137281762565567664408776995597354202492 0.43561231669832805518547149002244884879178094717698878480325657370154264874524535185244795955538457218
0.049047850783218618369978145236371610993119837056152163016094616724023481461420111567318867963262452497 0.27010724641178540592957304157562017247168025769296850065856813202885336749933067982827204131774069355 0.14613899100482918358958909051150177031366113996692926907493180572556991025045555417110115566765527388
-0.79463124772806904341610861931796553641630530603929493426414599601015536548367246999297977513611305237 -0.94487786086036833469038079207628008087345885961013142689809047070568939471961310461383126228562795843 0.16665866852084974582912028176738316241804081698029961593049873885633135217982136999417499037705606593
-1.1021105712709658139496952618008770225688316856970590266921868945166001470509150476282581335233088129 -0.96937548444424766040937891109135294784651476480972942876660659510505505356284208134545408995588982583 0.14059838995567709377944829729470694674508641366225443144652358925092285340058956301604793740092698575
0.48007738164368365500627268015448846645346899060224459939567534737701922184505416847526718539806022574 -1.282095169255692652143787507789829066227256728692825578097089484466287175333495650442690502594214431 0.58830608653464450108888000491354794404827035426561058320859420401281473332614770403895993549055693555
1.0887632472375568788343796073659158350032732515458643370242042229237515548765951918472817470761646933 -0.16149802636785598919953974356190109712064364863351303098533369986272303215240967609454769693918649333 0.39129078474970661674434721578198629661347481015460819826603605532832492494018625179202577877227599045
-1.7735864162144772556536224227066884377811534246910863515060354764117194899272830559250664085100220179 0.39528097880180151843048862584891748058188645704913846175668167691393127473851186088636592725415115694 0.5148552405961162536822258884893418726256607816805935967859630843496106210987876555995381831059850753
0.43031313001672026261926052125713450261679925196076281554314313407146453122576777862005183197659155251 0.12850845994186072660240091806203894599954574511495767992505643512381442242872505438847723836753749221 0.55315104836073573626046505561010256790729342658297228991715986619945520223039583550078437861202923735
-0.60264597918305107337983443351206941099222302410824508767613318939969515661982179282850553272751188312 0.22461283337874854910160612909073223925914929400853238732193978394286676798475120637284778179469740269 0.10004649280148333114153735277714724480734381597248095157433601167558348639045959001914527752323816449
-0.72572409124780427070465689869454314836303037190874681600527409054537985491832857972177150095228342358 -0.24505437288820932121062340965018733517666053215145123707286148413492764354250755975845933812794903148 0.3722348118354668604907356908994182484915275685925005450783748797978903995588093780780881349053667078
0.43356753889577802899354429889023157819892517629813311343848557531002207999310419981046683050455350894 0.33474451466593534395029003768629468155860242184385495416875210576308520615870706223288416079892803158 0.1277376194978768426113898758521143254657558922164477151524078520433282516341393867511727914702315008
-1.4658758713952003118072849060242736800551583869000758438649518058626784821641528453070690241680178381 0.61405896365195952999172859641259100926001421801710047314610585682912188500309905373332346315170894449 0.62071275683482402760978088245998559816611923403413088698568579853807725407981919036381515789626851796
