-0.012478973930915719497087380314816264210623231060605545453218572994321533099341886755615909206442536559 -0.94940047015503454189333808721248211667730766840821123211705807671971020008661545446155949391225606658 0.045687573056303250974327350365159059074440979714070760968522125002596320232266628289588793586270513369
0.019980279304671308357520191010373354906566232189552588766236827023705585484474572353095536535601706974 -1.7859911355655151260498217651997592013657207380302892944184877247820920658707733545255731507547233563 0.042986502246580648085856899779762008510792165613636347620418686576161941682171067883403326726382383217
0.023926982839663448545380924368378203771475905458211640001873161463182694023362382366742931749479887419 0.22391533700656445070944298002525869411069130915497245111684996791433125654019701382669402276565191725 0.37549680960365137283426049203722548389299571535194940483965089800251508670765127275378403966099806988
-0.34995253581829476995791374832556956898905486666229744427833037939539039550458488564168029293030800972 0.050476857488026369997995029558053137053072006811159329397814497619701997461938343930088128093486390026 0.27628628215250935363450503546043232173859065183003697262817866647687975478484006888513205938620805495
-0.68113185755852592261454476209374476989023085454304638904327359905915355878282458763191654103762532419 -0.17997282476579188043475608758663028096720746889817773963318872820636812595345984604884401273029186564 0.60923677508575646873073564072674850333137877434667147281189344417233703857408540715789880313447664753
-0.36860032849033005562200193991635579490475213501017724496567675394509790108706027409257094349451001853 -0.93413188480334404283011919199490481597201361712544716203208290776797065108745153250714839924097490355 0.38736516710159490289145272894523244693022329732230908813955158714712159133618475635921249686470048333
-0.15676520687692095794050958383352833563719055504021678295488717855391952353991056205767608740099531753 0.063802078127998070446469337109873882941261235285476962274143864279984854086071475665069933572252346876 0.26019283023163593674592352387508900369145043615289553901034726887722133751328637642149141565580701411
1.3906556836530348590744624322016738742894256440862711864684455969741694258452693329681377157565950619 0.0023651181026506103102420710245411507079481920967262599670709382317268948053003528934846827912703043693 0.13139233933788401918845030478915254674566292543793975333518792374999128673895611425297501711963714879
-0.044634496897831707371768239376898741389953229248088918026918334760105514365103602693031839715672188618 -1.626058677577170083307554417608819768527791290234227236028310430528863704199584173813341471382617531 0.049218669191969015837467673430021870662802676128086830166750646549058115502270284995620489106437372338
-0.49509742214937836023818284516762839117239501316212364028248761213256480982812656077039428019778030374 0.1295863116218477015406449771143851121692791736488542049514948624046626673668632709320352897592927014 0.30305357845775706711787990581867763562695064385900641908299997680370477035461455245650299783780595498
-0.97765655030779523837742943380946534120408707136208959464456714905853112080670256949026232164805295986 -0.43598198238904905292169881934934402663117431290170095207554959463725379086502052881228089456122211977 0.1965825874794330018842232458585534929120659562369356747178167515403274205359307666314605716790775982
-0.24059898520800292194087320031115277717855378399816149570974741952695419840040318268251958811037597137 0.51875867753144522233097537504300842258891183874981398944857533483701266259921193106719793256549002484 0.53312251589644877582414167453898473764934107369792075076103614636560622829476577187497806355220343083
1.0153421675502527127654194329776668527933156809034789103817720897535359202730979831464650014299701541 0.57129592568612696355480168315735764264015237333209405903271952463543948061203917360018193019489447743 0.032331942566804476055169699111625051906663865973825674233813847305018788372204634152188937770921413461
0.24065315196035066782917418598932642835724500978950737267789670697282257774539210709402809435860833399 -0.3599835618825365257096755023711196882512295632353146309694057285516062588733408508898159086853632336 0.51566725146034751668227600561547157398763638711707336088520307973392232001196574333239417342382538035
-0.11528645325519635491868130513600517993668782662687157372392435261496800117485946183976285589263832759 -0.15921630354638763671612135228140935957832276035972626984698494397834311428408860202240833630376127182 0.065526376120321506487107986717391430869895702718458376618394094204361920480261825890113853376004639421
0.81414474121407233561238402567781992778119153209823650795670146848296770497298710849803636172145508444 -0.014819235278189065909178537190036741446982824203341556642655412515171841993071352875232791169646479932 0.20276473521545578768874710344620328555014204867803811087064793434371459556362940279803622459256936834
-0.36034005001934802781251195702132901262943157656444091302262448233368820201132007293064996821475930818 -0.32136911628557887343120071753858769385617786116566026116178002005692892471045829767108663207143584256 0.11163143408783639211494163073195713865789948911378477244354686478719729196890600330580533257687834005
0.11192682464089051646100282054401189197815997606715861750410557472171186169793036219249795552715008257 -0.060952753867326313412170104840312787365928961296827905272001750824605366769327781514627330560382484596 0.14248526338286789221297991323633847610783253156906820069019682130716369632121891637560430185970550199
