1.1640268137218036141458360636565689205641865394788334098433658130426318063261683275558207284688094067 0.33356286946296075506178821502786702753577340195388842867586662783739563526314126006726549013726141715 0.63127986550943521398236244148175068268842573549155840821946568490709377315717591354708376162255139389
-0.20300538174279590401114398270644408274458897921334229874746525691576599039039447708660823448878643792 1.4193278585538401254359712429741395917760559033569183362295418788245379966968493929568384657828499625 0.47538148504745101293533447401109070983303738808089251015122249894771905296375460366736681280628459911
1.4567057714856844864563875237943309876538997619985324685407018380382176485752373798859782903415595997 -1.0344181165925621203709628327361791072592600960843252633320047286729895699179905361519793798592888954 0.29097822254662138566418587223900186180445785126592338533391277140512119912339529880029427620231923367
0.22168046924423994458651823043070920572700093063621088757491296842863198383197259566116301793420380263 0.0027912613088101726040101973773121831025925286419105788311119837259294057729158524339025423531104657448 0.14792546541017996626002429994617067791444861968548963970445351050243372645234516496385620705518278754
1.4018643267123463470137225870283626543588482829275765169889959303389917491803957081988197632558389842 0.02699501408167901230817768716382853106182317724229963650729779903191704738725797890402085307844331011 0.53078284580690425414371310871571559137508904758456676129614587749368436627785603005113589175235257336
-1.7352824663140074253673931918900079523364016837293985181374163422268384709798562640327978769363179717 0.7122427716142890572524834006809374350770610428528965913490685998567735435882845674173644472959575444 0.48866316809701106319873002657883350474594415560731268447269365752902091876101205881669675055797959472
-1.2692178403014261283359585594647411087339149258816351932980467191888936584251047990160695600150631229 0.84395710615802760263220611081677314011156747845832395659554491034474520614870597580663212805905534139 0.12776361141285769084363959141650077958646764126757526460694401417927136657440683087151536567048163677
-0.28264711592060424441195011610515677911993739000506385990493995323807070908566503704760967598017282333 -0.59168913193658832118274617038020445894738104499411993209596440279702479097238800594138467497141935216 0.2323336488987611537868271845806097866837474161066089688601481294818427191345199749121621631441920046
0.48771909962223175262864060334992335470005006081445894141526420675194680863549673724695006318382710658 -0.039455439144828567399199522761742005015759690632341274003096431298064495919727472453294808313418038233 0.0064898615393157515810727571786068109865333163838394212080436335949873155026747067844966480173354395616
0.0074158290562604663154865692762337652806069715498544125678580448597608382428163079907532266152699142611 0.49008739350092015264425957519074782636473128683430882961008318952498139760885178553062353555331389113 0.061544194102702371920930627442088279507702540656189717321946916164451359976522053147533220376226799998
0.47825595814218634515838332432071162346693284292212903662927333537891189296192899652820323269387220504 1.1432038795763324914349289051261165808964044660780861049176088836466552255795444296910741251313988676 0.36722469005749242178343244645180601289557547283351607712907571907712621336478518852497762046011830843
1.4327674558980858913449843485204840159241476624566585716519531672376880184399451175537797813116573517 1.0517420352517531364348467649631725514710496025909940365482992681007554539868414750868178923515533472 0.42869401417687137908499669811185993450111102488911224761521201924115286132063503376503527179817956063
-1.5209679154279555669271769084430086818641536841077584392264308352866526842419749494652914117449175926 0.66254570747094345915803487822501233572547786565324046850375813929460271268964657780103617470790950484 0.55862181571985668926832196479096349735043723330038455144455636315830005569002249551382717026255631395
-0.48655796192768088605593296719364142924236920005066922915167048569756417495039743313513150604628737143 0.51558101678094658192290237721436287757242507524268198833694478807124119353820000480184646690828383045 0.26344486184267617756433339474611260193209363515345839640503085014370591439130262641012893111255941725
-0.64900221254463544997138312699876729532494827293740453884673405879234917204671232929831619424856335901 1.0842059626157143223437486711490618225916499669936667574628133451090788836696936530272487329365124993 0.46365383597603379357855416861581037490550895049147452825573814949314106801913109529458369399338828768
-0.16963385176354091436443030731813957274395169014963815824208250387108337187057105090835251200793467262 0.26694615245694579314105516258543733524710852202118194119533484541960556717679011931160277280857466987 0.17855022855115639077790450402215532313010279099925505790348751470214655968340776556205429663208461311
0.016030071807395413916943223698501309514947396926590257642550046660677558583039601776338284820920250488 1.5205932964266355933413832471251613772291692881648015743492070762729308958344074146494403080015227153 0.24281719021247100304540094989180472550500586130015396445630495329602489347043557715022760635973061072
-0.60012278473580588571713286002560516077231098988297521503099418297652044726752495319240863571301022896 1.8971282215168111733838195244025533855741057870412580299564646656560479487678031107031967770302023736 0.32479853647860198740523343574286533121763820303971844678842612580714284739857496416200156800379107572
