-1.5903749265076006007264692032823446519879157380955578594145988537145111465194073057212907103971749941 -0.22045766809881492389172501166240103143285381677181846225481990552305262213775296114047668630676858414 0.63678532333527906473164348512474386591774952480327864726737147424110567102250932867119188202513961774
-0.25797236490813499328764480455365557670062459967292012721784358504529622244930935751611930451723577251 0.33204657428563522999602441484638592805918320309082157067609690865453510366031799126684024112951008477 0.4556051466318086387911357505285091764267203358057425352158681223468893238680519541878531980453205299
-0.51874629939271392413056564862574245631452747830943777186728535167745840198873067907593731692703681763 -1.5042371287405346757420173220238214996209894985738042043337240969078940170391482765167392730253833284 0.064281080529003238739692624650372571326504324350550370829735204179145947686703952018734507996387360039
-1.4000886783787286657200258633723301474168653153159346572576472037739833179566785324086068256790972964 -1.0580289602132444348041546743955712828473086742182613014550545207823621716739526403664673827028178883 0.51995594172251755118015772853295908269395329200408877371979833769920956901741253066181314721058645142
-0.077891517111514448959851559177019456814559041757242821111348444888954463414975614291220264424711792867 -0.86152926172047350601642785076211901006684660953922833840823765325995962936418002435070852714455881222 0.11203800580986176108785640853899959748323211943600167147720719123368295513151799066339138813851005494
-0.67793020913699453986556942955104255777199926905686963999733454856613225809258154005072263526345342383 -0.24993269293268029568563298177843522446682580323372580395726569967307745059810637478599253272930744253 0.42813624633595630419748449867082590811851534816731238707951547369863194867756962312359855711536541233
-0.098926000173408137633109914126283603996380252436800885989027674643232353998789469822413337850463432195 0.12554341668418300374326260560385288724949212175541923379651518239420672709065615864242888478916495396 0.67101736184985539289245978623838381475054629694601678282094430472740579011608748248522370442506995088
1.1041666930587286453676739685580847851289407810695082446543311120038913687677542935111696914934986156 1.4428410476867852880151207572987797646168665293300898360222636870433909376281618061327735018288587274 0.40721325048253169648158483392386580460130626379410852601253767962781602191867164572222311300354472194
-0.049210719522226604489195255379696848811329808034462746682595886737940753440774833243912152408961041044 0.55916057526348318837105169955772734746692240169615479623455781659791187025011640213694566984181174247 0.056343138229548717044769280343694348648514188788555004011114878664136466112276972528613022146127497842
0.50405421573279424032651524842730009221079234174742731947603094802121248863947108296547317303940238291 -0.74246460351724664441647106723283619937243897085210813359549940266012429114954713495578467587913205957 0.49897265283545418493189134304920348070536472206407287293559002952390070609348533512533548187522243208
1.7203986282914261167637169900832355407949125038452782871564909524339145767067298637342268645924161166 0.16256695420562858799507832436855784701083966567002955153162659774318666922197223224799617368542215485 0.48193102015613622524406735705504913153317198582463451649682023533607352754207806903912885309988315226
-0.12660898587045531485498861403813433899526085241709926959824772011681574166993481526045773211329983857 1.5622757452116059157554418208656966583989754841654067024633526184481314616430881583798285994216778264 0.55574713537097255720917743311103193339493782203968117692674808918154469208472526158625186581303622999
1.2591851396451300593816180999874431196652825970732330924988428655062920706500226734638972538196708595 -0.23390960382221962094718454780042928016169237200209707375746205218098278682401178201783615635255893824 0.2421542343677593428533788241044808151694459681316550571560276505447209103613770079265237523848653812
0.33789321351786554034711269653747707773243306801083111667748696760033331113357660916997677660044258355 -0.62311390138593879181468601426068571852113481967221958263893981240798568574505886308409412431504966337 0.54024143018066967426077429290639646005425449874370307810244254319176887816543983183466697759445247226
0.35230423954112800674811159325428253351945508105560368863306053037319037938678779758928385532533671114 1.8702917570025794222495683173393404700136283181439312612066230267424576064114872251133209342112415017 0.19702797774659689447682026074753833804482808522074184734050421270067738064661421177100978155051449685
-0.015912395474140003451334329566344883206213188835335397132212322031555897747072032182823216740909816101 0.042825471203296145936535680811782985486686005404943402352002041668668612590398195013181713788017024651 0.60031135177965267647723435691139112590722286166239454644853127944779334480261360105453944369524744477
0.048539033555457871296143594889331525628527356759704504437692633342458642982577277778652058999425868504 -0.15520069250899045949359683339805029613650568312081142484750599721418222476040845129455061909072017242 0.56940614940668171968035300015181959877593472161562448152744113493581547308877704958035742166917648288
0.75427845699630422436375448846365739111186599260472797242605106495497330722561525361452140522438318239 -1.7607181450708238695869685041424715136084076625286440907614703684228515646311061403901150971640892605 0.39411989544872908760560578473721599351693461556427724110049730459239015177539359471454126852908496101
