0.010625016073514923786327199019414167449182969615181399506203478094461722077634487200276593527292737143 -0.096062658741723341183256843239759504444348083027023868135398983366382093822659379538738100271642664204 0.5849802072110710127339452932897449560954281887536938929739001278010930965095921227549242860849720755
0.10975456102961618758346743952616022090052290031228812402521700617741759858998354475704652060584085083 -0.55779494301217534317863864221348952181091816209849971728604489270786510437706159478243332574418899182 0.099079413458209124771773025837635115951133935123056429720928206404627747426835522326160212254794490507
-0.37482170646959475319825713187002441056867807509793225335657156105393425125089370231682911121558071948 -0.60646535221371589159682570261392735394118485570967120912517037728176428697183170299961913058451502596 0.22358887858874550370259350327808217924361748340804572855173339927095987017896452597856895845692921994
0.12630911215156461527968594277244192582369289166876823603816305732648551037301278413205401316223656146 0.070545949054262166310813179887000900723152441685229362396471386867946475317065632835301699817308409712 0.17957989440143671527034186815829375428952416623782594897359406043036192943180204063674956183737082814
-0.79910344921966038406454703359822920018707702074864360242159062304323919763680452602674528545522438653 -0.97530306809641969586351991118439416940381825532381752756058958557542500820444275378844049185685390744 0.55982296217133067417065607965543325592079916298082561348482654856746608951311360186019932705790048808
0.061639464735931498952159346893067426519095341505640002958517259695156795298236609999232252678439416319 1.0505245433427962739837592568050466232246596457381128637004947649799364553077124065218052340260170284 0.028662017370461906827711815629984513102825689935149867255471304590265920606378414007629700309538210703
0.11107578010104342428818470730521389053061497280134110076780028694050390191403968367273085489418790437 -0.14197812556773881240708145755911967659345411458125893784369503742102794072729457957535528619717747978 0.11283586773939613137448104179533155982345836930399218314092326379451870325532312169733046475304472057
1.3840105472336475311994934277699938722254098047868439450107300428200442066090564866800644113227026052 -0.62500226585629924950323474748956645496925643220854707435662217667909190672791135544153500418467087289 0.34236061661694960852186489197003138945835539852197913942741886371335984102178731257358496863919196466
0.0033377901356019545628271547460795658621382180682985306433969843296599564730128937282498922730977477335 -0.009717351113866577746047797892261576413687203579494112157146587050849932473724825409535652959337922952 0.41733460782029088753593815700007180477621639155343405439383598807444025388124843688073892067103497765
0.74074684423282325459942739666461014512393531213053088049371562940418390966129229830349160518683862157 1.7348596092455974787113537466220782056946825949108397869584566114526302263304241344832033059102775212 0.68943362511044067468402624280911855000521755358674325427915836926685838560052349657434926973005445405
-0.4956478734496924337931767422811598560718251154103209277193548062639605484867752004259782162206457397 0.49578127665826440593473197001045072169560306351625869289873015361374997388436479205956860100801378783 0.26039230002868391955176918241341758166848042533639768735316305193231399147712179511364782235948863542
-1.5397780651423741743953905741202773105825154482038232209815394424378794446244842893095155296287940377 -1.007188812443339374252767187718377006846963459091251140022868601161636535342018758072921189849444555 0.62316980930920324249062807265473467513805893847458132496168582677892165767971205805692188593320327695
-1.1794669783572925693581706060570546635359067625194960712243420049033904375790533742766625510806117225 -1.0311932185730167051977652364188179489414523124611022972867232621745560413411713300001323927049036034 0.0024930468317507068206528996220874912246564061153224786550862833286734408561709774178130267370590624924
0.22240721915729109467555094710081244516428527704025887825763783116171770948242230129325306113327754595 -0.10076361526454770403572108939963922808467450545834788204573562477648878774539567856729212821759962684 0.086432194984973980557540927744224121114301244909123455350329092845975255474860147580350076206110606895
-1.9037904329325867247230906353827302923974951854676115152632496544082354745468180631198594014858662729 -0.32050742331671110725456265323187991916476069301123078518430745342459643751000028229541656696054855477 0.36573564288420559966062310725012920267621158963317033017651066988540490486458638428115322039592551595
0.59129219674520845520217003954202582152525741730193104943919250052717443496568047997511478455619104387 -0.55704517005976249266828609029934908428601718330002304465083178405634928177728415310990613184595306751 0.52386284694789087965624857905127259501986477298263047837854761548802911175020942710157956300774910868
0.053504217080952118309162062900441027951253822929114656600748630017475638087372331109870070877702344489 0.54728898287816330373731487368541889231747407119001822855366366587415176907078277126996676907299536179 0.2087448582696140763896085437082985553457848309307909924129454509748466068268620039399826851152161463
0.26081581571617331288052517765283515746502739427603405988672266642996195153094706422182786219905563331 0.078119187701947989042538132846988328340143432320777934861015152622795687767187225870235316107769911643 0.087306394369603072596792335670910280118492746077059030478594483837224143250385024627405159100608764234
