1.61284912943617700881586316532765312546592021705962071133048867941231467580980215721719860956528398 -1.1562931058321319428200083891132526060431983844666415555320696766582419398517543015251429308955052311 0.18273921986964225224458888413897537640106073189718783144595538948603573578558563200418368343562181733
-0.72724309495684220259725639830533882316157494362851849971201055870509336331512620699370115611029684269 -0.10694678477387804656576230974630913738763687225168571328607397742978667483902332799276974507902984176 0.47759798852011920890452911428030655528023102600924842826791141833090322984820474844473141465292382554
-0.10234883936635259705390172668005239892888160051303220355216488351485464015989049865992955472889589977 0.096952129437798705684796712256606994340672834356375688235977118821700825856184711347562978818216010267 0.47393332961741497357871482899093453662474923522339547376018073575935914860983783429868627342595865115
1.4616969466586479800537065663623959608358934190059216058913028549934225846864557318226517903953469512 -1.2643731649888066294958400124766890809218554646332359172926695695661362019382188341625608374620634114 0.57661315802752900633641721301752709917567921108695408633600821382285702797561379649197675566561498643
-0.2316855936681034793209155249078063119970268349267892500214684175462352763437469114362780451952004819 0.25774078158313670207432049584081541325566919484508349460167528722839547899544361986248247623832624152 0.079643157880834077972658213924319370045285092521475881622694810456012059996492943441418863340438354564
0.43370470703450809618766066364421977741444195125722467082983830614708501196928095854798787764256295073 -0.33542632331174730642304069316392877092693468929314691751372524324292145508908031450034919936915093383 0.5013924146932919328365227031211265776774671471366784639386465467380454524768440294265125768822906218
0.05049946662300841531345270874824449387418047269029684673532862698521361577133503593516060536844466223 0.31669238424601107725373701994891052006553086209933413191801724632030473519109076213736359276420557414 0.062415215894952229704559883442204652506804663643675277326765288923491172745088163142446954151552443767
1.3162408381617465041507185977400122966449995477286000122944739214372251277657373431743664281232680558 0.45548848886955123158716507880918020486409879029386998293263969741329378374475813376081613152943065016 0.57064135299845605743435253117506777912832075183010841987332487867635926016304390690136382241244232196
-0.13152400905145268576941627055777435558825443115398717523156743238983060746180511303323851122528665887 -0.11667612736015884273850547408853606119532167269526613753059015076279225873909509590748983760724626927 0.52537261721935031676029381989406925014064571220421047075364372905374625096795581238054637395029911499
-1.0463876724051724034116625840970571848707190347896643308014666132059609781179028133544763373427348033 1.3629521161120475625276703026642763235630687883279924009836471395369994074911034815859175182246575142 0.67265234357022436814655980637891440333251183295767284735186073637866966218746649639021124867356363865
1.1891624968173129130169514636636515123530027055413036985825373458114548814802593327997086197118658525 -0.048851350176991951253941966506641948237707921087888585741191928678249028048463166175390702206130723739 0.44571247228913771385956400037351107335104265389452558983995211380172909112109031887105414689934801126
0.56061140914897749516797650392597448343316571387355755887083584794196313521114917683296350642487743807 -0.65139444199326048189069002149387998498227062671293373867934963921595440531783150851994998449794680682 0.13112712997263765410562138351725863693722932529325206640274587523586136784494465038515632496085381949
0.23097466238080154991504439883829478804338280662215582707501668150352784003946100202026140043903773597 -1.2521223851921282057849997032197252895660956618516996338084090853210332327991219992203058009432500498 0.38652134365756075229643090101946148292832974859819312740173307817035996594796966704355775455323733374
0.027291312730915889130662774833479815652820288815955097567166777420444752625184916440995644464953268438 -0.59183973553107223243779136692123145141644528756243562692164203999847918429945321956061946161809301223 0.43155649935561126156132586373739643034765892207047265545997319779276714905787600030759803669382387396
0.065251220158176439956083815196602125254987739690347078738563315596616372317561435540748538815946614203 0.32008834664020847653209938176474053162620462032539428463281302830756068862122021608580932745431685442 0.56082345227120507302283636561731737751957099913944347108944946820557215052688905452781500259935256081
-0.31440494363474921791383551860123791444889485157086218082622040803375714064287042836758043613865379632 0.14348498615286375275972923280608393647803239476347474236427609369822835925479305995218263439329273415 0.54780504877872687947672825825309339055946013543857068761983368079778830186155047893357793467518122648
-0.55916985361955878217247344642524799423670535864058434447440370297631396642557296437408693696275623322 1.4735664275885336482345119842032596488846029032219251011071444074692248381315071578952211209121583576 0.17820704202802115941451620349452535117682085728195617645148932052272898291694809615769103803983058009
0.0016196475744516881964216779997258012931951361202794135659903229566829283471677763203406833524994306628 0.00073933783541566697141054055099903955516823983257056763370524724975423934971198247804955745599644494926 0.27243029046769961650479209689430143588982989279559613404865601126724075682001993235906529880136752995
