-0.23113060359301591132503880696975267702981117651068017454711290753761993041426716989395005172458441898 1.7247219338826778035299794657190597751689097345591291949161968662279730384415611687745121848597848106 0.37513673123725859702339343104038867660335101907881067903989599073191162661365575200156257042293192312
0.35064788116392021988415555857947417303725444452287165808595164039530636315563334678713725492568325248 0.7917302585802355238335346117995629479860033528680018391010878383777397944628258035068903922478240271 0.52482814897689405274974008285703621742975143164391821931208788475515171063450926716506092468306059382
0.0074910031196351342572146285866654007091171000294243828201606338228297646030405415320813594106778819422 -0.3296970495939155020075006100460022834822814531033824455703903859337875344187175524730558150593888813 0.2275770903683036556102288319138736138900879761380148260801726583465742596092958644240415657319071493
-0.15857171449694700333364483098029423210696091915673633048960784923513725087911992228831306536681992766 1.0641903980856240972764574750634730747454366174411246628728679263182651174104731419162413415620022602 0.5750716398597493940246635837251798475756580685218086131031252935502609193407640706686510615359120262
-0.042736398375855107013784269317445121020538204497761053157168352350497677904117356284454868005868298901 0.056859976065237615344828575453781956160724307826964218174601651559163391635768745496157899825897823128 0.049059281210828818638400787772083705652444717221036722060680379291312773783232037648089265490001606099
-0.28993920167104087271585795292050795071629505876364381831928833855198720195732755518533056523131912044 -0.27642749687887013610632594226075816887058490577425830945666456530276559561200583504810842182090507437 0.2960614645285929643069177363373175270054066484314079209176832045457309495771531320376263214924142574
-0.26008276387668310946193704086956022912575089490821686387067353262891803680515826582910482252059792549 -0.33854803841096424673740524340345176099566134216681473303371638520332027980972727323651447629742481506 0.50774953592622551996704542971954644114373711449286628185109591253405316062020667407037983318625113601
1.2444996837748356297679653167201688868838293782683288080676617890655581913373804305613799590420681266 -1.2732988010892835177556751752516071110178749803583614621552722109452179230251585228545053042160801182 0.64967505567671701059103900414693268971170922389890588656863639305985887584452596716535648555920078369
0.086005537439323369179363586697044861617446347045041215220396615702883821994719077161376680032747862919 0.04162491430823561979046597882574573112395507189921968673860400074627127860821960978756542327492800247 0.3027789683584148168832797801280220439237201651609936617341710921661697222845760747242703029039067703
0.27034963948231673278814710103806422351199592101738403758468118265741700010571544705966439806645073739 0.88850686448293044207478617495674320133641399705736966279054129342892650289646212124522435744129780417 0.42960932505000176074272784058431911725342011046948245054421008916146275211545579239168452585427475336
1.5875676376660277827931385525837538621450068097538235140723017547973749728787722371336191687358086391 0.26840008335063125157993658657006053372579820036006880938185230362716649658448604219142964756393849182 0.35825690852290804760829119070042228770748087773441871373920511226242494564699591377739993977074575862
1.0213389348414550548085476099807179842711550191273577240510912457339528771269013328624756056831436893 -0.054864261570288896984965578709770676803329183238375625766383151083253313290942340133714292451076644669 0.64766255616557349924601223882078936267699529236654313107081107831260231357801862595495284170226870844
-0.75575568930907443086646063467056262032085560372939981555161533399339685701486526190594376753722245531 -1.5693642890947244828361762294463054116854997918852075769189012237532742729566697262713552229099793483 0.098971825142676482860078502386842185536205175080403124206173189815906096260287740535629216481744204805
-0.76187374605623475660424335504426349188691628006278628425220357325864012149559159692965281494519425596 -0.95150910405207854688293492096352764494589145624153249116438477596821806550099442045811423106576114102 0.28772883938971718014549462763498283033588178822516175959871599061740135962790790465568322172477385761
-1.885998637466890966479459315715842591887274178513603322455141736792332906316493915156391913108999477 -0.23314167768868155634186529941043597543901354172240442739311976333510220185541326492475739943774195532 0.38458683105349325843378924597302306178323407245814130006723743836721084717810547138088893617849219625
-0.81720761974085424385306966425787185076635218764370848889332327209352833021425549303355603541404453684 -0.57083879588095870995056679943724377080360516469643386536892004830719001901577597153950036332439857474 0.070610801609989240934123203683150893313050934841208421163068926027558499966444329714030805808298371047
1.095174645181793231339967062181741850514119800823552945831902106336862111968006967563120682693827395 -0.4080600120798155233786045200892036629626826297648010140770276988412821435991769041106038243929092001 0.46959510038062156968027351518931225059038502105080761480022768837472537843875291207334719705183426997
0.60130334558864604868339912226316795978172052236553077454885113503159975111521610838883418291275182315 1.1611925615543594773629446776613237775652250958842447837334635128166396584529115030526094883056602801 0.039980132848679834702517093957043659481505809357308298980465142149138796408374530474417386087842590105
