-0.048676504107508925748186942052541613453741381553453604654125118049370792439497106490510495728479542827 0.2228587202186028049014796497167387797673389999716841034369059767570865469186141372624391142848730622 0.038531510066493792202463530573783050755579394621495647786579090706083313912327438876175309383431962503
1.4795700186155692138673264631399461622353627425490458716728886808983141004928343929685536775465063978 0.2127074834533617233402482432988486821958157256187734421287100727112540750521158621394472774128570833 0.1397470160428545551226812835506546028777157204718517683102809841528232415610764211252432037285965785
0.65960055217377424735430461137872543088939296383450990557788269012477339615413471268290822277550069699 -1.1762982859626483271287804806710501680341442374079232116282913283594917258431782484114824160968862739 0.19179142031016083772810380912086677643339301721939453029251531882413965497757832178965350059966660025
-0.1863594578894735076087735181593956617290073927846247724174305662428565472763438755805246557176355116 0.69691957886776654121949296047760782417353509175002602486396322726953080064537623091575180169238686179 0.44628383909363687584231818148083417337257664727086353434747911562247165482794039001475513439247663412
0.17128928452763633955114257792092606018188525785730772782029223003457431782371605582238169225516940992 0.49032466393178487680438566695888420260783824358528122705102965828319050235539782296615815544080618835 0.43216610601896050267993852931594403864624159736371004228112594534638734513286201725632725618506640855
0.31228255598805491343196275920270948108447911451833881035321175764764506676900813809735641059529447428 0.21186732147050535833309650223766332840254496294268052398267409413824729992949693094519513094769227603 0.50482157086207013438481605251870257149229910792668295672728063544695641740386194459889768088175108265
0.67425606725346350136616928060978408863278122646888416744348357299685390049049612394135523886497818675 -0.85604544662356792846548736064277051820098293411373631862121012477777523594940488316639804331979130072 0.4865836544305007309238001966861869673886957419518572442435668341555339842464214977960488944355052249
1.9440755630015771661583286930298347026446166462418153798912718150391402138918266522904426623746523749 0.27877725183018552204246286409481483448098604466038078367752981566874733305305706536605409893110417279 0.38101308167914956119689537338863951747644395614282415811354830544303681181867280864649918239521376525
0.35511255577353701791580925005871557017409718742601653095612416559945173477359610407111955810199941133 -1.0976410081659692087214060897577123062623494993760818554606765325365428370171106114236740056955308168 0.55930301319064641232062986368625175495946030552107691663494598758608020309777643363057486549995389193
-0.34472565388309184402935992984159535395920871450587347845612345284485975170006507056849315248388300914 -0.41386241798206620150747292337535522864089481622620048090036042607512768110335326770786169756170053273 0.48567302246112546841801987158695749654199733463501464270718863296353934285719392831159333075854558981
-0.92818759111283939772542682791390073599670441809509885139953587424496040034977500584308855128686161732 0.29502079779592641192255029398307769419137507471511053169661440233312452970214079217844488441759701678 0.5272617585937616509616648873492786233011381311450470915553805453068492526486533426775682762055564258
-0.515970350188441424489344699368986497114551768068209748801536391139015938988323020149491849306337714 0.27545687575308809926422758144259045437660275409807191614380963470571629329920457462992453975998609023 0.57396642664547473496407118049350864787749584458804967929464815934413518410416973546267419926612648208
-0.76558795501767637054274016554502569177663540997577293664557636070724962024110000200064203141757267338 1.5413047768406439269521988892516088040328687224201557528645804762238316185855185255414589422639606368 0.16029023973253993317171623429896133637441190548987990013422019498630667019652676187637750595224410841
0.15585441193721523659950287275530076385313132141223051929091524807383038477752853985781807614436643678 -1.5245294677169011886369457794842216757486566355622186324483449245935785453418822132072412315320908418 0.60707138457341431296134105257526886562194631708840842725916392339742595260225832417958059580904687141
0.30232735663292052576770376639187355410935114789556489039779539457724250462270624020900985364529077989 1.230504350627300635517297480571535268267139236681401724796343133122418757057602098634614757929769282 0.36995353802137432116774821535248755551534440425979307053899397979280840469531311962674020589096844823
-0.23735235803101808053505555344916917180193569201438739131803860267101620320859705005600474366913307032 0.979878532500532242305505259110644545987081859426184571981077286810817781629903832120266322030520823 0.058779792275716298587796730042170834156970441088748632024614807950150417156398337154885346060202642131
0.57760354984750771901006793271192273650687830029394119560096984779146269769139732570569312462588168958 -0.29454563545232139391503759160584690356189829270292966168600572550648769127591098170610874752539881811 0.34785116990395325987874860529954154961111094226955552800770068704282512230972860364032233563089567592
0.1654173096200887303203693580387186755286811001871144640272593996929906732078732851683658168008803998 -0.63832346355008894358329703953257761481078609944818706706652384718056331089526326563548981550679367216 0.4380024137652994947726385441029116426004804091129805481291898602721612332782771057493095023264197827
