0.55787257439298171564412389866285239016673751965033335297110645508205872335962862635928571724248701283 -0.41931807790153618802613292040157097532188523756856304838713710902574224693615441629949920104825302283 0.18439832194307604283427479540253689187002807014152032863303465267049082963356818313936545592934379716
-0.28874320931552554894218322892261174344206986814747933177860404997921022220419398914773851275487370432 -0.66383914608171088620009881854889918974905701382129128058210693074161248798352614618164347916390102018 0.4310596373794492991837096846110457667808827178601082842040993782779920332338205640873897876237423783
-0.10868358382704842403966888870263037928248285146467045988728928067954262099124110200516398050306803899 0.28103963747088926516315927081590859102134564878585563264188576408769001866398989620245619578238419001 0.3543792135134725489984011119079555325741388035244949327044009154307795449115297819873470051767178461
0.74394417361474746381931693804297652751959014093481104827008917390143098802564117400540341800806213688 -0.24653060785857983991294742640052493585440809340452411189189738613122061621022472485516629663115287576 0.12343662029535834914095450991791395389389396536067426559568530157830204037615670926655211866595375152
-1.1022976810645155628903744327768343222142582403628398107431160361786456364131842640216837173040178591 -0.53835308443165021265870794758555757544227320185260060773879536220482732264439115873214964640928331401 0.27504150282876092874199767022910835677695619303745471281573971987802033058275850327884571150457524082
-1.7698082902025383752151685384014756824115276786775210248490027547332731644917800780118740722351123146 0.11553648078714026755598586931292111357967660982342432733242955996190454099654563368085705316255790619 0.44576259606317513393858598420012812379608293318236065891424784112139188671959885959828314852276058594
0.037022659333868524899243789679465606655872931992604154043216136561537863871732246398936505717457377743 0.56522315616012909404946525351961020684959682107373605123376713105122416658093249745564801426847151115 0.0036126681448914281351578371414872481835179920299906586380513121470858455993504527921222011533815857853
0.14850910297904355699563434951674106008699012868326011115835056111729163402055782801809230796742972528 0.10004171677324648934453780324314492305799878055589274524035442685904334104130522485594198340105773297 0.58949030875999550074917405733828804671476675554853985710333014693986652186188084398784679079729922958
-0.45241670559225672954995268064957227273310522448942282362321541269699998289102413339028427975373528792 -0.85450593026748299107513732890219313556361982829676709723670636717100304266812302467020607004672950974 0.52967157652155881685483080697459673862651767852211559433760851927329995175986548232618407142318758586
-0.6774906035148618154062645469097517977007575850220806794788950776755455129658058714868157699740354762 -0.34599129014665710865040617150983165780194444650505781815514153688910819989892620698368852646050359537 0.30079197444440684791572730992078691522290918559524982997886672544219298176466882411043644629231788562
-0.97430089365522476251533667350625627988898129201775551558588393340829991187932585233796550381298515633 0.25533083521194756978322375570019436652615265268339590454242923711472739487713098787680970702989926714 0.27247499910640135112161376545250737635763738946059363669901722290968510926463452630644975549960228528
1.056225091674298199336049780872984436807126385210263942442992081668452881788434588938671322580653964 0.083159805312369383622396128372711827926233945133428703398051004741415814250724004520896323523328846757 0.67458053376195415895939554419905457196317141653155181118734727127064628762562751722090974204346456904
1.5336524475993336981211883657312768352670674753935457405402491755332280135958063498476594305949018546 -0.74243214603813075070797682771700897362014952420184101921271410161764432759370471469785323547155522355 0.23092487398670334516852062341028286963683073191696953977018779875179069154163933835629084113513677112
-0.11608125943462355111425823075708255348202789828382713564217024438613741885121860246923937928357318981 -0.059710497405551196532734944406026109141938502561018585738927552290336182246997363557110824561218550089 0.53199913559111221251573826432820213414811033075517559070201290008786589556197023085286020954311878682
-0.12505272778824464952322007949000130085068702170422641928677859283784173182407553693625766255517545637 -0.29827314487420833764377022774827409090228516454475646459108798556617066084566011831771755975221189971 0.050849824922261761375766081711995882690728656863084513459340457568595604853588867408005140431706153679
1.1778090627100146655548899558453492349679254914813958338270964470155763781578016879729955082621845915 0.22251096800903386396502727060396868636272475893980402390475716331470116644704910170839354012612383957 0.51042697466304617916064483532807182299010804760926961512025089262106351405183316332376409309961023575
-1.7946636360379106804257956845008201195666552801419101714864236333711340778493550771751065836317531458 0.71040630760399714141046610807952636294099974752393140773641793155916835426529775636512794525974304986 0.65602972928509199296366579062200132574190629222955372395320899587862272384504974868515404097040017995
0.60302913695542559898550936403988967066432930203057445873146503947175068343259401023554625112900138004 0.59073179168033507717753412132919742387705702798463794966281130901830025227451803933344118626479275636 0.47287543611695258021892775886066916194103194902598798028425174487221113790267863746828561777731612204
