0.96069311455112758572462387764790443496415482259270899139316556004067561102082898537999758487588015188 1.5334954546523468479716897647110970997678132885525811210429677855544565718383750684466159465401020778 0.6055307415071999521230403290707326555994452285986074236357683694740821657486134498155805520005747138
1.251621827453848465678924006909139537010793770905486046726426847582774895209183747258158425606038231 -0.13951544853618370961272584186932255281405398826979004485904539710868063028129721298074198022431137768 0.18082029330936300726497903382483415622040972354428208393116569388973037883457089681558271232350550907
-0.064537523737560294361571574896559721374483822948797214157208767389741204145169185846999480890502747535 -0.12268562395593134115340601874960112502078139158605406537717591647887102050148504022420047027733367421 0.16940269837336577345412077482515787806284994532668219720518195082486783003665143817369329902887384437
-0.52527880798692443402980627439529494330744349074640785338208319770023150939395298013398232845276267526 -1.3358235486001103047983746725131494288320971259293581506487935769947532364084321055023390921053538355 0.59001339136016224635978792841064055276437095487317697887336961208491977568543974016438665276008371762
-0.55329115009884992772852521382396221902105939952872941266898808192007281313329676915234866949377894883 -0.5785781755931278117488149576418678033979823343781259876480938572536492495246336490541127471869933784 0.18415228087749440750937281894678701061416134373688481057942763667279140379452641957750111366192196627
-1.239604329794054075566419833125327596375641828790675895174342896421823537174551760468588450587185483 1.4245087470822718640469320786997676886565022270042432840965451922029603797709206679958726337549507792 0.68319671628892306687617151495973452704684896877271905729999486377640844062805755268071418855659515387
-0.10219939284743980667190992898210003008160753970793102417497447642888997045417790097956427097218274996 -0.071569984533383180929029542218853762871070124788276394248154520402635910011810500654331601134369472207 0.057170739122307828094519964676722933791073821808814104078904626437100930902787924386317535450975037021
0.49218128737386639460341638130162932729977846843122187659396602230378628948422532438221197969563254354 -1.7221049856473614111851784018668962983604160960083685229020055566223618888655774252936498468186319136 0.18049756910732594099295196835828062178515513971705056722438751570766952956266943096691925357076280152
-0.24911297862993533732781899591466991599916705194692738752398632906079809235587863876551836708495185315 0.20107448888103575974557938394901688655962508922734819818361427542955302963482245077650396408875261055 0.390810738863969171249090401866725086770120945677195721417938487640760264571816042841582644924702882
-1.3068060732804722711125256003592817646224626192865868228818967417551997770629766100961703071465554837 1.3322266916943670590738987528711145984740512760337363929149751156487321545957588745898505771460121939 0.6002527608287884173802692353124748241197638376049026242577315975405859212383470271298094300746034321
0.15960820882652524207443261977129185282395806536612763859201662792761288713080299245922728954054300131 1.329639384735508129633220071483064410768960998234962123814482978914341157167363230610243333183342237 0.47650304898297771149444281910790648130534423750766308277151069590024457738521196208145912095261437842
-1.6845352472644750067620447217668421344916512108906983760593798028755884787540840787163244706780520227 -0.69222122081348714365129051180528510684977084520681199699443077776246392897792971437985607395573083159 0.2210723844460584182470175886441808476153567435135096234494055336787309289279231417445903418151741886
-0.27179489159369362548490915401273970954090246500395036437885567400342166530144786804865985284353962519 -0.50737154571214682662813046025186490660261096080224598737343595077275350477128699748996046526708786874 0.6858973997795538046669631603806381611647749115753690764363656556641411917790233811595115402947964285
0.068019280801081171828701170992958640996140439323053694606503308145293878176230984936846753120157836235 0.049460345517121177994294457411581966895726854665279049377808065932681860512867109019393982131150556853 0.09905235519716293776179035848833115907137903063057159128617288364629247135824821711276738325921122726
1.3927975217470059252349313904894583004439623020559668846177281002226746170789181268496316565212509256 -0.47562816156642439800100573028869237910227256116222724899117929723588760956891414942109453203706810683 0.12861953817884706481668892444996086493537447678034914555369723281545182842084640694094910558265678516
-0.91275637982946092502632629615048761092834710387480326657202628425931198555706196564220101889688664828 1.6900835452382492920082371013923348976456226563910726732240393691662615765125135488152672424842964854 0.22887419820341884325908035265347654858538506561756481689569833514305771098602622274646023906982354236
-0.79656741895609682327253227210978359795814819025806609244954703833113605800868359602324188485347549395 0.14273156362712636133198090877686589849379531212133400440454447566652296771782267235777654495283333927 0.0912242645077117655761186741864873467426975120094763622149578112581562793944882824893225144095382147
-0.83629035330224608857440015673563623781761960708771706327419921980933618335973159163102747161281570088 -0.5581269671375534832952837147528532182144548873542736730933168404113655660279217006937275976218852142 0.33286821132456559861196172970856952293002334374218691969181876432811685321692275982592060478296938665
