0.048303701464131958828463433209608846020133502418543339711437623314433912013211574310327457783005670202 0.50806141573204168253328061237208218370636907077041102930687531129034198944034654099678494969598648762 0.18163651539710441008553848239609397200942983410572967898719033834633102224037711133848139041383615068
1.1313661892785753938728705671157443959473283725105779146338801863414670385243131654391508155359131044 0.34519604370321447343308396760254087685899473786501639633979820617832749096704131733135436825682054463 0.56406106381278811273877584290815333634177697081245332000204449187145723555616207416524131187912561225
0.096490071476453833068654447564445793602226335555666842191305728763035438652544228741608066608087481993 0.81673430865171166445537371439442261392695536913534872728391388426574251642508356538011287872782108786 0.22318111190716303573594225552391019415430660972090743151360076057500869793236525380298130433074723252
-1.3114714027656482409533686867089065974742418115763611924746273763710552320872211847187382710324111997 0.1008820483751145057525123140603184569627688362011467652729329316652446039880297488686344001720468704 0.27233426424733854974269231017646146784453457059814653243882404795503594966758442604447252348650774266
0.32758372163718190457280048252175423862831157469431042499051974636504861329579810305679354435414795982 -0.33551170416923935138425221342933634674346299187119075302530499548490704589436868545777388518453560138 0.20413954955150496603703094427959253914111967128679133320330959726516824007502959147742125158979692211
1.8286590581755302033462298490901415330409632815339678262175944818062814408825100664923656713160716896 0.74698094883906747389985434495183877249479737307551470157357146912641534642273964085422906065825014606 0.56631738391320255313335345448272825987372421325873162347277600232316800591366817474321676284849395995
0.051527453741996581612036752215457821085060337825744451745787652551383874297151908745072583350096512164 0.53220814046688154068035628556793634958451534991749909519136742510604826703672383334209144853390028967 0.28501312844414236009412211528181455596451790285205953592101754000322043895433745775869473166865718025
-0.3200942371289066328930198697046355238978819429649815389892833754360826808838641896417588807412144125 -1.4540545275107901690118407170209651374882561844554782092290123262550365851308649684611928987122144239 0.53976260004965263224677430627312216818964894330777389413613367090905236544895554978418128455830409354
-0.20228625579607028991147776532181989781453134838130102831940714894104105037721591258037552219744592147 -0.62578830695907189033117480438363421082664726461652250129298328412550160970334667705894491023803180355 0.61548071467467710254325162187439202728047919223090099345610503115770854053088339713507605736742102426
-0.3283294794192525979723640800411228632588557000488118553875627206166548835389910055944232073409209631 1.6410561768761820714893458932082944939229469853867985094167386942204223775955225774226578105876468497 0.1661379472907080233875003750123900084827722578324611504721743507161916189595308132219478444657071103
0.21154000664192135405514303163833055726503799017473813763487611505899761372272555805403447650049363795 -0.43070941796133871110306813226999030451373521097603271804737067928164301515413215161912061340026771607 0.08756036477178506014781993831404653418827939200969445438206117792260047295300451356437979655360644392
-1.0938003306257355531705882157879782950088042521028655650463641043017816639631866370915566995609277582 -1.0668722533765236060513568811646063214711972812460011565183802484007164144662083770781897740212602529 0.63889702592444387147160106777550478581167128284560425016388212122821940009802444284528621028501573361
-0.13628753355885298632553726549059593578763601378998720873072513539452987540780273611081866073730853647 -0.032485944351241563586252361000550653100828804656125659602527715824123692150276656358580463568498246008 0.067518369522388733302232806839590742934204478300524625579613075584888155697139513656988291656774500313
-0.72979056432818508182745694391991428775857422863904275152335454783293551258989336984163990174631139216 -0.0082577381562238461547987643143522376745167324571219037330506877598597490664199654539271303116551728999 0.34553488863078166735360575500016569736337859546923587015756233215667149028319059616579854187245155707
-0.31330871349239392833134207171747582856975704592931265404601652277868507227170226498317931840800104477 0.26884008033092594653650834702782713360301915790966898528643714867479692118103017284849924775029579741 0.20157361748733774584672867404706169246248789884575897686935199189085261116784894391951720326711003816
-1.4896420031288658739856885654152043527200480693373486190615090032062356037709680548509277009666214395 -1.2968998739273908015471527829040676935682276549072772346676404978294921521097914393579572596228013094 0.4015966703754346475738061757274550054453907645804131084348341529852419309463008015503225567863772117
-0.14070903946388066969641124947840766683963863558573490267633867654214530255007411896224839756797395845 -0.31886857782533006759291693951166957099850033969377288497428725670342300000133686385548250112233278015 0.40931856659248999316841038990042723659694892908472397892314868342214369509436391104562492813471782895
0.75961942162696550584319367082526460193507217285593379550348669438377205057335059972970153022979328625 0.71563785799988891055413930915234705757939297413030957921973822986893911685135045784242540118207888352 0.11735567802079032911484698502508845325150918666338915929316627960855929700083246312607886587520907293
