0.46260839339611328022612144635998272583393687311935804170352890477632275865359488624746503685575986716 -0.7053523590526306455084950211774203588651243970393999743957101199758410951923684627264714790557357937 0.47465951823164603278060394912100550166474170563853838127600199505833877895576514555278196592281595387
0.18417692359542010466161545055715833644964493353236314446652696371721661312658656015876984233398625135 0.68564608136604325982871678956796477098805329344679824401476755949011512937489974816970314652803489366 0.17681594726922008989834138166007472382484318292292083982966910727692321896285507322372269473197112579
-0.33552521227207085105682774648475553399146370964788275211531415631662068713940756925610955959443488952 0.27794590379205167259666251384961479846447766961291475248246458174012541970137446269752628913956133624 0.0043085955485547348145083528766763896489777316897164880931402399463137084520558546260695966134147124244
-0.27868266887296493142950029808703436765600979284530997099707141102981296953379631182240989235524398716 0.24311500854031666104276150419244702073750687277659584188220718123270915661513858999927310526443821113 0.19478280248628584868345524735876730432942752351585038679256889526689609708766141420319585027304612534
-0.93649527098114167734282423806201533387422802304826281949818530703765330386505639033734969451643386276 -0.79476398073412240488475477498927056665331939718452574365280256467990663606439963005751338129827394784 0.65366301917499067780825458745210335421056565063107133421927233366190661178414430809839378618602890113
-0.45056005154473781414087487765424119359969660955709131194882418101643437531720728726370312724331489308 -1.8924792549836669211041350739114171079046880829699523634794798848731369557405266665244417290105382363 0.48344683068130908659517508494116045851071364822863333695777193267484091182640178979332328726030353322
-1.5663887155274052293231588610038070555571181910252374976577558474244920327165243636231719878052595725 0.97649796923153306764163369560037574819615379358480684782985682160930716905641888322353459453574491831 0.15984201658789276454445426503619961640296150348508863472726346545007493030831904535199680273830883631
-0.15479193265884250682159903042475652530668748259792524060224591247772108270787779631737908532544915549 0.14260173403092932809277931982365233275340559768870784930421275577289886163270659607244212279032622398 0.69536374703332573800836473019512241935113901038860708606741370102382429349089595974272060720843248057
1.5440882283378711055873876062840813699487902100610494508532019852339998113695196099103687306875946251 -0.12243247836051825933621088068442393102291835126930446305653209495555512190996240129893737650795217609 0.25702339752119413183113932478554018476582033537821285987342717751720618640992397145082827688639954122
0.39844712815283635097710317843171244412448779441806995028277377811532246130009977930856628875933455084 -0.92618581653704745566569241288434529900212560809747861557212409689061599534782073613426293847121915485 0.40829008974040103207974479625309724570738082555827891170062610253519139284480262345617865884912456228
0.05822120553795362232572728577633110191210405712278548811247594413194204324356707158296683378633808671 -0.12214457885804721166930220250494993063168118455323129928107556234996707441981014340676229222124273825 0.25769178893450056067081352589135525583984965992643966134423116956443788139637267738778588503334673697
-0.20953942613808858422143386496495371481318183709605852463249705042042244175039407381653018623835950646 0.24775967555777933669116746381599363806165333982216692071779694331472357014958270574229371665221970667 0.078751963865853640064155127663020732547587620990268236385701975623867838283455043752032229308142825409
-0.027962424067885553078510055703293195927411194939766762403540674981376919415238240674431127099662190915 -0.40972464000659006308104171081374690170130301184054207153104875944707899864776758510781656455777865432 0.09085385781697474252073792291216905570572586952110482440014710460983353578886818766275702769804032309
-1.8127575333653610805227503574368120841206791167545024684809116809491667621071810311763153211972838909 0.66889534558709292892200083786807998875125186342254267223630229491803682399623960178983024172192954516 0.54491170512512454721073420819765851460628624314245607829454202574987754237219359990506273029749892187
-0.01054750969852018679108400677481958258223541617694328468845250271446523125628860753567847533069596859 -1.1112153092493657628430173670389029904422018841642331096615944980619505900663599687482626267287990877 0.41114179274118078754559032879325527255359914094875290399207989663275936213264769782257697267724289456
-0.48451433751824983147174511813072729720710605318302353731091731111613219577257020205729154847086660165 1.1559021755066412889058847247217568729599520047143095963363985869280591091321059265116599390743834001 0.61720169116899051330374355737966707905783982925904739929428277309947829879101591948286392504131862968
0.48290181164738169848704645609062183220512546275204609519097724060872455122812415822873219836181368041 1.9081717227884595334945789832337200167338600080585219919323138143551868164505741239217421252943209272 0.2197648862681548261293082694325572076614940049327457585330754550104872825865447012066166901364514784
1.3972050763983600015012669931943594086373358448994347941149961879338455469288006134207055579233959278 0.10942179356856583027740581481501123620728208031100689497846445627590905787305045440578951451729455017 0.66678891832764132423693963775108050664242617110678396765077336835072372207601706930483538452610204417
