0.10978741672707688776370904642223217536356621773473942537695485894089320918635788450419112838813164591 0.35182847990144433541107466698045153837054075249310982822115705844633771544485146124395233685063554306 0.64992964162317599292809957109552603251043788443708335059852039656140921733959274332569450106967433225
0.80447851017342191301398197857348196573706456138469867865074535062609515353815914702377313876146050517 1.1555492170267906206697476600540897029522136466851179827626891390809844825193738800533374422112891953 0.25093365858700478581427182787955642264890084522846775491638575542227478830597128375541681937893169072
-0.75709462658274716681635646420664658088072932785952445091545470201362586408656417027941036330993164626 -0.163526385582069638898941247325725386836058867348582508171707242855279595617541190939054913195055286 0.34303949911701468061033835569061546683834250320953986453472477828356468364332389684452505291364431576
1.0527309371116453544373393785969577613823871256809318626775113864974566222776191335537127521219189555 -0.85318392383171139279432763876058650675763074664372808164378304912957616569049911106627784269385547056 0.51714639409908152338944550432138610572522986946418210308262417768419055945514462709120909367974785295
0.17578129647306080305071948067584358095509754488200633079724638620466490051661488580524515487237731024 0.21606933648268904103238794360267968256517337795555408312298896731589764462773084656442818731840814402 0.69290127852750352314486852187502768199198411519830982823780732665183227270179038651016139193949250223
-1.8322736338413891377026288323352853700753981847755802820931098844992403591594480212440924645895898564 0.72778548985415509319596734066015680673782423737876144566406010656625172088894552989607243924539690264 0.38889917318695747105569918240060806412478636666584280743835900035942267001600308330119788357437236732
0.27122974943389788976882852914023012778957887883940625767545899696338687137123970954015444828272812039 -0.058897045095272116344003727559810720322574632900955955524089980787505125215154844746651458731455380602 0.45764053994325619238517964177009863067421603879074062222194178110319454843212464806666368777547183156
-0.19218042349318350211534127207734210341178111421360544683124033729446041085647395105127351866580519889 -0.22543103820300280039221357858116375358748127513902041710292799340127851529215069674345726009711361582 0.44737984383169210999529476831480323719513836075009865553756743481283321150330011967277591205764704609
-0.12628470299170937947111446559977324265718459928450222817771552686802624434936801974923018475114352654 0.15950807102682275489428467358705559776346277278374716575413884569600448719770586172599863103156994169 0.67768315624938801070754328915395854641789469440724313809307311699086561983018525791419177213927831796
0.4389201839035096313534289287988224015441563752215665269059793642867035394406632973536038739805135728 -1.0814254971581085576776749610208170058041324016901184216436837724865886331380257877116513876442183876 0.36083664739711409145792641591847366919382297150294932322682372991821436050936088040088304026277225471
1.6127553336415894444906466548695416974731045584138060487257708907115017857024895407479683329621196145 0.61362272066804706340920818205829902354963270093718877960607085059560181899515802219003637244055268102 0.17053575662553109101734327210338483154006077503917439666061540128759535502700497085106044191197374499
-0.92455908526104049839605366612669153510301738014079681515584261645421977045425713920275838082169350259 -0.26995939183513180659760414245830231021216675085625516270957874493709281642461878680684183791553409378 0.049950607557350452596459372650357305348818745429677665150940180355563814305077899217742834495966906988
1.641220177377052115866302718538448791280928104463183142561628904958884767129177686921990494944368315 -0.39451854953604892514203031221530657370886251333065433560710250352331777112814335070205446188773227537 0.66801554665788330431250746167130646578583780569454173082644754859951455396655672978676295518921322362
1.8092035178531091638769250960407003853145583797277498046656649915904254706548255520708480662828604863 0.26340542790427620310924275742493045008221122896694546907838800517858443127038668397885165738221466924 0.58908038860014217933135927469970665781103691973756476008852708374757414383060797688777909878840340645
-0.58113106569690655792451956184569142188145856779962327540753398688630105540701918359540162854338150577 0.93952631535219583945410931256542050019661422599016078980715258625816154852385270403831090901147972838 0.14897509746921043790808176815043984450522110944076114747682727616404967538833029621547707964987188823
0.11895092856790759555118099263183909520698689859551074825615910325228245405402794105507553340647241898 -0.29083658118435472847158907626934615641939498663490189397903928491291004778841983183168768848115221688 0.35079020469290907182404261005141686621630394925553086589794206469142524956244882341113703898086800104
-1.6274423914402154659424856486850088437712347530660646024984591762041737050802280803092223344859843194 -0.15331188549781960445365076660079869724694831146734214464632615750338949228066923487231110922644545461 0.60313694142934533096022670058639908475026840175807954524108438588682961191016340264284784230973743875
0.021130220286429531888126865529541356947734857711142806790855065726612095717180964407127576672836957528 0.079588178229766561549837742578261652368811505006365473661137834036879653608384994795895855832283955462 0.25209399151421229758300260800510651737255834275967500354245390254627263571989182851378091679261639032
