0.70290108956024571794058270059654061671333272931845771558207211073976571763054110279967988884329695397 1.2705892767633282526752003503911539279758849435726904505457878727025454171044513246354957956899483128 0.45257555226813273191364252930224016174966951102947658867773495370755906819709725000202846109051031422
-0.31265265251887965295739784691523389008923096784181384466067325484463909288249897650700010674688793238 1.9214260218164055543704391914712149418215247636666294668030137078159443130225268277481896910255896785 0.59415672710376616081905428509403672353706931546121278552174966887223581660009011137863596409562231791
1.0033979156378132096250342887486257278566576703150196262096531803186074176118045921645752542454396454 1.3904379261053975059672843202533507250362460229230579279145805839954669431474210176978227287651083195 0.24274026332403083892112550301275884812109990404546428760407778691525003475561688125482516736482709975
-0.16892780860524826475346579365103703583603754379458323843509312314368212221762807386019043197552089819 -0.09420164694806614907575800155236406246663243142238441443533051803163354939335947141536823537633022033 0.35625593760819120568903314430019639961646093027987158458919366701284193439950600357229770210930382915
-0.84705662048267443296610968206738398512842678516463350027702353516828781148502618137400292003530789807 0.93793747557588388360781496096383925586574322985613943508118867761787764778050430238878292979029609107 0.017430624760884413811837068205998108212288668495933580455035356389185190828997166570960936420234004302
1.8771267837550093810029888524493764061444921445689397299308881328725287893425452158804080993559390638 -0.093029539702342022944727827876213189079998706654931825677068774874298717776803435397661515401764354414 0.40951947882036205658315674097946806119415847939755580013021524870647716315786460179396088278716134151
1.1393957159009426908695552957730872737390294106674802473094134204349460313246820501577916466225218835 0.05351324087914330123127460793162953276603485036978831670067303236481040320748081813118969238494234195 0.4618730854006986488657055830182521681072041138710390870524559930274901405516540055602426217776979478
-0.29271988208267212487221978620372285771331534640115957687665537823605196319569714771860204660798862764 -1.4882648381075606761805217975122388907615031642331745206465960801432667219109028066550044683244133135 0.61405310902485141130446144530664881708610836181965030847718504652941318782663393232706557344393533374
-0.096502419306476577258770174329510133036772567564616531980232628045911849494663305462834051118389821627 0.74043829045638885759940324987297788352314173511454285965251703967118788346414315153835026769431080391 0.36960677914660010070258135887236793569798988427309449813367924556492325504062439087509736668906450568
0.17273072723964657489060132288458783760784819338709966976096454893840900071996857135644925667865160851 0.23165814731347717054312911513034883024507494417162464694436108497840354504580392727648585046613727147 0.41737799460891264475214481758127830897026660862967435326062829155967711715022986332797966108512587081
1.209609175187911773806859645467151751157838038038643973006274952441806234541934624601467814435543692 0.37406300969804232909119149829261031016086453087384328156578595549412242350119767795990755726995581014 0.26383403834477169640857429796623472657770645178803325636380390123637069568805369396413112466635084076
0.8351804105328519604907565493173589148146953868196462140331871958633439637819822961143665642984177225 -1.7191470497802253498514077249378988627500752569547423030608284655451241156842289842162269246123399706 0.030459138087444818573631643808318427558585553230124462396115682682975006377767578203408439251615376403
0.26289781929296797823510987839783522376875810781390573663729463065801678578278311556577226207079198098 0.36689880175083866420291515731464689391061342450531514049323587154218630422612308982519503703774590909 0.49144893749041821874455697265682294160143539344072094439409517502935043537625255065340095216079495048
0.043214503392375048307017621199333111694853283728755357893964787789946415325447525149557812287550409538 -0.70414969119705138025837136376366921331312299000884252596301896537506213353992638066297263172774131832 0.53753766277149595470782603636460024358883556134876614384052478166304601195919328134062967979564565535
0.91159229910143600495210333444348716148434977047295301487244313276340309258752562744013046338011832586 1.011245975125198539645183124168334039624849078087555113364399419986642529946397095801026714881805733 0.54659154649432417043468882843531044764012461181484160071835734384697089813768240497124873019231633113
1.7326603731462623436785343346747000379968790833148187892422762657848604335113502616318495827626165177 -0.67283559299395445984721408809976460352616696178379996473549025855750826493198967109927900921824701511 0.02311080725226017274374225821317568683985787290359934612647679146386090429572665975320108463217162523
0.89746880357707388073355254346295019315519884214869388676840491920918598735309545414177906236572946587 0.10751223785843713661777846863092051689913876316142987590987237213651042953071088891716266526551213614 0.12834034394250245062872348825944126010445535386928162350482083031194150422231066094023189408723326961
-0.9085628723421451917873739384803915884594982180723698578028799556707329029178481971436937460028494572 0.386204748714058591116321084893690765831903314453532448936918472678344367486135859982337630102633812 0.38329404019690250610617583026817658243856051284584179623526692342282076905358276737138360609211292706
