-0.55490515468875332071961080266783119759101154217591986045013392333600222439382825119752860789426244503 -0.44450133441180823137530964524085186453208945231183914818869458595318612950985251508772721053716678872 0.26804975406593507205455981374417067975572331012727137048776358131618160826399572696354577874387348956
-0.48031292663251459530716259048969992497754033668618748505102752511964733031829025602270498848302289412 -0.51456556870026962856037540730714953522516418884959952847867718216117473341079994454835153229545038689 0.66365868877701518790372588609888724179036280599397261609785303063785416177145742959797379631682243218
-0.47647275302485689264681859709866144095328060625732889816403166391416770262837857477395661028758994938 -1.0564139657121043587093600505606367935654106970494711805626389761533282136799803148895041352382856325 0.17106814061855092035491276614157140598304982195133246984580005505326345867465702724819243002050817785
-0.56690911429463122832180597471699298680353893636880619378536800828672935684092255028538132941043495597 0.89852426820248348204409711790697659430615733228573194563861333851553472329240487740099168190740787751 0.19557872926814440910681054346354444510842088854236974432865601264137308729671804402283136143107298682
1.9543961993479156564698780366223993506364415274506644035066773991820291122116750630405082036671119037 0.27783532103916501042678604326756987396682470509524791977474140410019426222789951851701504916185626354 0.07310465577803243516326581389708072119275348118775504808463652293390878256677301282841929761871836412
1.3547317352163950581125436752287432519997927727045367468795082029961944058380580854682805760046568573 0.2047940722740265500781339750288626761629662966689162380161227298476035886827768097604229916170545589 0.29758751221120830299392188371951952834765098411537298002846692624312263394040140495941426872713789641
-0.015145009085131536494776041358197602835409385140568734285655326856766332070281059605746150070706736715 0.11009438930908132120387012225218799756036614406411352132683463672898882961958924326276028695514137682 0.25417951425882738195951338798452323226231656513073970903950571405638672370553536408324722337801911535
0.13102471357922696047778948280198627403589077829156846787216329520835815763899109550358324637758390495 0.17018610682595959795589096960252222263362937623169885219025278229570985216493570621181355083167332286 0.21518446185080146485809993059512117281828118248450648127115808597993996495894604650014675261653042763
-0.035084474297973193192854027583728503173523804026292397337771765905035413923732069875153818478429952884 -0.34912985578417345826941218609307941074130906114473942830055341972128737781125219379423641583899346261 0.19967242507314120558732143175898818641466902335734104631657582610849062592351383036373215420079228078
-1.2287274261508070527657037297873661927190155482164926783366842050373708440591976073986764559347613028 0.51624080249738125456392654613463556169085501688233177535745923507875895403608168322970761201911302008 0.54358143169143121776271525639522024869438457901976829157138510058472348731164172373886084957313942788
1.6997959077263072126841152072964175867685383030274166920773001879003150629771110586150679689953650142 0.99218688578904513827041335713975926325190511316337849139105216811481876996711373916759911376891272981 0.16492533560383042678314200225090050424956493115443056208618898437879156614145633216139454955861000297
-1.2804125434896044334348838717548314530991548216372643458691324417581092973091725941324462397085390539 1.238441949807397014330128969622969471214004350278311223329031728766019896751381631403000021661104028 0.66184865579620452833829198367039551928338807507551184504437892545793711986339280032297806274219845342
1.8190429297207233564558363503353829282478881407400233943495854796964129220762365262113970748396005986 0.26041542017811847185348122338074076030596722600352279632440145046885275703386176715294900556830007866 0.57781944555820610003759751629530766176885158710231957741137390057704050332857429533866329238554683012
0.028093804316547047902831335388614345630219628816289045040601213567063324252587925237312125168617006973 -0.025378832549527481437101095750565671416156819571658807330370490572297972566513253326981692193233604873 0.3615930017944657597106946028246051033655348430106818080734950077416739357519112165747859434731832
0.018291401382623914894016557203631322579950595742706519338687806873627695760023755913275854859944150548 0.070294280056788754134998348057541238019827447359607047230479992518797174158672133409365052073430909574 0.38056561644914152332591053008834056205095427331622084578788794799336119757381151221220433659079004393
-0.44215287628990897680706239218940687909337073826137894822098351235957163051472927078588484000326450824 0.88135494068426014657017864816420268277847421200128679153096106336904901059413439453229514012887373041 0.58081586005138367232640353677208925693137827127756654763631060735850303797195130075644422105894897131
0.38253762528847904660328740050097700350820312471700045393720252188818832321079470666935144517050334598 -1.2772128158882755989815704835370275854432810166208537789356844138310725556955210288707633034015200495 0.51521582208199673539754587230169719548104535498373386601070325081774537439412084950761136063304654882
-0.10875674234909451043986912396400073755792886648286837285638650772850427705220090854169646250834582197 -0.02178749488971701162859299231933636164818566874120599600787751292382944199110836677543411377529697203 0.14755813563004881163445986794211477018619478177062832432560477395096267151314397424148382558728826399
