0.062104683645146841277743938996206284244736763117679324014242753974521339706998236382267624409791732154 0.054128952632362391905987874928715515025107619925156875683147991726567246576050342078248325975114188835 0.094772436979665378191807604639485914216024981641593836936588813125125205795238637748126505233303095123
-1.1763069402446475259127188075147196828227365976650993889404443180594561311719866750168744217325351272 -0.67060639174531985099106439882353045476349927914195156406374560651889396889345591755452067972649907819 0.31075236681196970151597557301104665886384074977217604073135642405051285021559349841095563189950013672
1.5844273714121176354587319823358416721181932357220954598957935331889850025640523244345258201190230745 -0.82821138827177534414952226008582864897845988541471524564221961259613690311111413930784184059305991682 0.31416410483717929136194209911232399848928922886800070163055342823788703847826413155551966287402881071
0.92110919339734608388343939365912869705060847016951349948255628107867985423058281682721188673141774346 -0.21764429544586026490232021937775918050308429320231508084029335098549090732570616214227018246707859443 0.5781839716909307810100497188313531395067394811216757269349193259626809034885925826517725915848775698
-0.079865970126360607277682243285551250878734733464134360031862620645294687162564729535553507312420616576 -0.12691948964500355688668474521142941621908085268008303049611864184073110037132074888047760651520943043 0.68907119166017820713184823717895260217447556756776674468807067373037508042994137273398868369497223113
-0.0026905184226173724126645333517001722404690407053809093827848216954444715542159057296227413500183610341 -0.0011115613551593223713409225093846475177673107488108822805240902843958104121646678505845300176662833834 0.42368630369479787577650662114561310767215355711869988326084499754097076467295819379053895138152497558
-1.2019371396137340390750824924155455475916854171184810321481069802758326092936084354830268583516492181 0.44754906786483671717069668338451963121181274968558403511883014240840152741432085577351345063646037699 0.23125553548612020114690927927340340882298790821291622361480439638275461666273171257569506670817394929
-0.24486580086343271944056459334561753463913109000379795263353216751332612608333978237688472996363586566 0.6759719497078981049324164419509402829658019687509669390817023800840667109877750712868259741994331707 0.097835755781393955490195716759019745058406290488299635913534809337735546027372402306068884201182329832
0.016116980903033299272910876790352743117393067752627511781435094506592288335795181466496069487947363984 0.050719472016461584423341921633729545240682984314068878612852241876938373818165555845536290588227319587 0.041915764256481475878331951458974368690826319075415747191299127858906687153669223275851238957537035435
-0.2642120598134748291819571715637747939163609526665283473573992709679069557627304337004951146677681405 0.44681510645174813829504333642504443211654862619015019922672291554777844481789422602568246108553305612 0.13888905862334071437539111058691025613010596486607613423739582619131111791436534203343406847219238105
-0.012451210441895097405232176886334421406114015858679714739473488403699292910472989554234140083449624171 0.24520431689851317068270977913571494775230457548958890481102123050775048568383754554275695558077191245 0.35968913712541154595419261028214269978008036511606316794633825641235084225946577984914348868701995174
0.91333968575277446256779243411682381601448160725379308929690902205573576887948610828631975172637818157 1.4842139672775802164100401167853781023268755004637530401872777850439275874879908928288064932807225616 0.32553905597450861409072611565379560040124636075939419018861799667382383304519680493690966364332280069
-0.33057754303351639571041661378452500237008143725321311062224951272439880183077402687389023874034311246 0.34734350111416000328887401535059184529901453469044358568928748158934654509842533899554009815610725192 0.4454694828047353011281402483358166927852382704901947800091933519621805193427928144683383672580311435
1.1111261640736328874973901731234873421617467656033064991933867176538434509245189337639152260241224591 0.039683843410222908557197687263489238164988568879606391987933297819453670802556017768694491948123197159 0.10747132292237731939755878379289018492144528210362037234838824153245171492541060781434665704392446772
-1.3685875219333810465794337518878147135515140027912555589945513606362307368168293561172460813320591894 -1.2589222673839166784672657773490145032510202120552909628643286376188930145246743520522926521671033153 0.53919449911752622885404170538002722554196402839300129396776398602414287475664121179021235507947699726
0.83935009648736990586279768072701305448495254667185769163109365165843688028539527025851956692045857649 -0.76958969286569863652066031857486713047256762704999743096406417162059725021258198609096273910931589398 0.41468495169965809643979750081326674126191277089645501776495572608927092006553970131068844543885765405
1.3840849026974134334234787928591782383926620545537316069254327908820830834563209301655179813134518384 -0.29186727700028708020409416048226143200341655957350317109455738510292507100395398484674507227870069841 0.61435795127057797907216802384851150222888305918883444742333049046434234284960467715628791001621767185
0.69985647970965405518522191554125535844349344748998123497371750952227768251581755580945323936264473695 0.97634240730184596203607271462013607368462258021506547547604588691627911715509672251679652499509076779 0.11712770124145853363726231944104185365675467076477588007836321721160334888430412413855010225792319093
