1.6264271485167278263981114020517157295423321889027430605005059634143851686797218346442423140206668836 1.0577535045648832572044972771566923618504460806513767825653221636402879438073160186140977741730908248 0.19965850171791313278240904151967848022188040596878762135009248869789186341630785200051055801803542294
-0.97616349005887950386614040762523079948111993404058817893483154384867049184197457108700171186238868511 -0.61949940144984092764147163677007290280497116255983738323969174505899834751265228812773627838839262961 0.21038505398854378162952283305797127701303049171548587827898723049343812655646437112481643448583803679
0.014745793098473847646718620027337750618466839552911684515057717682852660171983302450237640794519820811 -0.3033654741168371745593984417323834683770749400268490678548153980117508557917881640686393449126103694 0.28852246689000039053903117768502446162377485641829353746829872283116950369797972825385792812616704154
1.7170647876179538184883641236723119004530191631755474023834674938208467979828309174897036889950862204 -0.43328716060217809049276392457393687454677650963746531911711888441075233330626130460865807649932586484 0.6153556344159984545830092821887020972634211615832394274586305623934132676269143505088983697340310639
-0.34182403455084456855636105757399626911921511689270568336689706629122340757621427565373311538219166631 0.17696938575823517591865577281366312131603779620883352199706599601698615774797655688908617631585820615 0.029819229213751921926161693806303870434695163319653771824915391012715606644349929193277011276211264971
-0.48228393575528117706695788790875803272592902518256224397694138683259629292452351758815124687134127063 -1.113218489377716627649208164586608048655037054721680868126689727260205950947594183679550853693783474 0.53661358441415209267398597097069589150537622482524860781914145148386153772656830725050431740017324965
-1.929855910186398493381971630577317201137821227485822937946007996748778324026289791658883996339222006 0.077894578476956274514296752450153097371710930078747612554129524866098242606713325755244438337177244268 0.43740540949786242442493824528916090350538014436185033438187388389914170954434694479948211362100914537
-0.21822671862693460133135389728316445341090097857273679776892454398218960079081802082025904028256353899 1.730609959872694486918651415590608161316891779963506694854644156243395809169270646164275372260505443 0.59629493782106861644580018899270124240166888487263662527116810245605538337094515310031671942944315846
-0.5547675979635142099442176899707506311275583408195842780937545281090777517630753529259449993423282325 -0.073404816972272142639945681264923976457331939508534013042504421806967429527796091234069938822874330395 0.65816652030200473906338279889394254257260097712699379150010329858781819270156376897761264101049637465
-1.9500313690715735896485355512342367857271148414353430372946306737276686878435892421072091185687316813 0.23866621579258389170245472270817745232118318858068116522931589980559864960509696295579410985289817871 0.3156421974224574108066342354291048996686118195731604611496447027013485115867451132931413979742196543
-1.2378554012162817426881034373502946354694647458203349072075617222924605792412642043648865582382048398 1.3907808353932249176413071414909172351441820520076792028862241058668139135812247271197477393479134227 0.22427636071285508139002932373064704030976242027869496570814220467218198777757464573089408725808006109
-0.38109627510446485796015644316103110704001282160994822089779787776120429086171853545105378736919199879 0.69010675648957204450190966803819745373947647464448237412218459672969862685160442307088637913014612123 0.5089906530927496705167739416348563811536538701340997358459853519750399860869598200826024542991807188
0.095814246844410258321127629552946377766671516098883352016658322790196709474564636676731089127826760972 -1.2538909183699117945540680462602399229770076429428303852359224943422306117353038292992760598497285671 0.1000592997576509749681389165120442285031321910057496767299713236013260961831080495942327264669893911
1.4442305951966521106535918271497050804500571095498801365500591287013508970228664908783922257649578804 -0.035892542669996819763892606108027697667788518583089586845316922192862703892818462173241629244417945239 0.49094641110880814969870696825519745616918272176344559844977824485723388638733637153093706836310166185
1.0496824826918719664350294443419447920331805636199132103772921834581481227235962720159825165075776389 -0.015726936505900901563819788445271693216292368654498581674345800313351643093131789827765557507853614243 0.10286592030393957785785314009852352079325774647887056757467597095156752561351373143475985813277030365
0.5980819504264046702167171039311920590459803241365355193115302405355426594964666342332501613710990201 0.33352205239209037751969480003863237270683629044396727092951215548768179109792220706271678535215435898 0.0098432920703632568684617128948634472927767467246869448015549993320817731689850440983790993516632751351
1.3014348137641060086672705982519548403636891165450776138834979133066688143229416243407288730698678733 1.0625612250503611164898020069200991392315915631027225830407691978964546779624513248129080320995208757 0.45237421803189646881746024765666331528410157622109612512930619166205649878503121427482242598575558063
1.1842404489596169361440922907828018281757463354006494176009753463209853001493599535093830902418083756 -1.3690270841798138999784247280615349740822479704015560578746295919478981919135307572253963686248565894 0.1318240404696818500696220436176241336145112636994231993821576535643494942607502793041888092286173659
