0.73437077398634365335134423267161935132842715918758842187501083548073599178712623577630778361782721027 -0.69091292036115316423515728681609618294815868066540965199356527619580219343203924581422775529893792496 0.18615341311023938446620597197038333812739617056162431586260472465338071251324174984653468321284328719
-1.1142379334478643201726385234434013126026831562216499406714647972944055000262423129039815904528943379 1.3019090491103222493990925601277116766576031467074246884429396995836345516361922033488331297987342397 0.44719518683253669448750328348309466636329397323417955258936200103211727479543653374503671987021653311
-0.48215294649656027652080586778150025362036729783041122565428660240371440999521891178210471752157797761 -1.1735887286881359737581434762238404561523774195897103383226879286759853007672609388785232164840271237 0.26209983211719351703785507683454851965114798967660880266968178444267253321325333304164552970267616189
0.077367524629058570431618386077102330333708041184722012658228054389433038200034190441918766519757036381 -0.10405204423853927495855694096214000518258539728796077790783805913647644231002833205155767423177281817 0.48310134685711788075406664643721268630338457658726768090350956133188859679376349569382471587082415748
-0.101163207174325475830530509174444070431322209199453137920832081242120434074380194442326744481661204 0.085418398379969442482452105958430536693775732823048416898129628474145432170622172005475023362980452558 0.25907890408017786164216746577405931839907056636832997628752127787145822707159712880611903769626487933
0.27198215039676289741129442528955353092530497100687536346387068072551677886014553793662282716465301412 -0.15889958772446613249196096375273036005764150570773355261400162314077480513184621846715602122213223442 0.16162793392716839197942305386094251839835187401095477728386807184383444686327709928050132698325583002
-1.0495545234117685451155324015747039250992743776709816529926607516580095723907380052650106739024668239 -0.34574032132379066328900070592332409997712193026450579819848124706248050561925044451474171756573755281 0.48265970249631352885015582775473099823827691405410297123528779385545129460222155847115279060019332783
-0.37233560274478159297379129435373674281622362728444891472462223739701104238646197931503710238694052024 -0.10551773622515341056507566478379516772218891744362390257731575345287740296668485477548266384506015389 0.0087652266251864935640389759257991159653007876121942019422335452357185044832090046368690222624038428123
-0.80680678074888474618134550674390244381098710725623610004315935116825758092417784179260186504285998396 1.1671384196322648037329373260065740997310117592263277520288017952376197058030761846035184516220517571 0.095984394731877390990160765921770608474331124821315876211973145987444333129396065005237932631811961621
-0.014004243164094755802041721512794127742251538766754059375560075071495885571723868622973290968843689447 -0.18743935455256572658368960579239868156871474576168874590576112348979575968414371586667344490842715911 0.22210113797535710316902871555672219855510206337950225489527039326736914639673229150385843128248766703
-0.29587154088653892702460320760204698218740535432164638322457210767244891231997102385243181862015071865 -1.5729744785978743598950786431960075115835183769592619262035868779823604588405655746277425000731222835 0.20080141852191013119232638159660934630721959817370904644562500964945430455612109074355942775260623067
-1.5091591137926348754566806353003217412526814221691518441308426902219622587439801371780751671348912693 0.18741832944301510267155377610281486250638213037552156020731918228746289667077172398069758110307509586 0.28323653120647645331267699967499556977032799655363649620874855389476505878862151173380725075926228834
0.42874119400849076609322373916418429012518356389048950187641334025676927331573917368234789033226704189 0.45370682588718089878291992328253763275686351949978668143945954639583743078916817574671379207775710213 0.025011049902278746516681414603293712288167671766102136954683965626664341700919743921326377924012166405
1.2958168165791860577401084691992816955083730571675874784341644835776271104153446388918602906270962121 -0.93342380933275290898854780258432159513229417171921206202585508121229913643599332615625381405222451663 0.57017391992316487601210042897920550808903788004030552667850784972923439017982265494724756115749675942
-1.0426144783380936437389318115773067193513490304537813999595649933784108146915110825826555943988499356 -1.5569524576976613826916710729641184555520299917027543267063839821108262351418002986162396455558920166 0.58142699123100582109441738481568498705305826544893575411348441975047907074146824048904620438162176084
0.47506053697784696094242316236842190763264410450198627597032586279626541442644165972649993396400892489 1.1021026855280732304918230253547880446406278356213204761690736456777365002764614969680131365283153586 0.57466914686809454073089197251476501452038501284761591119179154487389086922247257563668048138042992994
-0.61523028111033435728876242875229351372037905135968367326430109076433243097448788399782457230628098272 -0.7554735396125046683972663184883705465563857564318497010965000538043760077510310134795105610370049304 0.31492789102044623561925416802914729138847211411044909100460927975383726518398599279070523084100339157
-0.12917328135092322853273775549237601051340104085041444546532017653321339601743173035885740438566098362 1.7853699725764556655740760377822192043889038210592881264476144967631006044914832251339744091369965839 0.61380451260852423882368489682547926955590169074516308558438737087958989142210619315888271764504354962
