0.50393495904671892242499471327047602308155912607931380043457897922582684158885173788545184037783249314 -1.7219019946603011085403619136558973132629052960118169467737459151916527619645943856646203284755092617 0.1375398727972970830450844420547233983713976798575983225936865140463985959083570927376927418767278773
-0.55491802623325417155580436254847599383318729677456448569742466447290373891880568849399022211511188651 1.0429741091927871874957243787974741585923148225457644797083482660124287848431364603937317408800923795 0.49778817133047327805494399427233733845647777573071031873062835690823094499795759519180590801149700829
0.00054221844467725264609989377225432654733866694257837642971824668594118863661920872666737105258219338715 -0.01630307876617047132825335190803035429351631424131238413163597708339755539419886618385586604648206686 0.23993842040142679770557780450381470067216338283463725004424451904599249647566880008670368498651477565
0.046075762749120958260622821201238771244903383477976501655046333962462584128036121560278227720605371707 -0.046442785505206021843136457557027353711126032974651760773982495075499149018405805431676974152104467054 0.33945153848030557513923901571886441804415452649700403668186726790263819099649510848499042721313785764
-0.51130485921425868835737754856440772903391269045695093051158503169509711950609675643296616525715176433 -0.84964494063498202656562274894217784327042947896453827590052065353559546443807249646194270953414009944 0.11540317585968959982219212575395071708614512197840385398302872152579670846283835832934871313036834349
0.82653348254693379735209579305253684398426376816853121564841546584464255137745281555508086363410980901 -0.37776029425748924115939253553430069474102972152671589743131423425897840075714738659879347444746750654 0.6000728291755558816119205754815405298577313307801556905172903293045819510934379706380633659805418392
0.97381680942509812193484815650835440746682409688301871240324956825235527230920393054452837349328087586 -1.5733956301697272400510187712933640968906352785927479190385175980384224345570277846049217439417223666 0.37622351239034970357606373998247029700924221141494089474119633143065036846935493897323353513588615166
-0.2140624284847628909935379264942884094732198323843840243441431917042322091723413496828381752734597923 -0.26168355648970538502225363316945460945048666648490771235126640007232572970283246512441359771343333634 0.48811117065817475530926733596081553839346684739889730693898195945212560459888565069867988270389218039
-0.080017132879428301811444519657887194898451023394891068221351210891079335346484652796624952310772792342 -0.093392194967005677116636981057098753045403845598293095413644381107856608506328076216389181211542215766 0.62521090062344062491477939667176097516113210270907197948387595337066625669479116042061470533385700117
1.2868714056112699687935492042506142951897821613199510342856543488264652949984528446827651977757362818 -0.59960704522259115150549121378181228643348762014871618802374201882433545129757801258807979576194275126 0.13725759761051581650553690451540458830341289228572495443794143343369329880457774184320535893987524047
-1.1579788236256090872785989438093250671997071537236716013063910861250922403456986481161108929313113433 -0.68363853661551948483252014219630669729211323803210339364193666988845310441340203352666024638926880053 0.61402896896734181112321548463412142850169172502364916256509768662920366781422539753962956217107178636
-0.0019752080171605545420102098388350385252371521276194041839381574361556948224872279164613051666070811394 -0.0012226340847953442259634863175943717409156077269310245072765418105990099911923006241708963997508340024 0.56436285101600550698184429840714481688083699460227363933206032184248800526349496748033765489797493123
0.3295971618435727117475465569880118707628897461299600463925514295817292447756796286331063785402609871 0.027795888667403389237583186417234742142239517923929799170283134149686170420084128576633017216942720069 0.029366386629835740979150198856451362576597558032878588357103318347169864934248264822094626569351281251
0.0047160750996701513748217627329637448458305127756848184727630093228266513404496179130322745235692355222 -0.0033839008405457146478247044511476782681425755238982011027855519837037966804959499525446303236694431469 0.50490564345326962883296056142504644747246242357605607041705710840464611998818170896905996912974813943
-0.79691060464756303975494183617274380580198432700060020804024167778239079304695976972368830408702868626 -1.7206064322886124140692930257547682132988717440103341801023045788985650771972585006862722967344832278 0.20525766069057328449073420015501909944394615310223505367430795067310893296230827328581299554083008795
0.93119463235154328119531435457676548119759307787086487152532223864916813016774725547669623358788091424 -0.52212483622274893371974662464847940494981487031990937018875680404622928241827551939264724760875565769 0.13858539633383120894694334839225356431462701274398645016114722373705984640547987251442917847444623494
-0.28077477764080368051100878320112112667913590523838053684133545287162015060838585515614035744471342256 -0.43168758730939836677065092307129419917150924802549157053361065511990396161794760553949876842206757676 0.6510855827543584667400751549453277028409706137140657525264959144689529361327848817065809269905570258
-1.4555362302773113176538359087564355029915373640915995494832974502643739153914127970014960713759389345 0.20080913463488566773480053652372229821692744991660368935318257225882861755259807959659842311369807434 0.02457787211464848380725223207944940762574293118474966568346061521420915922321261691295538334003609262
