1.2664478832470235476737708747056824711175408679300732831825545842069491249065365068054589032433371718 -0.61950360382605170140217389235950205016885586084517967575940901465684283880918586103900151710933000087 0.45208962223228342931117507274126044494970096542865272803660014511078169918576450616659975873901673008
-1.4564338986165558592848007223184233694541102652208971554040339661041001761551901953676862057717881857 -0.1997892415138033548627893636164047573238555206949039422834604741155879965913703652965715643830177816 0.58212219086355884645082385468576820678123862850541474328520824227408396252521010088196205359584267215
1.0277034996588031921794940353776699070845084101904840923539753727428113696777489270892550220405023754 0.044116880860071239950190162224117590433339007125762965814166922827486970376926964175866297845394314984 0.39039654592763197710766845404046277503446910126028600793225494768416608179781848738542590874298638176
-0.30789890549475351196911869146992607926014319639192552911800563202160049586191160836874087354406869869 -1.2701600264587249322185736883003308424443868482908670822908925185241437717008832126490600103356398425 0.050674813989409717912005411319491665237209967724608869029098135962171269342724157240923477232021439289
0.012682192590955789696532860613224666250638734023295937169581673581643860452836883402915748987880201361 0.0061149573987755836421959274395407366058970169916803057881636925067409510871306303539190379832817082946 0.54773154890856550755842639149473626936342191611287816149818569684154833933541143856472234255073902106
-0.39940673724822850986217685157954807434425720760301383939674989711214986748248103986837357748539297297 0.99911654672733481569202787052082432721681725615274121643107659660388451930675177118394996918017359913 0.3345869200753071095165483902942552658725071825480230249144613819044866841405013575657830157272277335
1.3019224132586643095286230269905024330411082727187703667872518249562781500259289286421495115349415599 -1.458525160728926300417970693022705013400908183268279619927478309834954528862234090257430756722372416 0.46399772318711360154911885511397346716542568246701139970010446325869486532763447065682227012264584332
1.0072280058872282650747689997646879217902935939403518780185140778684379647482819829612830866055507878 -0.064238784028242376513385421502107566716744715889971669123029775333668165133671148873347927359345403511 0.61336206388319653203571540833845068035993403418834741581417794777459448531528253998074053698153822736
-0.005433572310099841985524293682651644365326871335933924524516743714247522431924718605224756585549454374 -0.24384334641976884498763771411629086026813866944904496133244076907387534936218533325708207051459930526 0.50570967367628803124877339873251182410688797977064870671456162448653331220952765306326415174004215854
0.15726328951964568532643793239202221955679307157335551794811117356295072975838364930196104743406586756 0.21446535322074001756934333097332420643914110730647538785905762178556385658677506908312443030735811362 0.42351171395448230613622551684799298223266245156966104534575786696278327488330947944053953905618584546
-0.030308969420113923792505916123564466497886885920866840266490150051863815408469899085948763641056121095 -0.014516251755926543629000690753435011258474006565529010177975054218387147811224030260980327864066668148 0.30126122919481188193265578408978993761566011833258155893983977971341959514489580717739725054650973122
-1.4424497527843721784234911462979385325535897843007065925005767490528219538256947729723650309448593047 -1.0108986549020420498080795006010834281190042838281311005631486630027605464357662804584539246277093524 0.64489061998416460979059403114862232446607638097704282982523736722104540496120741962623765264553476674
0.57524918654253599375907586053270568229157888520814992269662871753799232483155773078864540489293435655 -1.4250406775203262755328880653889121639943009768392505534194083102755759197099045650303048076842306729 0.57271002775066912573434150403541455718170818843871736391017370818737581974059596155738562561064461326
0.089884098398998132842243262137355783985047554419045956864273468938192195050103479640897616327258799741 -0.27876202680370785440256289542932096194212243810219960766820758977662657991893943464150761716679506406 0.2276849541364422867788716039587957223842803618685054165964698911164564594812222987802763555890791393
0.60462859655535529096239790178519721533251877872943922851729279489724696448441490382722857106032466144 0.63374799630988895145532776471048787268725283461766084766962717157919155250451275233210561016189446692 0.31748165009164364636355380499649563897275629029542531340446974562033588209171195413173526121222700441
-1.6179054798607185633917987552388670948059362616606651318548967602413709311589097350745243255571169834 -0.27311278696087773889081695806853725348730762841893077095293877160091152553711851899398754719149803398 0.38935768687108347023787404798982263215738624650375777719811191915884865119653794807116174537632799679
1.6130846563165764584896341044048661560770310428297045945947924555232474518139421116092366413670016069 0.16836282065972196771678242480520078168321380978532959142164732628521901382921375294062745683714993998 0.69765507264872769536191934677441359462637328725511478068839851437192836811554344721524463197577750265
-0.850451086823871179305339115913722531576538453383417047634740350720438650702599657614041755136382263 1.2429404465659032598090205018553746925238736860266567733445455323368125381233250421586215082597022889 0.4039807964101873278280935480759091285730118653678167528609622745978899210208230065711103220796891914
