-0.10328680453538461694035761036798351516204379487720356179510417354599786813271203565635035223084623653 0.69948011036871972686768351223028729766734886789186462198123004467308984181312118873037335243432316913 0.26192049660522171926928890870502118803246071244450021777370816048703940724314103951565723382014432997
-1.6534888686148419981697455585365919915576787611857583314187136319813491781494186679120370962170191896 -0.74055157477811137874866451173388822545974981006402593308020642572788265014822608071773363235546343281 0.69290681875349682127580581314904961380893425531975132666453003365226890662441206430502296334291149974
-0.95695823137263988157289797867443282069014266450790986101009822723578786742232248858957609896952196647 1.5406800928801224659044353936659841326222427166319891513835923152918323077672493520394701595586986903 0.51064036298228709316587359276147389958644704589309323722596195527294660203604348999148466552252015005
-0.81477319543467577763089554958304784475700258479939248271287778029629497987481676361751925027856508954 1.1828835464201014018041391068054689548188691911110418678388016475241030792179475737072766040612608468 0.58100027331691463779017619121098940937380643125745577944032797845784911528396634211980925016530590862
1.7377295556311415321214405007266060807879388277489636834430250072593322463979578157252808390312476733 0.17083928150125684415213786551563645105395770815052260589523115570355498016429762724566239513714237635 0.39587725270403502212033952670176551270621335620595175736784458579438086416085232253025304834580689868
-0.074660998938097616599621269641534964189548281200295274373433861998328247355840356030658597866732346633 0.21875787375710958602828177023684049882947526124997034875612339375172412801238175582764977217354560908 0.50023024086448230420812807598177477509387671312678799936519228129944437835369006365285205431166491071
-0.38941678362781791301401267557839631068128448080456782847237499691750212525961724354943428830127364326 0.35294657483251254031414641026694094110795459909399078495530098746313706137537394936965425296310238126 0.0015405265790814551867115071775486298105298518807055757596031197473698929616882481272521032036334710947
0.53728438150110413626832224686046576711148911781174715067517156928677423852536077283438630248281904966 -1.3996184375977731395176855929230030904762871832040520544688351676769760118880674862298264397869442981 0.63624190706094726417675359149793885830579326742765161722907902991544092472844397339934184242826820213
-0.70533731881319000117743886032449701723717844064881841888969013800236453132147379397154751160928893599 1.3296997282895355296138022685609040543619460451198207021504443170897046982170900367345486212346978634 0.33107056846600533402001828568551970803440775757773403427482953896727522451683973124853897531542091792
0.0031371999796825943742584895746884795599435703220441648499424222362243538983666170794308544371121423835 -0.0060325375434793859128174213635605793676573953698181942557601161621128608015719839854072351499271822674 0.35670478286762114351868005627872108976890992889973910432829215422329841267860754892110119859384767605
-0.64871469384530731675217418772046054318166689105116503148372285435584940933420828916825001336770666287 1.5982225228436761976015780970308188788225269445961278995437001206000162416593479631292045897998797955 0.42906144455486882835998771008045205370548643233969139923220779776742305332678392982935943484617349384
1.8411566453834246234404291322043158201005175719205864883532638083360345784482168819951784808284654986 0.07326795206825271654111063160087581617263610150960861061233982026256177815695364493579964503555069741 0.68177143481349383313638269682056698643598985537082756078058874762132770656315575574327573489584438539
1.783381212429560879264545178996543178297572105424647971755846058739900811627350433925041450616910371 -0.80999016498349057724943823415138010077505315833833614745395301906424263172688014993615830104765011593 0.20180435123683425622977575814968404059201819456914657333143762141777664729356865725618888182225650107
-0.7169886205797018235174062133033261485246194681841929490832445337648045476460884505179603237329483072 1.4460728028417473830700415518312702598428429418476615347932625063651194127396357431774235907358943081 0.51354205525389200973974704415342995178993879960032939824053659970632666701835103505454324903560902139
0.58865371388558208982468807169298828241063828608898692916855896658607744104211801399764827365244577541 -0.55079522420367735596282274357532991938419387674889597448826431819469355659392029352582418703127529123 0.68913961476156649333774586309292071123939833593543390425362841546467829435662291616199196029288014473
-0.32629577281311437399099605845968073538166397661858541379571170165571342693677355203061432880866352164 -1.3423907147580641368071292463810632858376751051596945389165304536698046252621711998532708451783539409 0.64998476197509726994755390599402895848569036808688924605839927167589148777763038882490559473724201166
0.95622774796564848320740281057825401091199862923923811696760745084418982644423838547980891683101311112 -0.53166249602805878376829649670943009368962403115474832613564431742116502339317603873582346001714546257 0.51143975626678194915079778372409934068180709821359801978815246873398479100332836266946854046200148856
0.58635818281548529678741740847228717516001905433534435542429104660225787527768893168064090998240126685 -1.0651985897430950256732369122575638318877990924780294697545830453998624992126897070223238264930740401 0.4749391344816862388156069080320920045042313394991442834691458043816463887997171410885565945155334422
