-0.38224085472567833017477135723490933157532396302169480346451388984668132831088242410626132276242174976 0.51653761397509660564462485822176264347903465738240589843419658676661119717344540824925981702266015997 0.2080572493810823644959306652810609072954942185601315267248261435877693665075401874389185123246894813
-0.33691499183009393519372043426849917514413000798833118457364411157778929587632316654961570689149997861 0.15790856730939509900820374345949736450227952622608100429415880826030982634108231823887300409880624683 0.12576428849652085988290576530898879112572486433531094563206274503666668146984787867774701266043005199
-0.44579009193780078614401817636007460933789849484578443816612472901714204147728262711897499639673268588 -0.80736833140082372092606503597342909543855077751727721304060432394188374477478106995523067658898464958 0.56538605892697114788189147345908655444386308401510068545892565154184858170634275777147772946845631534
-0.67074710779522618670904838317414717937403286761811447237636967814777600255974727413185470017502900441 0.70403124654698017541605341197168422650318739796399532097356590418942318793173467891921115285932124573 0.18104574135086872372516057030929568698016143644590983398680094268899770625625620306805005790381034567
-0.3262674113864440700325236260618583543780583068323918620780066465396909100684790776171042584966086974 1.497658798360195342958936345831939975716000574047474921544488299612335543291486046737855343318565409 0.11944871170796629513874973159613629307209807563105950636780730763360189923746183870746625471023739129
-0.73250860070351570695420813891561554158019439510308919620821891338823602535031745666788896934759671379 1.3164498469798062472649016586081518906198397087472102879853171441414823979483392542196123706620493611 0.16971483270371343490830698830159496658248442859377912063882575171527368015905824056544773605246394287
0.086124674826585759334929109907961820211888548385637564814938113896323895112888128720924181358312407725 0.011321640548356709690569918421375880524569396788015444663991351229434634883894310037716878543514480813 0.51040385336744036134267867461099547805393632462421905099760148520802812015201737119864690608795628313
-0.10401332296811682698815128339390984423519709065432182756821815775391922628049111412982128208235344946 -0.12139319203055729523695961940090548700026892201392955433604492214726035317136570537002119840396380575 0.3758482518522933359364371711663436274227128289203859723339147994105026881019384181666884960271857673
-0.37827937325434142333716375916121474018106550202965400872301006270028986339668261330779684896499316389 0.44703355974204899498313674080232983124295976300726257142333157321966035724677704696103412231167975701 0.29096746749822278229767861585543715903105692630136514574072167617605691684572179990156578266794615971
0.43953671019146011071457701433168696090934730590928546553375449907970435076525070039064467039205396185 -0.093481365685675244419016302457708787168120453295146689345170428191387171937559263636403485096543020681 0.0081424002950554062228530676670777080229322676921103234387689326830336626777422192777675881202801721761
-0.40183333174513140252955501300485899075939848510061921858774870074507299821591783668997301523762484964 -1.5967082979894450839196339718688836385850689005684338959966593117883447861345781583696281501610191359 0.48515483095613639404363588177094211175491044825904466424195411153529343545867990657732786917573687101
-0.64391523580482487665929458636453274602256583728735452608818879772012755444665860758150987567029298335 0.54157694428205452895478415360480109949729825224804337737300502733116329364456765920100073833725954008 0.32141803673803525157612295315567725882090940936948734075262444261331696184802311144047379549294180596
1.6454987487656311794852240263969274022823222334380414300894918858849422691982851898285256869925773219 -1.03318753785193497806572273210148447962408418986345741006377768807415774822445947001905007172315296 0.45008542494420738419355272670078934193131475924807075621739894546187643472859151307736220668218194422
-0.14297806763339753165921712457343661322090540618576743032955801852923127750484900429037019439734101556 -1.1190001805209343419616051063692741484598108311986363554223644262793285975083483242350081185000014661 0.53779530766123328724979615781025089665942386444144077751223295723525681448262650695377266508433601957
-1.8087179055475603957233802638669067960704887829927702361058459540651281762464071148107277534320822375 0.66859305504036004873707689805069991610979695557710718642381657195210404827270926036258379011090089744 0.1105953715540789833636261096843385446246599747115382347052995925143432237369660789437516280229771359
-0.21811586619586472490301347113711866624240835551763314129997983511277583778005754713611106357720206827 -1.7552311918649824972826912515150816407978137398640160525642884845621829339102860714846774700547698152 0.27419856756133690218491702893531980430359198089217330825896928714498437073566990461302265408591702528
0.58766578501587545680873741368297661725869985636556951838433529883314923452503474885708384702122373171 0.097512991321334582721457725866075712219012985889277636860855142870501979188515196105373640748784426148 0.11103998332496974073339345240201686631411443747091174003437924093551552950660789869821632706335258017
1.564151487962462650593653844416694235074846422757982966917885371370097875125655724617050703393954882 -0.7949291882384178497796680911175153427299304180483428223713384156652426450058607971827297947899965784 0.37526742207205979311059074858558600167584311855282942551290904472107257369308399575926496910101891799
