0.73823031141584466072025616316241119657764002486177302905835542726931450879361721814531513153617706115 0.95158641992297110090840856225202858734102495713623807429857303137605076246172989907074386231370513404 0.62669355753283322444132993510219045534318747809727960319329896676085632233202496113513017218445185535
-0.01341663487857168744004834766908111094323294034765077161115890057076596641176325249688701401686145349 -0.43549421117250935951981568286245758294493695120540272279096762580206255601347345933219041412985228491 0.39485017149058592911966019650201720137984776916979215662970571826552197266819368035401476161326061525
0.27823032525537044366498338166922744958694055654789967814668049370306955013238760849783260218635693246 -1.3616254224739369133669986221620553990355139559979582582764359148134805872564392954517209792490931228 0.39547297108882505432317383474638120019524771976782503512939606292413896559451622519631173650599739521
-1.690501787387610421096308163892975034891556871891331292115865351818436371918177358288225427454790691 -0.35469849916053845553779437601788621071047352349841433445792825929575740194609704501320069501560799506 0.019494589372614321869902803714439846926146512479623151257848168235766392604190795057639155124774702471
-0.38676531798462595312331844125269135741459719112750052459999459206957829815530738278854713165180479631 0.25694136845151123659325041489224639700556212113691831495633813959743416274827056094684105088578350952 0.072848680467552276667588628898736488110006300639884122594443016144510398897590837719023206897497643721
1.2342919274775097714629868002041874231098174630786305583518391690902885444711800449497403260988190489 0.23693964816746762965859490760988369529368096186670933908333789834142734163337525880974437219060965597 0.4261112760774128405719591006264550150111453094880854997519426185943427039432571155671648383147019633
-0.22980774229983392237220164180602823000583653241206499556655353942502863877235010876586510614178183307 0.080840097200570756069827409314357420633795356337783996897143517938003649431182459801118801607145256276 0.62006453737509282056625035996534576807214460505854520077434894028124850205157231846297737352890183644
0.021192840534002345460748638640098028601764578759606723833869966672803556110280343679070806332645285228 -0.065337581826090643609587410489487236091099240115822271924958761684424334204612511758604013096500650161 0.36925982334764177523879882705400528902352708301250326449680061307165836468917463120375073919349046226
-1.2693893960137123805146478972142783465839813601543075764266533702537847488506620175855158538889141744 0.63112446659584981444742419054644685107057192122148154768348626553567795410838593757749929308162115725 0.59221020920862714272072755319083824529382919723267452257887469200677544585927728489475902714701179663
1.3679682414873823221042704263318765960670504765382867849023237916376578903994740532781361161239894903 1.0269037030542445603644563630151034176518329267091831788602099600942848071702014471825052601473462722 0.5786203873991450644073913416984437631790934181342075992825217881654873795409248979523582002125347622
0.86925217254790059692791198224952289970435625585711704270903814571224413586200366491071134677634493475 -0.13693529012238655853353143668040415866743681390878587363332451034921253867351087194639956323254973381 0.11930853211345716759684772009657683017477808651072024812920067558574054813517879606085385342489924584
0.16170403588205037010162810958623341295428068227038558446915837666540034051949604079327094980893268713 0.86410752980715383270584694522006028775007420611511821922694868342071153592343300700918425498304910748 0.63195562106937484253395716019048236894430314301099079837061291542935136592800695311491319891541529159
0.34646568576209349638034489231573384406841537891344282508721806934646815281871559166139586070680436258 -0.58162072847570034197877697546107148326724062686649596457554559714231025084000593239417822370362143899 0.40961701188749043129805455923170609384589250996630078647399804240867831265732072586101361575645889663
0.15624806664718381238791236343502200186000361040689775722761159339925944608762052268353052021622146334 0.85249566711828844576197997120056044854416947019962558908773827443759771504460330624216618006379648679 0.18048133058270062363388107367002404774155002694198066659104969195043825341580846981468893035918030377
0.95015868288442391659849665009997366143749858852586446816648782036613292194296875689167636120644941669 0.039843577608294983967167964203140675645930652071024615330737404990898837350713988576475503763546419198 0.64810113872027305142716830229342278164006822485803167612331310541467787891644355674340188697278648097
0.43234922918136791251160204629846507674127024542846413463611770143725310464342851494240017751647609381 -1.7470776575587203590342946801824925332234032548331237967217530786350626028584859768828165353324739496 0.47858774957154195921540887204968307647386116292923651256130376257530157762157108693985840316285589573
-1.5238244152639999706352316017431790117042537812610504296062531124465980755361572196583142578016034928 1.0512037790181507824087082249352921252440468143544746420462488948055601527298300085521335008984760269 0.435532261982073246248998286088807268763297066726945582599260324913139782386798148761520905441356855
-1.3652366823459629612076754148291193269266604179034528150692142657866333892201050399304301426562511467 -0.77662355034274413154769236353445274595686460904949561560864404531105864457958789387078148713043061789 0.20350098917180878054595672569344940101644009384527500818849839379901301200766601408882600827594379616
