-0.058807879564586529632726779230445066296555383938149296412331212941549475146777946944286801710370467729 0.0059277221265136746880740627316993955044442755834929268689698441347604771134348167714245821203044498277 0.23468587563501419141044485218076736043883715339486931797436952808920909707351088292494762917682539949
0.24553166873456954594422447473581409312431454570190507393753297482141136867690019038126352223310611759 0.042577392666060552638359164934493441881216075386149478887405953999048784618967308041541702749670111554 0.06034108954471079100233580852325993251168587384997570420430070973147311826870223993544512374304279691
0.37127264247935003215648647049316421371413247378680470405997980350599851433183158165235401854874458908 -0.27005831835666939649898875661785801769042750681703365396774668617395665751795230495837516283200117545 0.1376365544920445834680136978760666364852690619507417379319054775829985966180190065873070249647209869
-0.189498362577972220671868248807789588200982246811212969202896273371892087330504277349318506133352566 0.099909353774886536744187287998054821914646235946416008628920215568704588467769731002162082356321557137 0.52749516389612616733357405617346800706671179847731969480584210141353144639798049591313185151339289473
0.74622878763191994900335987665206838878317852167202040679890719156897662033972280433130626602660549323 0.42221452362744886774739666657981174393836433773949171237133515715957551610446325893405173431803645214 0.40941147784425665270710049299416516365757206984666688625416064618201252061982891287789498450868196382
-0.34626920436937447003144790260294545795784445071131953729944107868577302837986272047539911415875324721 0.83016619615655295313912394427035575305198436953757893922143449456613732078802767576001308699544086553 0.48587559483407260294113624620741006540578668663041535946957237573686595751005040147135512014806099888
0.62841382773264609960751479097642276056731063907525884080664020339389837143095700334139047033951833882 -0.96187413976715049805062660040941747400413183336481380905359377665630508763469995921804251011971950134 0.49634290594061101334960229654753522062104449365543958128299178079508273601919775267782473363659060006
0.28691418960453469417982507433134571847761725740788527640975841912456426909796511412405995930654708606 0.15983468297912286308960804539616809540390627947636664033722816103910506079830473911735779009181728365 0.11458858890519091073814560176667650041825992279727570172108314167292064018188860550777334629088660559
-0.28996603072904314052269766919276794876449353335567006328485959617336065032204294285819121212119825819 1.5284790131047487165887973919835384635449894348453341839171974293513801374521468981869248474305386197 0.53306972565574240520407690598151930722072792182506750470230140186037970836012894347411623134376197288
-1.74599599961744506747696710172783668943069149550868399718464546938209173483074554801375207218166808 -0.21005735431981407794946197378617954181018342903833305568061128541602747110228789600872258664054501578 0.35323339154776730860053671747744211471501463437724532972907672667567829719844468467769275886467534267
0.21586470918863827975228723322863453028531344556568832717988998416824025122537188019658761892974730774 -0.52770556099491416241296336979725221750590055166114360529723942158135440899166914953760203727040816097 0.22191474493691663961674146293250538830746791908258280336897618250823356233800706314403308100730743436
0.024820201836942372610877228927395804752920345608505878201542724339797776228682220447960101089688469422 -0.16792862876344496649615167901434462854937301325545986845833914832117128964681848054480864829264340555 0.68724247845399789479309763983133867690243335593256453874184358421281104894072476042512784393017736861
-0.60572008899913422170986505946903992220120446765417598150811410527517553303939763358286548739126364731 0.73930141028324022226976871299482291232796072244117084012645336233906917274077019118419916479018807806 0.080681633945477187986674534245140644719387216276179934910178678716814559893473737145476031592962495387
-0.64416623999779834850402181421859842948569657370801930605981639099028578888199680992920053433135094927 -1.8598308814417073420362819530458339699094714143636501422971858919113385883563263948749329083997495917 0.53413527120229124928721193086131660242542483915594459484238295242540677926669295547504611962403038156
0.0022501958868687058621295751339573929229230911604886035579737657877129919714049859401328736100564498735 -0.29417196531103508354646533270428514146042821706840408263887319163428277683189092042924009753483026185 0.55343514276787823237018071714332755067027237877305996690896629839425035068553411587130695715118736495
-1.3241998264548518221034423812997480254304248768773250624202362510720193778149852179557362254774559839 -0.21504100856133133468966971634482620143123614251284713725145177315761008052678287266895370092088881363 0.57884908466902910912358978455916613865065572148135442993128154781170404821337915763794068771362074483
0.12595339548660976581803923962718824035335428692485021810724905664267705923097685497282863626295600274 -0.31560133149641053679420832761768621209771855142477154281549067004421922031131879794023744163664668394 0.27193122998760117476073388462605966233938676765317469253258232042563297421127879727366380781632790292
-0.075633623216992095244217647658350786075238367607697790665134329426044236101631906022537717913862518796 0.25540580880569024146642511630331543611561774576088239665329948448587214652797084303847841058800207602 0.61659363051312229213531062301035025804636601347464362154075127872469770418052574747660146835482597588
