0.029548917899185106625696700074047899779142146305093805855961009079122411567172821391517656391196804549 0.06287166141436510729503163920787264634238407925866688878849805060481044620242884636930012207946253392 0.34629378136068775542413732875928395471894717329188904287568312647056303944616755052098493361643600039
0.065793623268343797895282427652515769713488560371534259091268071869580260284685070936292578391178179922 0.24420244684443546570487035685591818047310953296463686341030399034643331156725089372930406828312971634 0.23791785757892675408857258452675162794815538406137134361582756958720657830510102253529771777898027988
1.550780340062919736587314324516791221107304520674208427875792354411416015665773432909738368316989455 -0.59866078491780738630235503155621398223037620310386875530770050692450127435720241909145703465470815118 0.60441743096938476976114875753630292805830377116140610242209073531383941927912950858516594931144053731
1.2840259274880947519543493916569169996784908067747120072957936075123963867168148135783415833567039473 1.0944600080487676829796913364970496267561963860673537491735578858781691764655967736375508159232502184 0.40767556572922274199553714351040376892001874396793959378991814033951848352342221935736760346581835615
0.32675670941989647602134092203450217900318689835066729353859619711130871315401014783415460395274849091 0.92857750996991277018234665729188679234410057804321371473157693882087616836829823410698920380761543375 0.33117413470063097064390873209527857200082682749726835804495220485274733699551296324606962848924058699
-0.64439692125922920665909740815268077090800108227570001988971621351890960006581754130788266873460316502 0.097669574696221694342988340703790810116369380268486151195592196411222004091277935772947915094923916794 0.5185848172944737560654881068632195249130336135271531664933485369026553964537728495913899917336094627
1.0959542199608795695141934216214187734685788976318047474161928800201412860812964807603293516657524433 -0.018418632698945145011122955025020225235025835700585559833106839963386597811964639531841273431049352394 0.28578307237215199314429528553916239967457892429055593227958781787250204393764646043883373481325703564
0.68605681798141712131491784999571209981858983391795750289612704879639197642432028724626581643397167985 1.4484173840174794770548093908118479427596531415232109504830099237536944781259925361956548382648877615 0.47886795336221664648092052531085074305037476680906413610785823330697038371791036514278113914773045064
0.049348945942334800950092173285027283105006722789567656222635900077309950572422371912978328922936985662 0.009473640324816405970073805217851492936749427194378843731378630044609462717122395624571306736300442098 0.34196394276878279964725644452848376268126096670592433184408344889630869184038798841508254832076123052
1.2480674296729699875303046793573240438386134530668246710985137930853546281453007091512120152634919415 -0.96418155376736187434035096712566065271515047406378633932544744066990158311653749512336143531520377082 0.18491249765285401649838597275537098820128063302682629495441624937069167097442164984859365541693876091
-0.034766300215573615925920237147251868019526488816212017341639100243135031603303303837651563057580739025 0.003397257647021152356800085692608659637032004796238434461905446220798893232199434245864121277909862514 0.3790584374717531190217858487835771887206849039902825528695315686952280759915122200667184602439379121
0.34043431879329694503957105343241835310894723643017997150714649643011451691494010934956481821116741091 -0.18102563636705161119727053337422312144405053430092989591209286375076508119787892248870722001819353173 0.57362785980233561360442429851115108835560228196130648134479329302528676200204598459841100491511083952
1.1447145391778560368935022449687949119798293958188765004965899921283127907950022985727109472549263443 0.76291258632505019870560299575571904596673309446112917398948325490663995913697647920364741042868761641 0.077657919234168418135715305514746187187694381368814652320843732265754713112062736924376253102623520115
-0.039423647686815012345059245911925034370304695895604324055165341220971961059125144835426322979787968968 0.15959429370438689650115319442734921066786813912051742021693724795525257548294917583344692103809030809 0.49570739240469695775711449138888924002976141560488881674272242829660952126585822538428829292536326418
-0.082895261796534507161831412659495811113798367339263630067232386144120254488041791798645342065865909724 -0.32728953166240398647746188286421844876683262899412185003803716878964459802018895207703863170002074275 0.14422158102860175842683000884651846657850193418160733126682361642607448890368094898867349079035738768
0.50216144873646439650573517321284035494343975370635966316633631333376373798273738836798383613518150643 1.2311186073369106642685767712877764020596009856446822660041764753967587573444956482321532339687336804 0.12606558062794066607971983984798459854978687493374682173170597565183838267472744603598659126513674295
-0.47770500260056852574619614441004242005369459713063102141322472036890956436451402065779075761430356071 0.40942749332792916680085751834757652996147234250338174374859032795089825182114678336482804723507469357 0.01001356253370314514328177536562195384104888639626503253062400596647431023396823899927061866273707797
0.61239644961042497665937584526280129932769390667678054094396687531620071894160376075387262833443414662 -0.048336282738068484169358751436970138639365620931888801671606068534182476322364842491982213805896413293 0.062791153483179407367857927358810762641957310219152186323533906843020976059978716049862093217251721706
