0.76473040595797451527614335707305469172496596038658519154379853691235577213287389323867575896195070318 -0.17585532499021067041277412096502287208574966597932286304052672482819464259999699000358175901882629787 0.58668385230420222654387675460852723491573854320224045773395775297731350384917022866210875981668365524
0.7694947025912469138413122487777033512253054434080860051750384570589804495426704696944331271765240097 -0.75103757500281506673561944355432761283880321752510053775428855226230110731195244043236244815031664953 0.10146060779271458437562444130049753909499221907598098957025268623479115634806841759708262681436406645
-0.57077531862319379833345531275438778914766626348769034381357269432143621192069580118295070115173499265 -1.1486693442862436739639115218368622126360990277986912594900820886263203764971766914358138992972287415 0.61231149634346663838508118081322679826306602127596283513713241493659711811610849531604155240223396391
0.42529634714711166607432448298622604876074445173803610255003132626329883825424400845574093402180045839 -0.97357610582531607835320107304825924037719813007162248524480235146096207473171493088902807960755270829 0.26822879144212683270043396628599588129279343296131849471826843410252630888169566813338382412660594304
-0.17264337942692660806529553472295032652745889477819739610557600582145857797995157549240157865623554166 -0.068134501264641157470902579220223904274336871028425693396955498563785294084103760379595980079862218479 0.099030151059549512005862347144981020270737573547664907144493470474036308780335632587139517993801804408
-0.71166850970258277215559170194226225604366682981723571839568621063441918257830553797251731708099073778 1.2506287353510924398220829092773531350412202563752404222410631094566923810144523980156972055900835992 0.32510051613212081846786499469463278157966454364833850824346949813956114292790370661026983332537315553
-1.9562651470212669779754727312504831336893874388855078350077162240212840630427930170613947949595422671 0.26480614726174189685398992216036069917034802602409841347889945785399733004137951921997551000865352196 0.66184010205366706613578050093160811389809465682186058979137362131702843456938325889671732100125280651
-1.4636514308917903364038783684172740379191595326011094016635702049020937127485935594703202441855936156 0.67180671791846326844693442561298324803504550098530324292869206915553240882748614513004741332241451857 0.60227388723850420352120880209871951003797199842090872214754016294133523253399741663007621677114802737
-0.25115254514315007989905571316446810447085142622432718201050575771060318488731932736066474806592908143 0.58529436120080015463863245920769677851736952442931625838507596691499282549261127138471943853929843158 0.073559730786733256447704332069932074295074334940324714458731012589254609729280700037014697327627673097
1.1167926295524814169390895358193702003103077807748147888002587936517431853886130788115930995287140543 1.1765040290390034668235140442177047635685590310943434547454060499969046097363155721154003204190652834 0.51140734713401479470985740552629206874081928525948255562118455703136650092306251812927704635907918883
1.3707748526858585200772891345714588349565642751497687719804088236570334195846517983288003190077792873 0.082058682259368920501912315344857965452844416984558240209757259425581143022737623306870339908397407862 0.63561105866393920147615865556840294170195169423309314859719815601486999857376029280346623914683233778
0.84400550238091073871517203471696515044225514051351138950577481701256065388167442119350303042329559772 0.094589940643077047369303750563864320508696482119987871241466050094795334378840281455267084320531978499 0.64016534735741600560748200182488458908077814128266750070540829210098862849734840062184603107545239635
0.50640254333605838186760882022594486577043172989684239709031236008885159347646637356097111922033942136 -0.07306277629597651206349218801052394427065544268979465936178503543573985180601084597902392112083459358 0.08617557797181406994370067554217200078436728098203877725492666603407448205390563188669554991212862283
-0.10282133560491300209455112280632200331577529915432048693142379576006837949711849865896455298605261811 1.225889875492837855228275174734463933401867573451112535650188743506501468492473874305082032326635016 0.22407082240286285147310680943990882927178115788620092434143806968861988952543937366572246910477374408
-0.81851856279395225949744938311638883129946483047834513550283835505466898422763627909073679319155150559 0.07827725992635145639646110644419977814020473512020547737200074604681374897998761316697865597701971993 0.065209163027878902325286527508151160583825599297553512820031974367358254300560088742519944117742998732
-0.15560574505053199621694800547055594092449979061636339050374547076308481067236636131234650531861022814 0.51442865342936661064954856769909513871525478894303059519614577866903434513411377184646438626548933637 0.65205966681693870543043872133104342746281907933690373245072079647312502172075122208854900737015688185
-0.23380553357298907555781383250321417235512194716167243252862842318434408494342397126158281330865487574 0.19383976328079983617557389729132609519736785721658639067999378575875875226145144284463219653837692693 0.50525929515292324127499418640931090185936740566726436826480080307723118222539578925784695273934854028
0.21290868673620114122710018921747649788075595874462305467332017226795391798015138702128792048098810056 -0.14979813141961268521350839464475219478328429520055399359634656977495473627602180005625440978356288324 0.31147359404489493705466645564429433503456392624827146737503725804724036480455851938645571992971225631
