0.20044675424260973444158707227500959488033213143759593026636446016192426536936474635895203534646313727 1.8505689598598220750665010906604104047046757477732754059133170590487323791234890371661939466417335105 0.19182098932641568327330245999308681961881786365905187946001052476630842353420971228500446823246900272
-1.4573383700647825501514461932823961084952737653289075989706106471504165418549124371968534214935116545 -1.0979230749860325396196175919469453298816371307521191101360064168274739459058973196159755729064114014 0.36782818042745400083891149963681246739022009341149494730011956727689891511820724943787820650629746454
-0.056059961157591348324664174385407628319694972695568961513590842926625737661780813362985174582553301558 0.25592231865844823105794893448763143219100341450124712706241620561521379333306732593271640868222440481 0.29146379459444170185969714229938620739532830900283995136624251597754206304771301954255938878480679779
0.088588006037138885086416335317200811684795879224734018912274462625412443632901260469582748066086661238 -0.61494187603121812165591327563540145862929217111795152047431295665666762174048313197629139059420102125 0.0020796609820460138715851118806627337350803249009300757701228345459570815053990088563502574631483784176
0.090193447981041089034519628660374122041553735223186822446895965785594499902668507459131345444508252806 -0.060532701208514078284460653774969764339346871951026372095348181401648723102296904679400036302956966102 0.15070651558350153164728579373192703264544613355772046943931558451835731609176787732019618801974464392
0.59904386596316120993916289711431885802421602234267175227540711853786481675160072519583464773450579047 0.97242707524567440369048991029730238688292998284933825951912821320814844224860872585047142892742909605 0.54292410149201662662287867529235705824415798000249609548267854841571029192968666147069536624668054348
0.69981514953771300840450524542413973507740942774444652586912346981729355812883425399208691176750444074 0.20268548135076393884556610302574460216422306279748276249812730458639889161391285886614261995112519783 0.083433030611077957141079435671755354935013169768340200157449747110584283458353769844714799625092968681
-1.526678144218570522494703245888231195425279131047759523420513486563713679773396305158586037432900124 0.6081130850051076136646422788017487307400773326884901111360932772903159321866431775493634180755632155 0.53595053737791787628242981639105728824627487081810421845050679568916376866924950001059166146012883366
-1.0558813506771162441873908189649628606969114152492783536102563919888438233376462793117319156313233795 0.0061828527409435108321138642508917272452850469162268387938053266408410436135870284927320555597205132133 0.44288810246292310021039033035377894600247776066194641548122283947054073314054984016537982535293330272
0.91981057544610040886240557888306262442508721587808332104943916769501351292752192305670516560546552513 -0.54948858388157486503254430100609065010426421613251905007463888331345450098107545200527164069061275531 0.1977624081655975970427566726336042469968556272224196584457594481491901430300455210696910925331572183
-0.69579287852130907369671162091816990755396491695662824066870261000532159936051536521181161715208922429 -0.040028156791665701256092127969354456913330057649256735954620144697347993653765422777787267153185600691 0.65358268021041528035995668792096717724570479752543017435028244964318253429397875467906002778994019374
-0.22431357264106883405368830418759948570968299757200069388364249333695746394711084678969425911111316875 -1.2386376613350853414851367520680824776239758990260501575290919566586967083849060843536978752908621636 0.54788975330598629850116470548300222267122410147291694228263753740502226516263932683139113743127905884
-0.95897613585938682076241806247338068264461111715712867214683197580443437311991781513663087543596475129 0.6957335563496261464557828792712243190973635181772961788924165526045375256565401507395699655191389532 0.58176262463690874184380887325476702216511050610913448629766336161838779694136579405296045537414841242
-0.031391649114615196276770274676234487113211479575373133454574959391825438448388167753787485317145768171 0.00081237530293527556674509212629425689317462339034508014751373665799357305485653878180988904822927428378 0.63040180589704827474806382907527207570708425103209948556544135266933168490077486995523638545208875062
0.28530229248056396849629222619810498548844286109322149001934503152320250254848289202750363163412122759 0.22535022276562252786791264947998227368570761101682903491694261588357939987513600447299679028611345908 0.24046712657097736218378052584389385206850068093374448106594761156148444723041720002899537884979909951
-0.018945160968578676904071032284217832716195069017401392295268813300350053234492681620678368166867328378 -0.0076093660654170413332918303663294472867636860999702888135177534482397304236318957548895611442415668369 0.44032350378660790004762339394674545221249908701077728968877000019145855672356706869221372586626222094
-1.8508686998347038869925444514000097728356283465202944454474442152878259709519562350993772604737432588 -0.66402014884184609801807955034228156257377466340456646512595452807763023732068699610592118265517427357 0.53065480944158195090954460351798748038078919629949762895520946067248952984566902571583710067617763937
1.2879002034853142242798872922614113215941664644149364006944308854561099760342854037677599295246315943 -1.0117686707261437740192352487388340544375289847850297219753747595202958826183733699302212627601641571 0.28993386263419335556258749511400996932845531531579209607762320946839019232417043317839883977358513504
