1.8093273224671215817720893225722333329580106364487570905130334802640160463353871528679315867792486487 -0.010976713932065635053684942104131853198301261763825334762689910175101853494217213437180121053785854265 0.28096951809318138988110885745048302302899252366291406100962428557892188002992223126461492575020013716
0.69974973031675731697078670305156988597612824413224023345506546520179204069565074440757210962062941162 1.4445405926319983195568618338109830077154573018108159405086082399845504777929240598033019280650936606 0.66176034397003816768932681764223586971595402172750519904279670150130218601088129699995790576927663915
-0.22784752273481880199976776541416902273703161967187869225660717215241081557034180998769790229134531545 -0.15430789985899296754254736452141463329198773552046851326017499925256038395007925787087360920902398017 0.15254556264455589731796840244034447082505723824182373615782344369992653986369402037340898663524195489
-0.29186108721811523592595905587317448779374347385185702427548616565116988129274411134817567177061651335 0.23438061003490225127066520069583520112667927543999819247558856856244570599751879550469805170616229612 0.68794213857840675259257021790671531271701645390574347134523440028780965971627930553850999665708335251
0.15242782915229361905408250895838880199131905016464147254695967607765088599463619239630988038136489778 0.44062606188220339455915453928683983221653987983753832329421464264590282119372255783697989191496377927 0.28713150873516946182332730101849867601319881272175055154337712700428770676700233560629045114786921153
1.6889051071140283181582776398631449575449899044134683389547599333081215152069474129382356903959932667 -0.4954723867454712249446428908657363125326748448642812898636347261821522783732223057106115598934051642 0.16276294589328880866318744579185440913824964627059739894665590768592824586318158075750026565422342146
-0.33587411435852467007672298671301849368868444875082295521641622790973062101879953080817040345231304259 0.3315508581024261494490128586106412871464854379168046652125336873008685544104178030290744818851649443 0.28999943782265638298740078056309257774552862080040844045883395063160326673164938298514945168792061638
0.17397126077781950082958308689717566768286035432072996592097400499100494133970868450381122353158259764 0.40781142101776364871539629839054756829254792310246358294646100504434911799244026327107009978245157493 0.085661965527195044833302587412587229513902750678198381678028498187377245564277597962897164333977060792
0.25422655442438852210983020614976135547481202715580136528076237290984903360177003476315003502129733064 -1.9090477628766275634775234257244875507369185182024680841168698660219432853111016831257887009135674983 0.63048786981177592118787012958166964573917916016731718579142820262258305535837045969895389648588101646
0.94141414752904601551600222599075752155234416025729407260059722621230105604023266808432232409470727239 0.45290360781044060846890378241448474055943837221932292100554869485995607340093132018111177672870597639 0.10736983462836789320909004592277512019730760517789977504659289574531203570752255095733830666318496687
0.17573628735115415170898254549373075906312132115048376796538959555969874097701495736330871076246550525 -0.40962187191968190747203541006826644564124236883742941375835226351648803566869897044081026582566583111 0.34295873535564001595278793030494198436594252513210933376041023441835567153667454230589865125116069171
0.048027821965217608021670850263994495709581444252057975869887858052658461179259746740664227464942662721 0.0074040781813062484335319629492244766115879819203282522213007960841134064263899484474840047914907348821 0.29044253901214642427529053327263021863290631852998363935611455005428218965984004216808454146280114215
-1.1351359307705989607712437471990247386923749060972221641059075334090387341971885641825394758034585739 -1.4417304406182179257171330398024354748839282974854537705501121525652696079672148820624185155795470421 0.3500101997894904215694915659549035524866752104584883369366832513006901817680956625596535465820536571
-0.84119585979909870682691906559519598183254067387777439337560421782306218043464896124602620383320530814 -0.95032572610115387800922189145697733769304456499793406196265191274951970097052583104209810663633536249 0.14448474404403422931971432114670388441581288478960875760883097613237091641169388953262715836511346753
0.99475248014695959569153222353999113452111919931147276545722776850329195560628074453195364064753021949 1.0861345295767293895916109772415570035165183484596293862571145969416028334744861786602771812768149489 0.091208230571607309580367695209254285915090857601337091860338699375891503089482459125855945844845596295
0.52263242867696488906542828026689693993190043009026431857144343140312630279056821989750080011176424605 -0.94133334930786552549108657573432787024363720318879440360965537607373907604856298243762239559152604711 0.4778831925755732527831991957733423089528369041453016620846142676143046878512408530168820969351647321
-1.140132791323908760499630793784412671929086923417553154982841260761179264833235906261693431584433066 -1.3203163206593362572880062318221209953040767710494569679300716243954114820726775547934616840257707495 0.44095019363401504932146565624566343810380716039645545377073298885894757729753327658559323447424817489
-0.0047687254702401992102026378444236543338624123800947220410773756848257464596787199533861368588739100305 0.35189498053685457513855151523226572706923948421559165205214377907660465779768904056869921352592627272 0.15298574544462393528298025826830177688429300471812381549032611040657249262209166183237112507272261545
