0.22536809739906062547725779272089343883796095538032869319057356254372453496785088820599845733290324076 -1.4281200592247248074177960183246892353631351243322078920632340620783536951876709340949039147701321208 0.31268479764059408345109511378636730993312049569161003565528309378698648756535591128862711074228223481
-1.2731430655034341251146337791483647933663091370291562515842468192362739123227640542292178150559641275 0.35503527282264424724786624723551130273959627783028078926591693726972970932394498135368455388175746328 0.15181134879972259233211183431022268850597322139081346519716786128526972348671454819656664145788791642
-0.42719991296000231722179425863985456029943571456053975753117946900431223875507266601615355222604871223 1.3855646948465126097336766790851462006359541270074988769673395138900061425329577281326894334581101709 0.46536661232088207630545400823509761478227933789643160473478460866789234594950129622979242033493933423
-0.075599446619020172957055082837133966453297427977158024581078482148541562495967520811093477193253003579 -0.17174340561729641625573577155644618534708986169944669685305370855564364788469148606184956382572385448 0.29674391393814289642852676182173933675146673038907297305415739269939516160834524780193942686679156627
-0.64423222439681338651505732650630852137736609534022356205530873591110885365837814866328541256169039771 0.43104653351498113352856288519896213121332366602192611123142273476665568350481960431573486959652437373 0.13799256254060719341359421473312060557912685969092193722973982862642088515872011493867722313115004761
0.61171633342172307185006818949400377428879092939186770963799810677470591767118014015997915981023316611 0.28274773151605466070561612981079410010258086994448288660657529589049481353459975211633360001297635777 0.1290444390067170350686881996866097886019861203821358036253723884504198510278981309368668586761245799
0.16447621974671251937018069454916409072836668452761125961325481348321763074263635532609737418733224936 0.015196640716816223285911175517789103693335235444098318661336959628295322148334947828237333951473982733 0.34163536924016385770062851627469880382899220505604304417003538426088242007969494140479019954681350456
-0.92398844160525550423929300388707802412274000275735709458202551823699068138086634185460151765756163139 -0.055038721508267923832665357174137203735851610458456025377721337719425151530174910329118147100633999139 0.292602626595637156431564869097836449941527608382571244866477031628501561498940930708459566122946568
-0.1246284967064466015401554615721489805878055794073389965976021272278921388228909720457874945647942266 0.77562880967524724632413477904736376684421525227130094744561159483691786212512690427339206992239900718 0.65907611434914941273319047252108601394285658022570372867611112221358806219467191537621706769321850038
0.7801390214882936704830779857513905969911913000472352519775001740469323562814370659285768462748355926 1.3025822275091406281072139690824159639079611661720660108892946855919129333701672870805770478268454275 0.3534963923706021763139402610063851401016208390464176064494952550307793093502116461436655491258736829
-0.10605266181401996676807877048305007909322804559775510290575431523843591637995703571536862730748339304 -0.29426424928041466880174640683030326806008436332704258718764768479694772430387880658871024155890323926 0.57648610185254534920059348791285819630807623834332466452165548669682674190433111019286176568288731008
0.67152047159215382749161214291594017483731843393192869438100590867482295724957786869408832110235596097 0.053507894047017789994259535142193197955873104875909000602950457848347149093459539968328858971850816983 0.15780532926821394469739189882512898909165093274213116072696353024563824165970980699736549025022917965
-1.1899171201886121536955414958904938261325237607647772352849696790169073242743707385870188912620363383 -0.36733638689739297407967179584980351995460399054436701336566403543517754755998632334490033246364399169 0.0091221363404521658400347912338798881490810226761952450907839893699340533915281880848212757851582582128
-1.4032575282849573914226981322517451294079511942909044866821238893820904992463993326640101253701322036 -0.51787114410155884694802561286096467860641966499420003904512497131464705691898862115912899982071415524 0.037818869167920149378765515229865239642693393637714058586917919742212541132659564314637487090986736516
-0.32083397507811272103430312628049486561082417939073010868612893926613879985937606448925170583145242204 1.452373935914791853851048366271609671052815849817217493813729313880114982380784183788749766056944964 0.54623528217430514491241699403853375374525098498062855527185193919526130232792336207767070807910667731
0.19202841010180347271129823573346589310530672240022042638168678622563822147240697495582071727402994856 1.2641663595914716757719545340170460935070151080204886258775175663624664824409357628784540311719446205 0.056808737363605095295528797727409296701731098466132366474600843195193689723772689005358688831420756427
0.41864833966212831918417316455640126434356646187801407714636100024112741068815654849091091241683309181 -0.04175549289496741214207809131965220013277613991860953096589099536732107225936271539960834594256685767 0.35084420020038336191737245258652514476794479097794367319442462248949901897232814778805555601043689224
-0.97359764813389661622514946753611303260736957545739863180507623543919565724872927423065181641123400634 -0.25948164783033953322411655379431126308268192180108623489556176465959616415201092049123337794337787559 0.54642051880007161068260178830860097846527238409305342713042008688176019818633929768661456095294096015
