0.71938538848698833243795365220684115354236160597156690800609395676472632600653842198945437086746425078 0.79925682383607078982052461625025574465985758720488183864095695970943144184867352000360237579659793977 0.56905429829578283857490025822895745379521192246560958233523290333893416557996949538256774051022069838
-0.76130957224567745065292991637605938463771902266495734559647271776440779295518285581148233081209827881 0.23780044545351717036198371077898034437313279321982509345510366598156165798231641783633183236993280875 0.52432440451816825269651575189250859435035672676127196450106228203168873349943796550626388669671062546
0.58836511683023906783889251152437092369082740724008841787366327768874262878924306369462294354854957885 -1.551883071909209064675998243649825733485072705755171109628388930832286278327168277423297389850223163 0.34051874545351166177247620719431536014177452869758623239311155829698143095159400013106178726364661079
-0.54021312330771261828313209452690653585790778442009688759089876185049245643286994695221260293365520364 -0.68887512930461850023267998526490182873713602566928247708446970494122401878620042699228587863318689882 0.52264576642998807130173458353112479807275097717860902293240507448722371188646406036449024769578707182
-0.77889323402013894261820865864396719083815164244457972155938268250367375651747077240755767733484449786 1.5059517108933926522925634274935018656721554122013762806619509093143816789164767731227548058900286306 0.27774850200841868116858481715969404622273695775417024215086237794717608634799841363135134005376465226
-0.18482617367141578625070018528173454194426441001408981063998280219360035520250258518715090566049091341 0.1030105387822329235278343120862072477664529544169688074824323366112701711268918649329400286104924655 0.43314143072256434091691708986406542434802302757614202997513251664714400542364100404319204300285528451
-0.35069357978330977359998210403786974108254805375911629174632056144154414182553170856519612071653791823 -0.077646914337990689821574503741369629300823414462729203973055899959197330624475963906367400110696697304 0.10592379153805473204881317254954412401086509494443464149888828558748962347989287050758662670388357151
0.16047077828607404055045407933302978868262744642285899935559446001579150263321295998338282130793506397 -0.57068109003391931500732542543348615243316783956381222742137635045863608430564632748936017737841514406 0.56953786746846368240992333147907578507248581372197020834863923259615625118244009197342652815882915331
-0.5242069038481355141673969886251994383610806027517854083601500076547531237787623679791703309725371102 0.9543775873979080478279088724810354146989360961233115531683793288157117195345836823607984775671692832 0.23897090807412987450488337636295971451281876444990479301329393648039480291493738591503055647372839664
0.10406364336950119251289780089255203723222017036204593613264960520438326491656557686005056895905669618 -0.058801401644394383995485914381149212601601261318067929100988739787594861868793686392357979805064259386 0.42426534033539022403448432403494887349444622274579038228133833942773572808834698079612028176855920286
0.2088471573473362419366738578173191483817100001527557748548068901858605760514291862326056123514427755 0.58083686626881234041960941480908275145895647780503491051383761287105034138806305593961770798588802798 0.10577772548521739230660211162660338164283927810180362273970751793654182428187979734135739456724265076
-0.17836353341219512022280723868798078108724517939765721795895203631082694621468712949555874978978322725 -0.44589169208940884342229954130989179155513792191507294926994852836534775773781302217371179221819554842 0.65700764050217927325099273333420992735490054122654606270238320293813209296494143935901343782208697553
0.86664035370039074772025717057544169404623119421781005008488537072024840327759210632221969902619738991 0.28033739167674965718010628468685445420253430857332073401756033247461138133442128774691702207973051911 0.67782817839282516993665568252569179156466173414543401426344747753588855205563434008365534261853572622
1.1556684499522537175361197746490020411792198808553159516096091206400199178787183282030317939918067004 0.78566626356483541097005592154676180602241124520700750801181447303384176213744996364136310229208508842 0.33582097922701653539989885165581343839311185393765491371781048500897978967874692253211417846955017196
0.72285027414579993014354389463828701207403292983911036852234475922803052255576089578674878853923496402 1.366813327029140726513845595213612116834107520382029420127163688930328887479011635398349016786517444 0.55656397337728120952687058847889178307055373181582699559955237317059306181731843733399881294843982805
-0.14821721069473036838310741856694646235187796262622101144458323762055441964985348010295853353301912162 0.016269421829770563885523538066641407420596116278477797485812967190980963783489025870083143625424425858 0.51299226723420892700382691178199311282011735874205801545672392036240996258887284369902852814330080041
-1.1822784956344972312729327294360764019168668456992354938336025342743975083676438055011907484088318887 0.10037373006740664032094557587851732296498719369622675176572542523012909560202920972946652520911885587 0.22435419846236216029164555319579487332425590329540852805462157745547539538095519956844079443740310057
0.57574668165265569045169517121268168488442281803596822910358335081189723597322303192894915636240279764 0.65967616741870197795351941018376411752735952281764680142149875991582858245118593530340237726413613088 0.22732360952368867929897816570993610491474841397553743885635560058921169275731693474498145550584500388
