1.1393519083315833120537734889746455330692165124494220797384719559210688964967076054934571012772054626 -0.55758232639638545784597823298292736485134642816041381257551961355920874702480288766584349670644045362 0.54512259813235584638188475483636235949166431652723443989316061162335534354316124604469610068521448111
0.44390182977706421028738453783341161250707381826057853898254148271748262347944416407796896619009072675 -1.1456686913176130526467646438202221560179228480408515193420433717995952120808441461998359173617548304 0.33280286122353674255086826200207213970674016976628032620076404650935982368643726796718986469496112769
0.19786839623317280907087391254168211324982645590543203228712271393228592480594894401505801884727841255 -0.20983730970923656506538111849260069133506913524993775486349842019143145560668202701137358366930910093 0.62418516401010662436110205378757603756582783695727062170943811390578323822161063572893894473807812248
0.13915602806292810436646328904362354046986633071387351675487796535512951861047156934995328689362367939 0.63013002657861947418019330505922739674940588966651108861587065035982375251369153643000124744449512398 0.54816129516903856709230005769618829143815485362030820232327804694952657720700915765787124007347748449
1.7228500809912162359258331873131961659759599853686369022899998611727724749881310089166117853682734455 -0.93295317239319284373651032815540990769508567625016355700410319669794162776535875971979121389768907818 0.18373637598803328810361428240179990460227232163318909126654936495305544915069044548767545706856459587
-0.97928802358978620910106862319465403188309940357290280169309067759273762409675382684528329546270786794 -1.4981946416622915608033315484570821407754332063540749487899821636921552721133278307599091578810197119 0.38976125326330508162671299457380730626210019693437954092367458653082844258468027458433908658242978436
1.258252228995003346626412291077813948982397669838138127233674855717035831505030118254766408090588365 -1.4822169222383797289374522977576888609897483357360204579506977369542952046930531189129452025084561453 0.59123781085938898706355021821650963348000314635878864871544206931957660601104602928460077019168229677
-0.17092602104075528501801940820820796360921937848544613918749667826997556584948091518554167775836705642 0.76634104336136955891680819621366270741427688789803732470835602355617661394725358605168820919468521498 0.65900674855457975249110683213222862499035166976144259601589698584380882962898527868458354264775543421
0.26367027609203247992348879878787287171371596343760762450887480657159831900683772830685404531396006006 0.19548972816848371692681675077338233529579823898178694343324809533958016082663325075728282560464085765 0.18843578210336483400049238663288014988198861167371691332892795918472188799160871698708734551432456513
-1.3697542663068846019458456815206892833223679361423960237848799949464233479202529699665567583670624122 -1.2830191076281960842935026361418841998718806488670388188258334527868608558425743325104178156502676742 0.04837857133386164250574898854304989467235483589938400233511157021203512484750398904296556950416808968
-1.6945720487891863395307840026721035672642287310861134517963091986246145024880625875913312846581620308 0.18446728360067690662776901996644316607831633671269749880146862559198201677866283051274255455088247286 0.5102439513898264585869568528083965023977899388460564327541513249411630367996594735100431338632622223
-0.030369845765745096413791013528944759116905678982996007793683518654380823654482888691574702309863281259 0.024888369290181419255851229958501943597762778193220428584342518704318431506383494936147616158678815082 0.26375581798517718857672982876144965750787412495753260815266773285518858958689343391426071170736950273
0.88315357326689435969753945418285692503959367141881148565766686495980614611575036176037232560537634281 -1.7153940155109109273852245358477293004602121521807605976049306672855685365609537914513382167402765434 0.59387962165194514342393949206709565574792998255868053748740262556951328850994329437724244897906783395
0.48425888066612780510818135015314838178609885091078353849912561544296503115578242326231446069703055391 0.50142850869479114851020125278410226104128991650415600482178107844098750726059871338299736037226432773 0.088296892942808183499426359750185192751119465941527173755163398018355655866941034306833980861075249687
-1.5189449233639500469432459058531295822406821429008747725558316755868790664869156089304653820298876577 1.2974264406719936278792550205118161466502343183398763575822477090864307360804660122889898932261954123 0.36661432331572180971790697316436462084215823043524768903210314935207212137945319382285218223332557303
1.6555283602969977061660825526235513376641509577889600348431005325395575001051886216570125542262682713 -0.18035721341671983086186686472160911504597909602995973222077230546615465399594261480769390581726493709 0.14205814850527561183935167256237681463573149736539388905187864079098546557003200868027988896175002395
-1.6104659625067246538238792252768448070635856123534049524143167197650317142901204726718659595967180072 0.24917345907532551201761235995313461480098474428362296040291752990835242257989431503592888588917057576 0.087935987772334012289139609950822059459213243516814158698390913422942379530237842922193845901952715759
-0.14668610953166667733615822789669956648851015241408348264422401509007495507402477048268382264805841531 0.44516697955001792999703714091173220615009132334761820908511295499746365209158471464915888018960885236 0.0086323046087325059824627398682402168487002983967869819005431054380170656969913407364452952992972992444
