-0.88261198750855768443255359357144436647193178266862253882890972996625077905153972147955489799431225567 1.6474487161619255298618259523197385362908789207162193957136572575620544322728706640158088663963767126 0.13863317635835334168145021473398845068277217291000556805123946028677716098008888085153291333538676196
0.60839021470431864400325350252345573699667785585559365693057441918026596002045602919271305415371320124 -1.2973878245987732078059145202088721977822331643764274225446869017220882464590946286725461486402309834 0.35820954396957793808847519221159665323630958653164381623193679068277490316086051865917805127273018696
1.6980887543777971316628924157975058852068343406304863348459566293069066891090876651933584884009428638 0.75015794807947049185637906160785050122184318004384091754240955414939944361487697306523998790087671243 0.60081379959332765181998236045541137344109983366529593520227216207081848922366801296785537685474230376
0.16750636010705032339464030672040892348586416663966939467467152355033025572142010380099469126845959734 -0.057550440060122776335312535084566337199186858046726037106851137774646612474886965077135008379603654381 0.43703689836993919348296635838794628369262583246420100932283869097110104938375997109936601470785995502
0.13600850305823844886091683095769290563236172341674050044554149052180693240534489684467961390673175662 -0.38192507159955935245397814302302431206308967734602459055824622340066563637541078579357125394083825719 0.51129384091195032087394731027329203369127259605340335297430675190749829336126452208923159257667337594
-1.8034558613959513184896403849921970743396153323101059967652479013009409695426776134826542941156693829 0.057986547878372554732646397750793349078323612284152580590505299406861258503037913246266508546114318234 0.51572473968689863973934669626727189109162627645805398424042414453258444233337335224244868514136608526
-1.5887908944898489560639403811155078574861867087516458053189445703801572879687775976743442918896665789 -0.86252201901191639247974567440818385147712434478771552354297483183191694624169338623390319851299019121 0.19168565909638828410969380436102518489840019207675604741612965836601171618464841191671622982502266467
-0.78255306156358691746145610526908076241396655573656858714634930202491011335357908818039992913989284231 -0.76225877726948708833956897736957935707185077339952767813549751344135028370704788319013959309905438658 0.44565121935694527522219565535781956231568610244859249647833817642009752791046543281828534998035225958
-1.39367380892016882788410408881678237924212911512985713111339479513008372715208722944908585013994975 0.59152209112797376408454456157013776648994047506693591018320931651001580931489335521414384192553236756 0.2926200091580254056076386798218302238808194057938680630995046784452508461066180952556358966871954558
0.25314951463969534468051228866626814964790316414180360671493937560384017951941362753569861395847860234 -1.0402290509835443273773181403243951523395651837718824496252527077211670987876857988909846542885209735 0.52688402496586970866231923883241383250666413112465081763678052059679952139413099028352849143802464074
-0.0049985766682097885445728699090119683640316575119980065444421583333752597278416906716844099392902597384 0.031119326294203186987845072356184417983804324907039868491985605758974912533429991239353274421252654404 0.68961619000100754883812809601744959699522203824244104554502430137431267647047150789110842691652427111
0.72940144341512987279449968347006716860044480425490550362290555732854023905540421330638815537251365118 -0.69140297341972238334921506344224867858850788759910062714937556174506512824179109097279391055594347736 0.29640839932646889059883337243514828130437547977534277435064070364714882917809305071992502431679313077
-0.31234616698773036516417221776845942515594207940883107747625961753961379452962947119631791154362325446 1.42947858102587847457223898798268827858040639561230508212283156722875855103148804817196384930656902 0.081819698743552709947522446690162508565458304486914579631772633248870055417672290096752217259915924229
-0.99561786414885154619159200226797866429608792425593538886729384651636055879607235238605769504379299595 -0.50326872711440590318473640246050801288472999838456071912425887796966852003535575833058566068192854079 0.14338266092336370026450361558173643164522188255414750688533517272905739331159086450404987707970526923
-1.2967013811786212855299857803468527800409507878038835267497574244087223111546333998790543777469374538 -0.052213633984549874784900716236920831835044456429515171580796543652502991324546766672977818000469018433 0.38720754615003047053006861589922327813310621213844524155635303041200996767008554377296537087387716366
-0.13808690223936478583302750679891025890632427580390164644524279233377394163317182239405182200883314895 -0.46396447903092296459570537851247247780395398958414088726431982988364718970205470479533028825154679112 0.4990612400127623022166555974852584218790412137264599463930621066279227839917497720627097474590521123
-0.22303522275421816103637761554338104012004621882046432229629292349978281667440338424133031977068753195 0.037504930301432649782029911382511820132011725028324421411204810883801145158076823338069737801227105719 0.56914006116233406977960249213213471965923930743090612412662661462954516216453768445653835549873925906
1.1358792555389067243756809737308656175744072608131851626949585839800791339606869117020853604030297997 -0.85718327221690710341851964738062690187064192673886399825380646892319343423042948840760601337979205653 0.11091962369811883762592387019809052904565394375871064996539335731789339710537151355099840560937403081
