0.51806416342692520000531995685164621602584603825957553334113376861896980813931065456348582104296184458 1.0415940637849100059963046383785798639275799790931285338975497093428147083790266672063402160449555444 0.35799333962682278507167501219368264486468879463835081621534986242944384427199009532835909831400354055
1.1338595752765963143498453572897849724814937904984086903297693795407726549501676434038616072735041815 0.85301802100503494835379135825076892468490044412354659020811227501482724037584741445479683935730535238 0.59617042356195226695173490776618548826726481097509730026558977746950688425889727843596020218598357442
-0.4575103254551099247701201941370564254978530103759277478220500733759053722660661564519529208400441153 1.5402977869864771984341067308368547709027216040768931360897715422938671099885352201101959528787774972 0.34517297706556032433019825440712232435066446665791147667911145548689460152151595775953866853514501724
0.39083804668729188902607263432271081684196570544586771457063838788048358253622418099244715425577613961 1.3471737790616342726012178225236009502765942899553501300147927360488825598612155591497444068359537813 0.009984966570088501645255774477931316422692765927425127352313712407407595452367833513361407244566506657
0.70743675970706026212738289658530363438200554798580258943607449125700142984248730666171043678253805846 -0.53668012531436240781575665570412286515405738873650831343670369271538347778964536543999814285823380065 0.013794565560833537192081335399811227769014399049323443721474562547120397060395876398924231679842841545
0.29315292853220828823404380121029456109258880437553097103940157018503721124497411431418897434228445078 -1.8704757911370011545927244712363078305941884037450393623372469378302519802329792161586374984053013199 0.31045567158821053491212328279282491643994260556233444429270212891074442566825195125322003173655946772
-0.30697754280500059415401931214139301166332276772560301181006582027416357543745927993426209610425747708 0.38327338708127188735715782025800349253062124687732330670181837878041273721733802348896234242602912959 0.45651210361518574860007053575561551864973643608096037774685752300311882502241484227449200906984700774
0.16425980586033380194217082308529717180833786568698721013641249474605930228889643669224341809645124795 0.44542450763742113056355619491268929045340786318278305016085197593896194709313024833027960516345446557 0.58735694555060218765168348254350870591631998374308714399795413000682646044281413695059417559181414746
-1.1675168062393164810069310278850348221175214183599112567778165417826569848988118761492975863450502491 1.5087063467414838200793263850617301582804605616927917825660094055641291250307799847851422133097507671 0.20819874401077958073803896231359841908116870531060839528145386123468080695773905445695968535066254509
1.1941221344452328942782155975743110090047626239022655098084882838583450993129687659851692766774514738 1.1326292184768111516842450385487440282396233765236997865832612058844229216333872501693079125880939738 0.23672094481939791827299611735177060609305484722086395845441098052506928406331798796125837795410905088
0.91877902920379570353327689894399955618627025458863293198561245348927024138256568264981341900481089114 -0.042889746444148093229513987792897642157289460459881232517285227025624334044643864869397798540425109965 0.18881093328844682979749725464395549032036827781610582859504027896570468080811037327226105157466370368
-0.57124959136342612055863837548860111960103402029933632126395011559979923103114500404679843794292540383 -0.5807433716886330205014128915668792214200783463212563882939475270611706350283544675564097970248283421 0.68845437191753881762648610412935687471681701533136547387223527609491526175441416754014176243128290621
-0.13831133718633774610349798998619731159101577140840629275656675729515988106404141310108094706774720583 -0.080585270944424478899179233269612016841642252779401531557018022228784763359105800366253334875479605105 0.074413304749062015152302172199896103085885956785838613154832991054335617832827470894738558195036674536
0.098666393713580154309308685215216984320358758457920632512693114919389533002699049393623237419351684419 -0.065662049542575315350235278240327205403515393549920156447417185001610358817483492004594172140371130721 0.5990238190013017101998974864924722859094904790582444680750529444666982188502035541307926581648039143
-1.1146173112776964302290032877713687872205923322062059625549398317900233798232491049013973789730016587 -1.6536605375179683354878262452762555510876342305717080761393161132639484722060737644179011999219825354 0.12715538576677044287386641223116395823788190075152806536880983372205810444439457312284020895511553088
-1.1313519129361812661448629878379426674288961138654160835731936145159620168621999640639769202355580288 -1.0290875041554564100317178086231864697351522554039363430747437483420875922306202787262966366200149816 0.50298190717450688504834230284527917970361421823348806965055892900088767170190257461971998225409244218
-0.99813926249974506836193216773944233620103582423176924607950430544276263973159100193662611043136645581 0.40786827638951972370289293632241567693747677817712616331277220754676164359804416801098829122724876724 0.57780175149262009737714557287287983443045757759089874321829977943354634160813102816600350804060793458
-0.23587801022728622207439802893858761033579916380258388219308936845840272131506525843586211882973861519 0.3072653350894594957930594633970406931301722105737843581022041130935742820904905685026993280794058662 0.36326860092367230225101507619018156009210224377549275937238518467587375034696329677827897780385711401
