0.51379996339257750768855143027117566340552305383906116154162366244681095592192790759784036410841961597 1.3589442560921778038969737006729159048053514681240304182497898581041312169598316326267275048740695412 0.50040598860137665044748875797922477805900920714929985435812501749625115192073919002803635254965774902
1.1121188179017898690646498955051600983949506920141952308198900677515629617169079171367435768681470117 1.3777917754938074969229906062778543123385982026713003835180831168118621368409165489488048759001955308 0.65088813228125031128149195936433053118184371599786634753089490790140506797743183618261978960228332592
-1.5202668849233757382639208701405440560569573631420498039862556610945851798479263495160453029360536902 0.06423841975793191471416556779685642770549219871472413017645384798334605349597289012698360401982012355 0.26152181988614584864698994232486776042507697093193169794758849280945015595483116227630406788748322801
-0.58176088564619651109408063923993645808356487808403760898767719686065863445614953463950177717146809578 -0.033264072531951089058789641651139381269522796302320675779729260824103548077590204622489290874236807233 0.41202540083777832483801629863782961018224714221085379448926167067177038545961538604997828701502725429
1.1803234188935131156561651654196140443718059756104803017244868559390710735003091823422119639548467594 -0.92736910589904782547429706213443940713504775104856730558779325962926420415984007713185858306091865278 0.055732500937290052736742488796870675553115569870271665504268564386052752292141378722330417293118002115
-0.14373349759559624849801640522113871946956149368521747755497138976262264851066636506083335829835261594 0.28306379268789776813197266101009383876251945649819456529099697277335063947296122218292698924270163691 0.57976647834989570784932521777727855541425008046257228730292010665337700318573617441911544326720311135
0.2168481579574234293904786259607116362084917376458669093232440696813642511663392332988986222794743544 1.5172871118492334318238206203063295341049736264121191594456502076238590087158155510735157107033534058 0.53216045713951826983297969778365144049065731484171602270134644658333052684267422666467988868994630915
-0.91118918150855592617644012687481017160005684182798530398732224324339521262662598928311314455009616458 -0.97973949446019950089700855878275542897245025513107349814669134469665179898653938591524086828574605534 0.51261805097426493138173756685283023486426155571848815831544847049494783133625483841602946215754389479
-0.40252697244778790946922120428791455328667776304280864869011962980093862238539799980637169701718823273 1.9143862120235439503821508407833036186891865617626196807965143464797106591040674521361282599899107644 0.64610696186901701478826761685011597381729224685561443240611028907682847872992685188490068199802217155
-0.0088347157622519871336981205315956691898001652343116521786372299342290619559699229758146882062138655285 -0.075642428518755507751651443615306950751431574048147047413205213305222858453587198720835995424148448866 0.38656609608930371999277394431426830316134349575576143802348123429018922059965896770446393952913186537
0.45309278214874753036238827036342277469379618061776634823207896265481210586278178142462567860671115616 1.8978681384151128889983817151760937935372004543988849895696512112445395916648058532980504383043518444 0.66021475553853315289804884529886221441421615838190070551480332653115166885954956559059595580818850686
0.6371971213582022973639604891212440245576597521515460673815999419955144234325239014501462792508461889 1.8140888141567210519481361004955563902274294315983473862126165251149167812337554436296344808025721919 0.36479822086643152363794590773321295410683799974034692261080026324257440918316902337536774811115440165
0.32280081254570324588052828413756348303990290579355384537958205584921828246731941814733580317031527085 0.87463493335292008199864649502794564643509738964858320907029633630178738954459184875411152783636706136 0.14173328785935565518662316385801763908756020251008010898626753540469055564163525246851842784194866083
-0.91881150375092689130920278153434411041617769776641294902130743286338276769966775585108006413623214796 1.4910352502286767564924537893775659789006336823270726616688700672604228135080568148926976759423367827 0.5086046384848397259158832311990755881759952089510201477407775430253885197840467191296306015730045826
-0.12952961906256219024007244447764422406840728608550039704189833648972651355271511700994294812603075438 -0.012453706940784502161618890021003099287767898168538665745338073782304237632206989025019008152317776594 0.40671555579903014478428754139384732773492940381882157970984066869274866637846770868414791525200959784
-1.4784142527897959649227942249091974201871257716146944852303402599225089019670859362033327519821589374 -0.91919286181521958910597401125110595804452116679155912204308361251432027119335223691463162475238494754 0.091709110109249533635014481691267173072444983218198516355208335280822099651155598897099862429042107282
0.22114179984717752933619145763502450799950086707085011196052902738095549028558729650306546630470868349 1.6948566466277238549046966628328169579319267034451727418568236982992477762455806205774036378140265163 0.073027343418028358255466469207798057982898744638707151719756014777474154278831241326357378955994237471
-0.08585503370541079167341964226300520090734340849402806521214111789586314130313990098184201672474989703 -0.38626323702903099189184005396396455453881023092859363642281095725922940672264878392478490498502272505 0.13226869640138893382032789327162670531029820064125881636660654444269510678278835030487846932135016321
