1.2105492224671970076419927139355674064654509463232656628059967358150133768511649424677061076941562779 0.97748804398655261084976629526254393475617615437024082312002705146628994506698749980455704300959794424 0.29427894276899262267604439161768066253972276859929735566263875712601522160562858825797686524366578208
-0.13483843827096409130708562303568823601300856243921502000537411654397986701588253963102353860060585595 0.90044767835256199932446501834017252719235231896098632717296031761798419181278806645965185194245290992 0.27974604419390436470724494951088265248214736376248781845432671597043906977951305783060617661014641081
1.1260531966842041625732952023330248468272436203933864550571410966915421300021742105231230566004007684 1.0366959728547246050285778027031329667816652424264347450709051437035240305643282677569047623287250376 0.18338569983147496722629299139014095805082613786332271727698854830371481143781615569340809634256472946
0.058188997914682820080070000032135305186230076233876402206351988338126948661394020847373286561505438113 -0.17088821910237216230992737249403937563549088221825494513471353814503029183587689425478386077237755206 0.62739947025526394970931466859839986164984886901185806131776666183732106527123324881845426516362905801
0.4634692343374699569123145345061781311325414604083176728349824962311863553782305501369607726598102741 -1.3265600134233625838645582352435254950181624046051342640397141045020522109653234487247401089591995255 0.58684474354499389022116307496324222237203407511341617432441458818701541102014829410913943432272537058
-1.3989498362027890366475766025185849091753602126307807235521454067827327906574280001955986592847883646 1.3839343940499422757844615435593041218900480147603873579355938878766934421436049450421396562327154604 0.16915606126312520402502587753539101345059285095501329870091601827284533788267348493100345579646184195
0.38652350718129356014947143239637198150596095321794572798048444858507484666458758394368461833486714911 -1.125273328721483293127084943273100369167133512873370956304554555128132760514434306311377653825521921 0.57449318737155023757152907669115352456820801381876601584158521495927945627020527715890577261158521955
1.018727569477518883047205568158784815699212687643165775980211880452275641674976034217318864474647465 -1.3483048038153157762927480972647976179674217379522286922641770873164714932508248356636972631225438551 0.36858348668134247248030666873833458970238092944790623300542013987031000693884262289253975862245274891
1.2821001267219204311235962160763824672289567209516667162256087866275620626149779302755207940767101909 1.5094074267858450261920487897572118361817227313994428847156905604052901150209008648633586912428865927 0.60453561406826636803396356426407795832346697761320158651460425116993318855470381639599657051648833663
-0.35121465909368264541567372055241056939851926205608050991269115923459178564154378838033261902173440111 1.0298521428964830032940892535322337252789524379205647601626853256942815052258927837490123805722387399 0.49387808288375202296759557250109593939252125525137855838589166583897349881786269847429982450477666534
1.90393658236234077969434007109638676930848854913005397161171368214021690872273441403204905456769481 0.34442152741663219253929927552313320910662694796479357293930759244831626006759044460851329036723665493 0.59109542317126548929911195475934292378654967183842930915465741547476916161998664099408689711658819937
0.44367715262211091413631027315622053394747993605167584852732838665321262418503352380278442106050941388 -0.063045249107160291831548080526176070934813754690303986643217778379823094735440088467844483603316407199 0.45300330232111470096896972940008782143278632338702403564669059412475339409006613808295193287836973167
0.39399283664507327797535927773392738557747690671289890657473370663963753259355925475775685915160333708 0.37264659105542195438150747407907468925431457169113368051581441322541125204155137366906221646934366697 0.026458421092757316851124612406732876520355780429546256547880789781800080556263448910066208558487109342
-0.18691299732222774442011713205301744686747273804477658754780329110203798881863213457866911115907234592 -0.92998125967580584972351764296561781089490241232606653631012752578667839013974757585734520823771097324 0.55820422004402306104680386793659536335449749979888315615080568189319032222006252270147418928743769985
0.18122569592176329292578035213715935404992959500907201599932367256363317955946290650571044862938780971 1.2845592931619107323841703362026566122423634995078141024530911862160408643168231982944548458603403622 0.6222815057561623363871863139201010192801561884127631802741508284083092635041243781196143453873472358
0.068381838783689259877785687265889455672094532480730069586753011220322803313842836933322788493217251982 -0.0062211732518067971840048764059173805028727664618485809844161666005647388353358213690982893435848050469 0.13921085515276311201131321865282049214363326372905996576253665452396837294492114769941158902630066197
1.9426932197190327035625011097265127788000157442510216134483821285217514653270862718979917122862348716 0.12959051035625811920487277389310372871774320957374321571688864228228821744941829864497508101616955404 0.15289788816897146991644705400021419464809879785015572464880019241408944408542816380424297598901185863
0.59647652766884132059702397995462247789657871712387843569575847825201494062888730814566722985019440792 1.2516793128054426616136645230339557504437325270974996326489367721224557441204720333507171746393759041 0.24689573025483150179024347848040981429679807838430099760988747614154307062605734952425589076859179555
