-0.40659663396904881014898856974590147698309913445704995984148630560836830492590758344879309173876514086 0.88588461966865059315465481167660943555677973016755538279193975411093187572677618695962657156110855519 0.28701980055388818818164722044130268774848929909525205233815116901385841413929508936000389321765171738
-0.66669409403748605088803680888165820784665152062750254021740906640933164501916463423391942302846795725 -0.32377239113487392119278851771045037752638854650905384416010589495216334532772525707823506641385737403 0.0017170453894837381801474136048443644926339123210705303853150895281214719252599882921266417547453586987
-0.029016838989085812797889371097885253680659672983038462197937428911288117487120896735569087704502976981 -0.76884017172563633597141277236886532141870142893865359248458592321061402237670128205333867024634591785 0.5695001714970001691790453658651793845677969849312635163760694634519938132647029662455879195650287697
0.60736035776886686327064549301847986019270089182331580908701934286457222780983346069423099032456811544 -0.76336540719020545143548021922069841607666743143960192508415986239258762395826101992916931143607410383 0.57085333080017285360818318629562956758427034171637420993551543517866196254170181076501880204177455538
-0.27227668959877664479175017720433834061240335426904379433958001497786864880347159065423751408776383943 0.0025131060612015843155438711994581476693808932388314301495621814537533953606486127049950515773830833594 0.039447053119051324375205640184780754582070993342921709068691660255960407811716739219223615852320661006
0.0054674959339422454339548326399473883440914419358539292700132962979496450987988421299196439207715945233 -0.04819483972316517958770315447025727977347577622270402052017208414122696604085184290558443842862706 0.15998565786528011385664700447974301088109074880463984861197659284192453114688000428138932027944726938
0.14455761474945768451763396000272077714599067593703199026186663131369807893547013268679156476828019888 -0.62856550914383667097286651639743942967750623588637400543646996421429661958887598737549225452459358648 0.38852631120352478024995309421667098399515839851671031397331129798120289957941557067209077733498540913
0.24409651461958225627912643167406003995752871745893613230830329229014778773746618777545160397157650107 0.29821378493566298629634172273124234917547622476408337857716039381368459645415795403484804372771984225 0.39796489933529501955657047976249997427917258465996293228621420591472678117702818700193886018554372419
1.1467022874388895633849404734688297875659836320247667012398544176111442782176089869984604905307224339 0.051825221127991000157930636106611092473365853258066496318587228973771311774047168484732617627059482007 0.5432229454765743537502578138124000479660965872995119476065163323360025316252327350000886572556295968
1.7841330788195861406886208630356704096227788119789382075439521056460964231339540704448369645936234071 -0.3318321909059249064011028504789041835091284209066291386382710693276434944050740966100934444794780472 0.64878730961236579874584051913316186889454763424306144835310572516000442407841566126309178290311809101
0.64388853449844368595078905264804862545683869714505365073594845146297203055228263376913473796217367316 -0.2723880002484424310516322050743598266242224539694528510350324221071359539460712855322222510467147844 0.65157240223807477804833354128630511813173743953748455743007601566735376764498792063891525622119009837
-0.88504543358761717520308860990451365922776257697879689040508619283469940043827357663870044108296612373 0.048110900884266828994509755489360813175570651065188899041641525882673253589866697944929438890633065937 0.3202544620621088064307418327841928516733116774400080381915804968343707777411199631083507034986429504
-1.0659467992448394436322499375713923622804178449328015170394531634817889745314322491788253606750053591 -1.2539646726002401273399730177166453375116477625181915579815180605537547806575959073790207527405033241 0.65465621556387704827980819232955862111666173299217585465153082165524401867236304035400884954166523666
-0.87532605170217152270235030434386396269605486778864810096832338536882733722286734183861122386707669735 1.630948680470137545159024619151130803674823613329411570769380144616344635405879765340391570668625243 0.47769271952672118696095992979726718526857449799542230390774955831662844302370985217176677789342671159
-0.19470969648263203062351029316117169207256528157011766864994470759029486731048187070740803701658568178 0.14518104522922987266278017968421092299233234375446382033475721926962688458876744003152649466984072348 0.37149176873555691323208938844561555570120251989235139872747269199816400127184767050630298710270349966
-0.091647970631904025795555826133073389401793889675180109755200107885875185504099632763966902351410495578 -0.099369178982358931755708854983141238331406345560987544952689851656650909676921220518016697546780184879 0.50859332858767977766981953549845065935090223208805678603461180830906004658670547660918641434473770957
0.57400272344444076747364782565286186864720341746573893331325057817745642774259247092277209997020115195 -0.85883574043153127965525641067442371862335706320624409581089788073110516659239203492830432484466797869 0.096710650421090438905995826401712355708772835160769062966772344063312661605220567601926584990932187293
0.074196462648004968697012136900711567375645638225639759058883162700588455053030994290130758233800973611 0.082092094081103535836176242759202989042040595165092083772854183546613363307684556263631084739815781992 0.56555700836083737406729631913720526776479443705736201726528984605927022863792171229425733888017036032
