0.14761169086246319275663894831301999616476643559646287695334077376505424583552559252367813978043261453 -0.77278498070740246129787007752242220914972599672190234910631894524780870940332603633914855041388565899 0.56449699927792176915726451310966645264025980294162524195295438862665240788260873197610731238572725588
-1.2847745966258139918709074594773626928993801597051233397824272324355733622250093720320718207124348517 -0.49870359565990686296655851031074999161896982539219998905863226926566234621252423359855823576510641255 0.63443388061472796710153845143145096567557062621594461806667227276180352205089360013189992375452675827
-0.91511049677546981166476504769062288567997566550839209692246091542317675331106098091035716300382251706 0.038131705979208465280304239025999898649719891161177723302991719463369799881514513774360896131206624386 0.019530157637843353067210845553076633070676693805416603879904662061275045564195394152045810650648821866
0.41907282443514265457305489430134135489556046623859280459280768217519989344514571878886005200495439761 0.66623123540684730569619742905491136271476253719875099337594474375358629613158288274405456924128297094 0.53764263088499940827780910568530910968237553069902969120689114753476813942732167957208584514989310344
0.86130381578573395333454704999360246263946810698544639011284415351337752712260655734976725446460423523 -1.5828094808544448833824950814803132294615339930452027324251462834895126808593752568814068936010980245 0.028947879002044747734292913840108049543380392792294979879653833855533364270185519598623074521885975452
0.71245294639646794257342292364659038303687828834063305291744896708814506251267934233573269448675278737 -0.58763762983497565877246996496109919532581148852168015042928476607063018971849435144787629038066079331 0.098601763940102988131840599666010682161987360779331400654234707786403733142904315388215078222391841861
-1.8184143858169953633745371117497494168633679415057370660914793795281395941309834507361011866623593183 0.43542400562986930585041347441514153020395908223123941817077648407510237374469687376617307133460653188 0.53556134564636106753576524575854537001751843216178430890946953037582216051503895286800953448594183764
0.66943556946886315959530102436075963099177647083723395187545101638260818872990340170677973207642159064 -0.31949458315567570250751321118204200217845046179596792307622083091455252328760514379776281605331519478 0.073210967851021026758380253856949263261190270452922982911621921579786162849044218400212708770747393458
-0.68438703862194840849686726477431130343224558622547563317630660821489307546009103403972089211912778072 -0.024946321526854748355968516381222870142623319309537621070414692300309473216646345519916820242883915771 0.025415457536824483347330967960447840267061473954035407726428561527577683955493920437769955912370584253
0.13297504950481193038909075355694565404118243333550580403435031413761886179742487158530418271596785096 -0.1189548609196814440231681941157291154273599872145249466168956025368609084264869912768158998775712804 0.033175050587759914760536108989528649270013832871177816026013248169284856705836423672412123290708222621
0.78564336208378711198712483536885428249124516607900784809167370405045655241789467733896955689371226562 0.67543562997789708760265568005586828840395526757612628187189713141605417249927527526949481650592107275 0.16706920853996768723327099978893155337064168903299270440054039672982505595100817680444633653289681614
-0.1354646294721434946732084643911657126187663001106312932006744841386026344025391766401574778529512494 -0.024902215178508790677345472027699492528071078684651888817308602301929368737803651857323222629818800468 0.15071822813932696107388890924253642013234351773827566355230069419208476125352978012797911544447560993
0.34701088858494204853044280882600606628174000959349068053802754402086835066045983983103919312606948028 1.2361922624284485092475432191000655407296897029560851611150857498701735139481737464547350158548112683 0.59049851620605498302995723734028289884583614922546949541083642782261405763971512757043031691924934145
0.29385998253540336945811371492481401806893140076377353675622730576432372915912229118012769788073856058 -0.29105756852387590968833718581478380726395215491959009566089670253846782612071931295569546974483908867 0.53538788662661194482897666710538097462369855144981818141875563638179227223998469786370948000531174177
-1.0946010822194780007044745958984074870758696898266450155440058879018804331846459747130146713243884148 1.1796836493700781123387658809943219425984745280023578170494866299348263799067758659489271314299367908 0.52761130688940151921997172097199148264495516151674424925953788659701420910490286243357588443755099438
0.99764934804231823786349657224169296359961444574029689452075896426912451163913352525226779351969925909 -0.47718996030784186040522805620527554109683817194470914021360038950000995435870240209562285979966081215 0.21941039497204271164844955352575954081614218796839131485714724975146619208078680608115484477982783019
-0.72193002144896930725866026367739460964161822552693787542911913007918060449209054006570226274505328982 -0.94962287980203757953726449800884811650400903310209970605208708064502354527407566803173041519916250648 0.1301264593918782487434426692725750794594941594416490568527375528384259893585138133642918555812074935
0.67908865884243565863357371317115980700191847416353990647232897908481277334444076886529868022985213843 -1.8047741165997763718060649248393889575298094716074543832051320045998890685857630518865218514903178224 0.43516371729326933032988654202810782025983019324000497162180523231136942265143751079425536323123616788
