1.1530687111548973323359367454584944538449419174013733076839442050256126646535382984223067987288846752 0.066516283188939314688457644970152250386382300423873517425744094494119718076374849227330445254952111217 0.64087683221277224135986454808664325576936457209017367125384849610207806028599787643863802241919887981
-1.3072582061009663664232813142705595410846757705701683097643037936855344161240699734235998580344044933 -1.1263806946843484358433780773673595848477989929355244720197967529242474594888884682452700309650316129 0.13525690583292665372448988702650873055697445623741385174702360500050693880549883436529176507314436843
-0.47782522504284201453624405429388447522658205461281433514238913467627147488682979997631541820059820174 -0.29971792181894236829169018244185494299594186065857875336742266984922594773307798147184971366992276273 0.32632876509312672161574336814765745094217743107094094809608325084640029646628273395867777157208552459
-0.76116934621140421931233043723693416447686245506730629127949853266801570609725866890867881773957585305 0.75989176115400708069342185875397026352838191245101820299348421959828849271589500452957118121971097417 0.35914095117466124281383772299153681126195657195031570671051553178720901043428210767880887928709807683
-0.88260730263434893038975072873676228367551016646512365061014056932323257281018936601671680830292167229 -1.790716300044959641598097550569006349283496272464080023015473634938992062563468380801916240315944861 0.66805619403731367739137465471650344608955781697153723113493176330431037254919310720027687679199226766
0.9164445796373506979966702233866440592636332472908170087265576560002463881743836864639164471981517893 1.3148921149485751681191464809360548009195182526668039701819241002090111669759292638631876454599184616 0.65424374070113787546455776032697456373836906975767140657320651840220132930198459600795441800648169042
0.15340994538787423166231643143791399170182380277436348885371127310805586777574523971578233120190407837 0.15676681816976646628374826927090273697871258267205734044689474278862884318155248588887078567749060947 0.26223578574517127745535297284186498148227095638633699358646096240880741044463066673150142258560261347
-1.1149373138853752228615249868071587369395314430620462938100426926436137578795154052508646302209521801 0.98258042468902826660679672044488743040356175008148455854500896561816913996919724492833448581255444803 0.45473376174836490598966569145279171582201492064194456949136274063716623493648275650562020236481571867
0.45830361451020456704135314918482264331608562272393748023313326128127120151610150016263232970239220527 -0.05969199227679868385676296057142885923377428015737817575000018249444209040539134237926171928432417838 0.66310421584052735977655604133697881346039130386904093023742893844467540511872988557739524250893143275
0.094260944176461956412056372993173642182384242152503673218584885988803359812285872489290676491064454845 0.44369836054539134116700753296321924921525790547028370328527952585435568581836676461696010833769799226 0.2175210300563912458471587936663004121215907882024859315089530290896773214718471034989259417715087924
-0.98248675285284961284728969289463896634020669800934868766586880952280447802400555568267676060307666254 -0.82115807766081214073424179080179318861961825685285263345703454260917618728774595978568762216894964727 0.20016953326584768868632543597933350738725210750854663167730050720030393962953810354121672922184480458
0.92507130296993733066399844628717135697416368858370813996424552678898803976324813880947652605118992712 -1.0727516607338980656908339449813804496928804514122626985766984340257307395502870046096841332783284866 0.083844591087126604461449181038409719845246206324514720799983832045921389970411629330666265282328397351
-1.0608912996496022659547453938063254629407683850362665944568079496381214421522363461842405407165350766 -0.35963385038361490845468999597495864056019931200992882107164835985821010737180576108072409504764324492 0.28169733317844583671361713444768323042736398832294687001987931998777757321362283614294518820653014687
-0.92725949464686295399492992530599923512241295728288309918965236262729615311187862707410851482009038642 -1.6414971167179458334987277197541965423551198613427972839340122524395228684035009620183525532904260062 0.41144577187913248323964131262834126128694117005448495629361900514137692782007637325259765471620254577
-0.68197093991859474051189657730293844667067206349137735983334492523908052562347678636230499917677882023 0.3974238556912321322293232901840875645720630641663767643813589905480275349216083335545344711192447566 0.2958545549803616976743756004423636878130930160368386102994106482205785081926168017432602565917923209
0.1242859272266533142182098933729777935877798424602365304669466946261705899933402636990101266552852197 1.7637794484465500285818029872216529022135245421657930385009030922147329771648914719728603622838103471 0.26297639597234142409743766138608273087499905215725859844268667502750927765147735936174367828809953627
0.58003245096635518309154858840967249417070078482612893320547165685793294105884130488340395187477202642 -1.4377785831234698582631923542064971712317308045841765120004968094551285329456150601380504469128605703 0.081916560226597823868258615332504003170379287390256457007703967433332314393843781529503816741326193649
-1.4920427223531965739781969553107065790815156130764627363998618486036496316830088421200243191845026171 -0.69746262574053950887322144746413913931249838828748116566530868321265577312932897099295452458381733156 0.50698744757381148060857210028490538442321061993477052254520918408357863419453055528767105578196705333
