0.94904331643499451124300841555276313365359962552933549255550444219196459333612636003318607635844060239 0.038879270460108460363183952741722237640459460883335086396533728641823774547874033025550653555780026291 0.091723105445590037832093325785561359804331534906861087833521246731698855345495831340014253902076893007
0.010787077714759451379241490283783263308601223582429633196466508691053186810817227567638665976909115428 0.018321172398678428823579495237266873016137182829900635358957849656188230664676836933023974078389826193 0.00089450748924264003905884444307673280087391971241535363699863749289532853979656164814474544413070726735
-0.22630880878397213540150224776523583937210308063340576876862891728607436772734415423795271054887421361 -1.6339417010203720542688809259349945665611189403192456452498017229304666726349494087162157146406491501 0.56352260170272685723964030514548757912669978098213167494819263942493172908433956046183894044250254022
1.4646431350525693709141221844415416781708461470154052081535920366607547683850881936445312752269419473 0.82166503206893112071962244301449142848822049867386895711802055536809747800144453573459600227322286295 0.4642232262073901669025235036608064791086852759899512035358789449047008146026159677361808555924601966
-0.21980702796693311758918133213889852424141889049190867174750194378130478075906403266663589684515954592 -0.098477851801375632045000278467395906431233719184440669185883983061365407601181184784180629185112834307 0.38806082182712908510966311081087289705473641050426052523692032986145713655207651591510952424155378833
0.10907359824960906615557341221363430310123715786785167779545317197712014444096682069486160538870904799 -0.87170118911432137174705667635124241488697414121868631041526763245821861388545649170600145354133225821 0.19901967012628897852577926585047251856606242539338443458807921735080167949676634737517130738002888541
0.059953621403311920943065173924920133261914102618065108737438358684940242077048232058982098893788257663 0.16267367687222379613527695027037240833679350827742445907122154416716581879663258898929197853104788084 0.59606126021465487822633194358792355577971609378672029611770777080451016034239361620795832162413204821
-1.0711570976419438405287041946724420379479570470454958465513422590070780306252768239283708815971765571 -0.2791397177299303169654217083165328027656385311902021810967316618756745143973169414699016378885512287 0.59283557525598144776705031481685656532654198145180287429961506942845226319544360381917300844092376554
0.14344478925864946482264139958817271681526437361633911398400057104401011899478614846648915561296655426 0.17316502624002662083909716885084322948072547722791029978082110235781691640825116677108796686991726972 0.29363935184516003254760926295958114063829094097965456374570478391579584134274009846223703906557181516
-1.9742052561120548009575294836855549085041216415184186217817662100120140367293446978280656558804208667 0.28095984546264658156658670562168209835865376718889994733428580525170450514807740016455330818381127138 0.38656533484447562623082927226926830272775264203911613043899560579869654260091321460694231214639686483
1.9535737590670604462860141580057117692660324952536255779453207724648286528368039520415985125263564978 -0.39283868110752293636369824707151737126245539326271527985111319738095427125278092833359851401987026932 0.60988246296507895726034534194874256394113007305265057696278534483368535924157604960249481929361168186
0.45960308569281636610964131076360434088926498338612205303707174024484931909768956990312436343994146222 -0.085440567988456328189502076195185828715085853362330596330836860898863261606456600825847293081626990851 0.60646290072959989401033847846441324324086389208836136399628998102600144730747074745350714141037955905
-0.35099983256125575749303335783688558444101576092436074889552708793928583464128817758256034716521342756 1.7427903175726943881418801080466208127725861317824239619868297572481991396564825939984937924912968053 0.085187105351898434272637912424510962168002233276007431249100317775823300991317273174887973156016971179
-0.85945791410074685999987858404962642130552973617426582497101748692448298320313347232462800811597699318 0.19840469235483507839774391234622061978437347691719819663525746989437593224920835640732623797425784531 0.046964860982860713843300870537032751516416743103526549400924895984274974515328556359993780297625774741
1.4151542396839411661015997066539673847060962160560300493323929356228418645604859188485543825288182636 0.70398256855919440809330773642362370595770571039597396271887815330692727961234457336469543282830823099 0.13233967521097891655768159449624330657920857121111887803575931524282826705435126235537587869704389163
0.73316926349147987613044812408677135668430301565346429310117564826868363971948782242423291108128086291 -0.17063704379281444751925036849975552337819282701859752836721416354662253723465868374008034862296512311 0.56198863700210209346541786554408950335741613622833640433313879891294610620440812716526911488046584271
-0.49340071651493718694506609081542380245829159521611343592405775922984646228949748640717936120220476381 -0.43306390184771785323013941595672091372581049771772687548110796732564580227805841447129973913487891556 0.27498476906214842853371231064068045417934379777173500190913236163678743944054894678497876489929753641
0.044142737514395194884354802123724882944954794537251414308658817840224682471673448883788440681825701186 0.025364200208482217214633114167048851465727590641555433951987874519211534421189608354033000133299336003 0.21235235946263457041459178790165702942667906589909545150602390056951899504250826827952898612968270926
