0.93278125991163992106648208595609438608947307685202716238989707662760873676571258188446910961936827744 -0.45103258536944286843590466174522161684456805077376442250677281286619830726108438846495276588026165779 0.091084249388490900292479905246093915168392788111007002632711525796940554554582210040859569280718152508
1.7383030046753511699042913358828102756066399552264280597951523801605158995719077934121311982405149145 -0.4846534298324014387905193171640813040356864135215117999737864444816289026389971315995703507218021513 0.39441518917021831314561961690512359354115744907469637316853605403264976931933515570763831415458166726
-1.1693778413392746216688954419070471288075681768871348090046767096181308616172717804402969653053215995 0.20748899924814628368512815890250603955600811221112811121009494226330750733938352426706911580049294888 0.33564919640731861602794408072589012332686761174407108907965209919331358468036892481667596761459982419
-1.7582804083124173461634583827849211918413213286670301276656685575183225807891223722529028272906685351 0.88674342454905765216709458003025228445778733307310709721240089900502661653625825920932362566935414486 0.11012049765852236199787343447679038642440453553056258816010699375322379182024963914736693980000477032
1.3337722599308920864063499686727751995134419479023560688666456187368420343946114394612801396794118612 0.078847962478691244805027755617323139984748798076945824671909295260117929943316943537652819341521096865 0.15725998315185995249300693606261660909796996270772995889613886302965712398358357241554599082312281409
0.17146603001314920871379395665309986826079262574783773540664427755274251349617082000016549125347327477 0.079859920328649719380605058350898694102598608271385612509350898404987731419131062814118823979281274404 0.12224579376207531259078042671687480821641955435773596771767332420788100206730626983237443215898177407
-0.24344945463937344249373432014783491381976202826416028292477843894621919772588214906475973439200844326 0.48140911404205796622247559875687300103261908072088753050648090741613307428079253558282423303932857168 0.11565422257531273013463793440145356919257157463315523542440614623398584359740314547425962554925138471
0.021321620329374506974504210532936408922015473320949062506424817581937297309474618463417680869580355795 -0.071348355124995703306196534314455754358563587910341629964259141305274344141805612436506082071209233637 0.39124098801937656810029394811762851227462964689988376709046101852355684171704779888889697990860582928
-0.45982084569958599169073494915143683542849578286180653492955892640798619808238810928386895225299919537 -0.10129656289945036095817434295362729226657245462009460034339167913072314653488260762686979675163488197 0.1711546817882402939859755340686705941004514100247681918504624471549331786003342790687468765527130242
-1.810354818454711640032044133930439555216130455984632050095099956892649564668577507885762328425598786 0.25555116814214255869827962328839146562280243762361124416649479618648394280115533895253404183899302891 0.1200586163746784993296428142130171890434070952825415553107024406067386014933292505480960744784947017
-0.52774874086035994524838338553384146546448962061450033197143463306488338312806301973273466811514755053 -0.64241230615679899299093616523046315527006234685568674596006412310754622696964859385108335220269661133 0.31033589800862340752396263746400929382244075480435181660415416953035378946185766220524638036399232749
-0.76445642180321122042324743788302617866131519853352178991867312230518385806589706746648212085591667214 0.49906511236988031555116527112364226970397165405351637599599017658822753820969703000094879688806272755 0.38314355398875820933575107262488301713634213306678239397335984421287945568407670653630466516198371887
0.17525231052993290254238948545004918097199644221546286568852549461797647495959595121193966636109552499 -0.91584667199845426819444884059872700775542317962227286082538565574652786134318732998451808962075612805 0.42337171095007395166342328616151059196542856328903045061056941574370309061795844825189478965108738114
-1.0006212772412072016182085779668816426382594912119742701664705641558359956747198796322123739238304492 0.65199173516889456179410236365117281934616131269508972405951936018158441306452839556277466679262481499 0.14013446460777534770629072667208230168116697918892640612903636817072995741822833793834217780051623758
-0.60036444214798743495739325157921347793909107544324664018093025771505743683639599579758380669606807896 -0.92397177976042330879552213421362646805140258704059090619256773160111775373875324191899954937912030372 0.31948733113953511100026095245715722682756814653801179499228968941904407590396965339206046227168516709
0.56110080538534474200012544393005074232080857460730458378498388376066163455840009973023734478852297128 0.31070939108429842116212662578697654289779565652925261118560697686047053980575400212881005404903880927 0.23625579919697434747972985217566540524845087105918334413607026479204216629046955699728880435231696169
-0.041177710081031470789706617781013650780100717781995719092924889971517710890947619092280143666830881317 -0.11898378727572492801672310039784588853928158958302575503582205378352126416739888780117692278165818307 0.085376147207782792770217924804722398565089258653758546651242176032918050269677074566920985024543353669
-1.1430155589286151184144114562747768068420786425132914812741952472606019297665829068851712975629638336 0.61947775794533292392865699505089648092075887523704263870670217996705872737797486423923138318707620188 0.055285977578457878693041473041516535920989722549042622044144035699424442089512225326340746215291371253
