-0.2785370925390894697430846735945958330855191835634791529184480898055068044977580126818290980113639895 0.76379352266708887112076761735018688020650656479967643525005506506845235835794383915505000773397599368 0.28593669352996226390310593963850493381022937794023694087322814532136883481296200219672480774474236865
1.6278147369220456381059634762042685420888499694872053823993468609097676419803241754716754394279117764 -0.17359417997207356270810080038190201261626731423787030605116793173276677314242980513114460591788814068 0.093470455168125522170019358314284933790035541742063945004722870572151374967867906971191220888760658347
-0.19284202282168011942147181993578765312222912658355802403410020710671329451480414207526658835859762872 0.12078139720820674117726018589185629959709555791371345973072466177834161805756061057503864861529228305 0.04131249921787124808339003675893142777551033110095862454191375026502549200822399933468377189562731931
1.790635070771476274566848539689871250568684233689742573262922729138593577352454575325019148379106127 -0.74029548111312162434763211119959019858391220861443809652306321143765008144406583189557136003781772211 0.3071128039964586697292833404247780123989824155939950156330541927935108433724523127410680027315082805
-0.7177944423340954913558494194610821996542060191538280462399345083758132541400498003063882001379036929 -1.1538036859490104639065840648807129221974239711453177225743369046375856747515726892248758990783820956 0.2213770338294980018509221662868061280671526150244626220777991899462262612983235595498291718947536548
-0.4895948003092252965791987108304415999441981611520586523683941286905970491146212012555667949572528777 1.245320145224309610302383829723293980076719014980652897414950431635499850662985113054631588783369788 0.0063896065062677582936920783798054211544308815701595289565139277293200253058769807206079511357532799024
-0.044424547401989885590684370493492055734299207524638198522222954119173368044682191791576625439518737927 0.21496551523877146306756946891827982931572350743834591231994318485170292470180870604659720466824118022 0.18354637864229528875061899949741606499162410923510237684784400417392958270102190711053377777733343644
-0.971284580622052432421189848571339537309974139065274198343013112574360739239932362598837365561502267 -0.43640558742664623088682823600908898935463898283044246013343964804566944518080568518688829279240673777 0.51050194619668858606049282337183768667624929093802123129740601282209263989163962300085536332651526784
-0.27622247518551016348982035634051404985473822961357212707974803663768535583809453123929728972471657609 -0.02454142801801221136680713210379618758372860482980195010115387536955572247363278998821979983676718094 0.63695138440789558958827172884781514406262778477557920461181097592215150058136379886530289248889347244
-0.14240824164172927609573733908340262518097175412897908042086629323990827485375584315588911205045682116 0.8733391564779879037206473657461773667405766802690188659724227447680568533103952337939666983249015786 0.61313658271162287332104373170434482648144537598053616024697346659296976142217114956291577737179290281
0.7191656816187166974292127709073445333348391783597560926812466651791018323768683914753788280014143276 -0.73448063930681579151796820858208054782521785113070345453754343653223303289094123991391163108501853151 0.001561347513509537870642165233666221094071685101913576458466314612333259791291691713051666138933543905
-0.30630759442330688743483519015502282349804089439952711136267080362603523325857011799388176449651387067 -1.1513347300465830803075972864906530821369046158776028019626501779926242735455401366236318790437510478 0.057899713007649749937468869721394996717556370164502084379943718056361088868364418526924440267653479531
-0.21308246804561223953508008769964646876683788905187606199831722383489376784317582562429986100829469555 -0.45041292660982848392566979212056094741559464690173295507305363915137376501255708950368594443299745277 0.39699657863820996272473101084949290473396338982163270273100504400735572347975340425174500192012166218
-0.27604874156283674327270894753302383276704109531061951641013644033949291809067629114701158622136038887 0.98078389467053100209782965402875617995126119257785929081216506348535355515221450535465224580718289622 0.36411183759733997521212074889527392708135334531962374117853786256822561486680378427975546149642696407
-0.39362474818123823305168232401841707770718365064105977318618679579712910391713001165339107385961711697 0.51988269607449185881471125159679845194555906792848096450848525780058228532444460393503517024872859613 0.65069826226904623820322838052144413163377049574330688938017504865962555802962677917405402688836985123
-1.1060631695421121550763572738487915925184352789957927367617542104386311591724386362879065265784846663 -1.3658672894948055136585494339555769062449680191622801446641668015599771614123965450641203464602669658 0.012797515359022668617741147419027854345412458819139800253082264970322255660448493339561647440176810678
-0.96629607390524120639162705307257769528638628359556353348425057832198636673496013265100043474323490782 -1.5923635522607054977256917839522035987684463633131636830035384091062383404870722411126759622086193036 0.011524401727565991974170292529006363299479257575699430463613317850906090914896843156453342181604552758
-0.33445457976694738476421208703786009361790841163915321907997569013809187691093431875438100722268832538 1.4259084292977732642531514138771992225818588896919659900184646645024479949766573676152564531653961092 0.078271437870793960359990005806384895882898236036777532296730888130133119656942490973884162384634899033
