0.37466393065862697615683118465481792959595431910428431523320984025014257537575279339465647405436562932 -1.6979465789983069507847145960179912129868921354826756968865116990431307592131332782312876382192990937 0.68294024462904287631354261688127425438163295257216140712611767794411219502996556854721937259636238658
0.10546822392900298954078401134341806533194297323637332355944847363186393471249028254655715331977607267 0.030002982884847677807631541143421374713377585819691053056604501414801338369187900250905934502073030559 0.57918444254140330065951148434207811308869934392642289027643051397563222100846470628851757141296781306
0.76094407989387217836175784745946579887232720205582886599277032847778610636218641382555241874943917983 0.53345500411102535026837435121407055291442744401984922971044063955731679916580498742578726813141531291 0.2568508450513349622606849851236004654798225262893144932807608839374550686697083181778113023952018325
-0.86445635084868489256272051368951188673676455712112863666597905684269722986111125731154389694765657412 -0.91792394106814438632598657671381810145310403475184246515431723161472009652351599841601923586898094492 0.50832299704866234485752790732482125277632645494285111860034701063642406609411329775310919905795275881
-1.2964745568318531425270601853458472474822908138454144021146910457454658931606527791131241950208231955 0.60704215284511028042411889731489866779958755596281690217365889713556974553442937816406099638939796478 0.36686876468645854096942756996673947877287526300269974424803928045067589295486237850478263454350108283
1.1778638689490087988488301427145847147725289024533232035992237533715157093101931779552059856456803797 -1.2064200850411615503650995164637935774281516153939561352227661235574229480167664524717638172824305228 0.48972824157591876737073889815539724202497278745034084631688844351914140251945258468881012898155646615
-1.4944065170352699986858541839611499883599254389973381756732977593784506254875860978035614127472242646 -0.89333145012526711823334782009325837544616159876584126577797012083926233731482708290482557247782793093 0.010071365762216547393761272743588679469977508779320849296187099940728983442727725943365450278502773466
-0.24696799163362768803764489336944366082911648210837355315189627660320829761001499058282842905870744536 1.8759239114891633435135278651650018876016076136365011522793574261208636412383009403070910935941335087 0.65498639199950825079725720024435808951296374882663702849753944344791503551834661799864442516513457541
-0.21871945585993925104265944838943708104130206336060120524466990193944859704955077809916404860299949519 -0.43377884759913918788315361961238396539474849406914242355204957374689978267721959328974503213188216739 0.44514994087422516037877339390237005350965874903070599254372873779403481869705610065037370416778476889
1.7680572574957664463263987356363653539671987786210127290455278813504763901089904053387706844113902486 -0.11856659968957119846354659091636283088176617853848266716834635016401029456704332945007903111527626952 0.39843939226444125618404498463766984426787022096455383314229244870033348587832729553745934201597230531
-0.82052985824525790364300203086936065132267623885655252903585216286175244311679809575285895681486893674 -0.56082895475644643968785817411498229390587322052213769557639628393859491778309995733420737834295749487 0.15196834046706986260717747202069243191357293135397062601550644166628769421155345217387778837880280856
-1.2706585597066270682884371934950167233589867098941100003462631811920680655512292420066678929511811945 0.798054967706012384764397685847347583991752063544303811566537070872492902303155345054256979967982495 0.62749352026937839585169581893127859972000726401586125044279207547721247012426753890079251787241965638
-0.073274978030258691748872307853874237839378171454166199267000569493957736831833120879892792937678169227 1.1800952584310169202803289502272230577867764037588238087797495234019577588941539121072818657992527971 0.086453537703265266069109073490415062189551941778020099615412091964161210722223907511874169507269180611
0.38780276495627720457886441229160090657693159883864721496590208157830424240561045427452230540819367079 -0.091102019205702284163463829194994614285417943505340540726393167659871120320888401468293295400608322666 0.42289747304823818097163884789552107024310211866779409699410826109524584674548758767747751330582350497
0.90992977575248515713273131905287455635375069242471237408942411794393235613294105436978872094507099806 0.093585054913364728465487199193051547917765651645891643700617924218567128696681072660660814308192535081 0.0039311831564766199497080465300331982020861103330805436838757986625229691816533976521455916150979604399
1.4249562435704231696757342160972856171435243704426585068265484344445008794424085025846080579437325778 0.17677446959133606881181382023245740715017195274348490983973613702143000656067227788420008922974933699 0.33303516847204248093679471173542099366744695382555665091989056423544199295747318585598015117058381704
-0.5499053702581123162381247236497057457406234020690401119514215263224067313868021736532372178390040267 -1.04566794870012013739802645863083703421517931396765813577531300680902138942545817346395041238204777 0.51313824412454153175759381893521823487208995372032288598562777699593186256966490380953476451866506249
0.30459086064885594551052208110286323030960944649041799091087303874873597483444460696045687323794421328 1.8059805355256265447507849289783542563078690070395233139353934628735356127985765304433079616065858403 0.42002143372546178207560494945559773257152407751522157915161753252542668611724668092341246175888185638
