-0.30925915564149487933640889468209029177683567973488167901154409991399984612596549406333936426583769189 -0.23660146706914941729098157745296760792828292442170068049719829445307484215550096552687854958197836499 0.13364221190894015155427648120866276442828572814137418035257872221485019750833077222747298397541239776
-0.83117146462575475615069640552676928428157353903686392989538822584184864497377634598913318294254099173 0.55993348768455738552401191582557503772285306078613780246956944808249282409217099404019419595830608928 0.35799245879420081223559712772999299628763002694485521540722318212390440157039126366529863296075387915
0.72311545384353549289172636516354712733072104301028161849218404636190623940192391916699935456266684442 -0.44168572669142276722925770736180617911004767031763099644112945164804680439918178410334243991056715462 0.17684724638443096032988163151487710459936939619825027488215267263995067650559388523752859434301157721
-0.84561474733721809093707023683632229467720981557576047738884419774252769666015850567301787831831981215 0.41269500458260103962704532242127538093495198442486012013267358813189198438305279540204419904590438264 0.0021898329211111152145432439955583100649009902714097299272003650715135531211383276596615100156259030149
0.67874739658574787054080951166196560676970009561196470445701102287318961633609481597493922639808708113 0.9232778497297503986383687711241651318062121181704120053338301751031380942120168039067312493828808409 0.62857408870421475423370147288768915932993467322292749850988933456213260323656345013348055022385586818
0.24027050333519901425808453958601585483419696255090519491263642962234022938963677282107300331853636073 0.71407035834625239534918100034350218431201909385822259837058077649647688008544557638604327511833438538 0.41375659031783793257728041333067599779924244617369028533946494566221611670359326000221240830233363697
-0.37918681929361917802788588588269418751945465707039291282686874405826945729105254604802572686959110902 0.33974578038892045180325941941924003078754687341567539792568437015242062241635135303635500323052850021 0.1736644581449754434300304921599833554504877588159165840678252866994805622202394589034882357068722701
1.3812228725264728994561176147833782916417026980585187948832559660374127689030086406473264930367016132 0.97411768507733680666074853565808387310487117352926112096556031433545058750754016133919569614104871835 0.36273623893888461753867856182363615533176105870854984914264381597161967036735399053891742732204657717
1.5377153498332881356404674986927645145300314198929502828333424104687525875156534727255067294507997564 0.60863786000204533102108930626156744247743624593790812484749877216447002071514531661135048031088886069 0.58240956324290411441305847801805392523324453972950547103526720683418356658668995004123835737097307255
1.9266457278484733500907484850737498284287689767425877597204404408102056411615505312011223077045625826 -0.27446824805637549701079725025981488510619948156951695078211890392717895922448929703367536232286331119 0.59378668977664496827028898349585417463925432875898186899744099187964326514483381054644906268074646325
0.61299872922390239892513306763038513204411330161899400395897051779066430601138772670596202814321459726 1.8314748289015291961360437210809266687375486171002361445740994321189085580095884852748792641643441718 0.09202681479143257714868621027674047570677959785478348624421836298489022041354017572441053600623636579
1.3584381495020151844106780856527506891145501314951988703608160284350412998761884070043900396890548574 0.93569270633653004233952958007057218638230792126259435778928221437237467243538300554807591140561768489 0.47270174906638067558062569148475085038197759439856449963806531360552837966414772385675958600035597775
0.19575602519634360960660963800237069404910500465372379275028181993475789087396539267242678357396841617 -0.038894474918170370841853656003909149459956066389544384210669577265194179476159458211446854236188138658 0.59529612864435216360717399471296370695009535439196753164772258737119069870645515747328819070802395051
1.4420449124057831612488069884981841489167435798473541153944486409000652426861319760456020472809361335 0.24623776683366114570449468616066465834796443562724563037427761713156688537932146324102383070782979121 0.061119573444285179920093777015284344782363299614988819583428066602671096108432298182372104782471417357
1.0469590475713776852759765861980078463721000750421866356024513964922539765246375054536967028997797997 -0.61148740814854008147793987065553654850454120697418519755940160944514582981372878583228992005285408022 0.51222689028316824643543807619672236329951616225653567692784957993395195155209278040658966233513895068
-0.33833545219008366685195936471302806204281439158884344384157107941911173685097522662319476120690690578 0.17762647388644550845901512383055875318690709570313468152773682553004238954464123867324369032793963024 0.38927786817533044409611917459356097474465773323188823967679815795561615864273253123457294109043436995
-0.071610512400113303342729880318824396284241571842060103254246105163104587772185445082089945147558819089 0.46833856746753815713400462523434400381807929815810640800716683169528442276352903849473440903911727623 0.50693104416416617974657762201721944617709466378092705415626351260585169315983383637602143072557828161
0.15990405801464487538411373197914442397944945307621173702791480172058516279996172212030993314731879911 0.17705347579328551313843379741014819757203612631891979376924808195019819128445145619828687449208509868 0.54059536627602086919200986641903168475568881591257888606662656153236289303584403209214851494804466644
