-1.420210729787590534623805967526220312157637824079793004572078791922311136484573844889315159650607381 0.37658191648578247427352585925844145566540343597085651207639346670573100432863655649113548069371536997 0.12480640702374083412272688923630653162609953149269847376598573095684987704177053719901071133758871166
-1.4348078349446460991347606356845390052476421194112550603207607703342069144037678432956303204585017714 -1.1643598655927164258466391489338199608016382543846255373921871579738052721456195883893916063519562078 0.41877620542957088127159634406468187428554286317733723839117727290705997916345179564863926450849785759
-0.15629076437035694810859500967376176478307706511009487111434290128683555563832127454450814911245371943 1.3146103797029284788629704608514538643198971320600249965827496855092463241631458818450636176028009163 0.14701258893091675092049613478652025110319695210311158656212172891980609543388795835457832938293401224
-1.5341790594068456178235637991071159436449698538390019578959895826503072226500182884615272724290828169 -1.2806495701951114060257228816785582207034901027824280939967437734073176178194769785676379619045586511 0.56660757656210923639102800086431108357404910275806677061155560039894936215414008095840699393844296086
0.0011002087312970308418935193410786304396520807111918681723948782697614631948315257209750747536679601068 0.0056267171578458840546390799393776938666782121146890130738572807456708029295811216528394055271414357473 0.063970854408284067676112132729916524444751585580676762938970102797939809843937940282114973202011870548
1.6610019615783870562736462483922269921485448192589451005023228693773401068952112913919407947390037193 1.1013563622486785414501918051869231399503674418974609724899681578253464548180742433392331909735184857 0.59907817000010564343901008207990374557619982650257740869453362749395853174677654554283263849495774695
0.20339282026989220363326950090332999879764520524404226290725962639247636688281321447133742918493661809 -0.85935350671656785395535710617836682396126185713399244483163489723130994530417848729592571331263047374 0.2138250876769000712795274743487645926544238699085179789757673772875948820060894358840650097647578375
-0.15245406357369461349752561287341019908089593390406550444769675926253962082497378096242732156141154093 -0.303301850445005057528132041944697181244704223223350186304727076141866968059193122642845841632497471 0.37635961948253740677489020511732201430515546912664068601322434189239777917702837298286372125267318844
0.20425802888640575907266772346160493077962153320628494967809707295152871104719917567414727619036983041 0.79865694672000541420349354796713345765042412631882006831199784905031996918366923550784933778135389912 0.36343967211232483045115763280098065670279499110128391037810663391589962276957043890674093197295728031
0.2199184154676495548890446044023254403556433024733283371855356698342842219738911453586731382925922322 0.99095371110652643809444128513817008955933240726559362299759365827879625515073489378493402698169235239 0.63434932709334405337204449662885732789880352404879569618219709139168963735512117130007239167417870698
-0.4116183697213767819717466969259653698618833382545825565073038547779457902686534156367115781276009041 0.15279232114418659853530462888573775814326997450359493746284366195134469626153238386145124508148361264 0.039401194674210393689267936715920598770098205983601915654527704119179871138158075694967580841745836195
1.065259670539484891395162998505459718459129037988616579408792380921590751206171109203650594751079281 -0.76434350312572858224512307972554594402096518232478852531567320595725335968998336913958255867408189442 0.06650763688129671043668429456446491743373717186882593780460341142910197737939853847523562644778586385
0.90163520463905084390862216836313757883011709985847041561087489775369068729410120521435569166885626342 -0.42184921114036478481281938510987645163076285422379648442579638412229727337772714459151514447302351887 0.095501130156272676054561105613007768579232141010085201766838397232662221347543088444410071528889323909
-0.70173947732424472547400903240611354031300673792696203952010139995019558676789247644813250833421438079 1.4815786943344184820221425265958694563133628452040004054932987997903070067934060431407978379179475174 0.43276333450845474530603857313735439675180141958072352293439975886524497765979800723239709248722360885
-0.052039209455261280144632430225312699827243931112998084583774265321609413211435360315975041638672611915 -0.29319560813092493164802125434491204897214044388487512546828287266834421275735797630371685765044607332 0.20248919874582235617639194396497429208405509026270704566006756594928241523042011185055485713141544013
0.030533655015064549999478299322031524347819374829930821885421297540977260152680227933691814990062142752 -1.0163829860811205712526176529545849583889901224939578522170277223826320125179687900334186151830514561 0.31949090231403763456431784492340511507004676658962624919113093135551526474260707078545171940023314533
-0.092979587969855690395001624800108838817252383161075802276989413894144117473525081462131068803791602001 1.0766595261841089749382161122821031145802936768250504732643637107099256309447272305277159186814517085 0.22499275387834942218554504181259417748650269982248857384108599407682096801840984615323779674473300706
0.53980261614754436754064656756801460160117809885300912494778363891024237274924139868964864897289042876 0.61458803991045050730788828218421966550103760424021175623897230343729939453876976863480683135337237669 0.34307878529590252115882516480130812147240756292058702554863042668322418692578727698410282123349021443
