-0.093004462273049819203399143575152067985558675354154104227200834879983407844079000032412131699610144498 1.1865486862323949807885001501110186650706874884956605827643300436112025903552345882933795476753219763 0.45645838996609088878476385474108663155627847677648918534631750317394057555150156080693251424122904755
1.9145902365644984453656780823048884749153793275853607799270705561226619475110386857288211580756411316 0.0091148340996299473754464250083716000310548925897689700687533144395733723117415587240395091935325334476 0.54411069631669348133943789051398307103055253606072637531274088822591872069725622230296000025845000134
-1.6729790005116502165737481491854062968392762028362554366962080984740903353978945779960194101584255843 -0.55946684561627324101579508000614089390773744616256353041775818548729328327924226945395991298760617669 0.022545496252537818470411615304998079903020025618760016477111443391356741828167063456546096566215560149
-0.10939323260311712515543092558416628419386834610369259931583925773525075280205633132351406266841948873 1.4778228316355316962904165845518526366647064502621237299834302264727449254937945243839077178357371068 0.572884832650256288902919343492110754602195752745705222134449089125583271176891112881339860108572999
0.049981140473619856529846828370077340513742430303198911629432651349595362253767314680320943745013869458 -0.5198525230414256674018746471574674900496277907816725500937245708261033789017131409531161231202718376 0.14077591011308962695831902060333243908243526111379775865334385725462162493092869704922421422360315796
-1.5194780979480176304083600830144233574739983254587983789598801536911299858846473749512007226269637057 1.0691480198130168487690448340831683956690484143139402220686592801283942437036951913984761901108687496 0.69641834618062501448808550180185920636480310124429784516287272734378556589805374983174985422754202538
1.4845643976305710267728952742540677165069906451812151644516824296564914998106909075704580240466492994 -0.42256635639687575517679685648465994058114798866708179150616253877812458787745456365882244835810692769 0.20550816760126395720050726128279258872076841144585168530943839802669135760363683989136747396376367939
0.4465694816507378005207573605950619983002844751460436750256004500829423513157099478344218563572855137 -0.8813345325798831556334966588929339215460439243756524599767897076538221722478919911495757412280646265 0.68650744668428492607525010782072797183012556492504154304425073463050740495490226902830993804683467528
1.8999687811754836405526544101948753880875889157730680078807617442185495876934606157545800109269316493 0.094584837490492837814748331424768104727613780881865767319933460699213223732324873425067768050856428947 0.36454844143344895077455804853448221781217746257726392625870036742681258862315455309350260723529825838
0.78434801841886912865563359311149826011405523326773344321813288260123633454629183365117416187433606374 0.23683125722617446856501784184078405597522460976624735178305695723946802765090514153867728960381043988 0.65382767115644210861468574382641748281878123236034082076426983034051685709204340734299949401677672545
-0.353147818830594458294299010245163964065544921985626363733874887432771030346705702839894702070841453 -0.58536626440313965632400236414132521079383623727114035352050246364825665736802110251984474613961948791 0.68492747969772383651212271575266373777606131056054012509488735812451505878968122967120272314475996614
-0.067580956102250395098681664546410685367869973982718555718006521189616871168360455690728416197954732431 1.8287647486344528031611434849845966888467108961682689491011827982693334170993451640136449568856975115 0.18426845223066653822155830331758323718574221026087769160692176529145177685466669069566572429527947358
-0.38199583850666417873624482423612653963446962445458783348952472913779836059605189362554881343840433569 -0.055304754860979258071131699572163161475540347973504954570247530201928785267221958648660187314415091919 0.42958797017979751637456579007818325350134126408763891791152970901374728032221445218855800134543712664
0.99815050357990726468229099217090441686275265720939461862697868025924957723642698325372694260206054907 -0.54100942211909179469185026955464759683128279863003463512141863680633400691548505702624029722392987156 0.44130744129495792059253876949367427185249455649762813004406830537724090263086257341158928808308226696
-0.22379685070166625478429924545250877808797088373893255542997708130544619092921545030595268035655163069 0.020651301437642897989396500225245081845661867681803293015910256666069302143371633060380978079695430167 0.25704806788155000654154580494342187032747696318787917438141311702440726569846312559380872439633275883
-1.5984147136352702415472259247464253342427712847617301123249928771380487918936733607068474170909221916 -0.16401798115743038174133147981248130063569884610427847885898000369857423278910483005462496213845666393 0.17647872321166651475158985192872060034302164860905229905435653585978287470599850863610643445569641278
0.19644604826205443593938166212780112771054317522926702684966625914213038980324792247843113713766008828 -0.694119630326308089915169691482276892733680039995064792978897307646901931896761247489923174789899152 0.40367675894291309569803244758620674498728586548660993409952379808620370634623869675136488105488197529
-0.57914981553764856187115822632755321510257786960171598716307491199274006061948507460182811698971952562 -0.15600187839118823125460664030025225032275270022944407791688798475984223146383133068942391483267914245 0.19211759836017061171381400253933424791605435248393804393474868586219353982133430137174966507065365264
