0.30587684811576206590180050389727275658234877532134066829379706666988714183581378269736615919135954108 0.066493021775652846725678632222039534279787839922876377568960900082834494340638554036244626776722187187 0.30333430953912984616189005174075672312773566185124120564379123432401583392554344044705022865389181704
0.51738224673746133358398722578812313173525547269886216380221991932389155565128170453993463136711932169 1.1970371592005542048932195369661596622194904439949288847128341016760265775126043423620794487078453418 0.51548010036858117920752091721539382780344511372911808594315999467436922746747468159432274822785871265
0.72188094953090749602251173435363974542572140619146703129019967699152406670876346076300866011981394313 -0.44969380288400883808527342812903753530983410122697430856455487875798398379238613380271256787264522867 0.40614012651252578291114165946188984846081859161876507154493875218625852948891871806679682329926515466
1.4277173616381095068384677299123344434096451214916289562431146032838654337234073043639500993346589182 -0.87507368896417556798959351293281654314673127468369563708966995781908059327919173441482111860256897924 0.50606446045527151597160887579193399498493057566828819363813627088406936643913309582989406465704806613
-0.003895035343414341229028532644657246442472972117762840793823879172955995537820239565800607824930224743 0.84859435306005357855981384274652346677535550569720777495565338712259656588844882165769379560129538955 0.18732138838650029483555156657190205993264778954700505926640885788556308961294253103875931032336108538
-0.58819656663919333954676373124070341026743421040430715351180935444208949138999219079422550711450862447 -0.64123601583198962948793498511742009358090611046665246034856632514853185745541339361534997947470263002 0.13369023699103966932662698927794526143201050520125797827016874039040702473114466177411794928776769346
-1.0360754932317368203974312291404956107768696068576680230601429079802826601965394968320200724142409418 -0.5206445559077645353537058925066962984912727098422974585069048023167015614387108482114255762735194858 0.32725229089911481349178973041156566307040381437226720818639502182446221575968748552431592042022633707
0.53925056401855173220654396621184346338505624732642966540054236516772556816888240202787826731127810236 0.88913763881154528248785233969318751814128804249016787753777135275043853009658487005780462817015948953 0.45563285168897641269398436850721484496265900987102813213902867565331065987887358850756643803014638415
-0.10016042923715822484914551406871862930241886648445480616853929887726018543241623793287882994806575384 -1.0761474914412492085030210804242496398452545916274289842511782146042973257760790282832122535795306031 0.20528187750112956711270637541513864515131533607755741670377086731315866351710509471225938659960916062
1.1013235195865216819035847532105795066091830936041674499439919037529850699501479799740780727022729014 -0.61851911329833652945682722798296416397322945193682995646403841829007085030229280450236371581902514959 0.36829948865748728069133037716387395151196747908800379397799075403145232209544637209219557590340881257
0.77399527164427945145764106692430435003611623188769330796747654865428869430035838137200617391977984003 -0.24637586808646476097178806338915646094667428517632948390545925004494458138771642133579144964409442574 0.20875899213667444755733999708243114671803467034816336820888055406304316617118568027409216609307996685
0.201071977193246760001892910231171274135937890092197692465850492389799725263098021127026497917976938 -1.1660369198328561044435519598181860997176711278489880695565925004759318622088741224116982767210925939 0.16864365784934413067165254583504856860568123877621412264905848092939917771428102851146501412513507811
-0.99131137350617996767895601462989973780781695524765306137136824498324598908230221699411629157362018216 -1.2129044184355394085709053279741546349959834482029318967033561518564499882823674013760324663484581471 0.36500001823340501489357280559839270838634802292285946825989701704722492176998902820577329211297670608
1.6538500465823215531068007628862569073500890038927007578091842164276908792931498046229539974216155372 -0.090396252001270108186908454219678227404804743964359477779676143746214435809002438239722893048677836897 0.4140559647436550092959602407825445774720007695378578734342380703397386051447407395111902946900917922
-0.10219227286246608985026284997697214087061165880821100495966882474112079005092007929756694713154799938 -1.0686723525689446796487251050298509633074603960610519813511507578152917322615164452797912330651085402 0.062684152261844238707281620734093542940753317043106591049531475495036003427766863391937205546232352091
1.3174652140675096136393637149018242552417650434124292973739571919385106588712270323863983599002362309 0.39789005832393784750975376284815960774108400695321770605409050569508428167919152546524758088969810444 0.63263053813583290447353604641966707406723327865826696844933738650285312689008809274557035980590818568
0.68249799548280222833805402877068305517255149351378882520903150139521930385477469753480422906207641439 -0.57460500198592149679124957149039925719773344682002314409827574150613306559246945329308626007063185211 0.65865992588154018914494627455704726376477293157890744740929842372408930326135133884476636861426183607
0.40750194322790096254286851206563521947666936598354094325448463990671841178502253412429365273001982394 1.2017063884762156390429368776582227318479973832120049130881212051835207675391018578198462654633418293 0.20176289462919811176769348275927226053729358682806506443923532678957417573725885008514434356581633939
