0.047025029044534619013863660849686229085118768991435688809106981460670823768447144878593465556463683383 0.09362764939024122846585901734489771400040299995263435722317174093572409358363764321382671138612016442 0.32740141872052300884423905198706212097911770596022377599598941624094685576642656876467060153064197419
-0.29008705329083262260149983385483926806535633507109024745275519088603080409819119586185038153095474496 -0.14558114508114169197552184167720008109239255100691042682248936537915526727840555265839623639883432095 0.17320032064400465428413627076780839925941338598286011699029119162028116955728531962288035332796890687
1.5223074158382123638025078869747277522785472860296696227769438178994892955594522983917308354669164526 0.90004920234796021573551279174855364844194598758056185685728116923050844352534770217989543127794529639 0.029687770240743721900091268908668384262158452530005475765168245351075212808294442927048355459227647111
-0.39835691676673995670891626927951269353232299367246392721349481855905028905955835133713411431390333216 -0.085476331930051471960827511664784336348853055372773703316368777434868693039853100946005601600389101254 0.43969014178555640685821666480207013753141165116604452352104686525725231458611353207553767972267348161
-0.45274819563588079039286743535403520968848038938135902683839053766163455403882155408892637792710959529 -0.76833979496442426615950712347166824658232399870820967288752929645867447461165115773683422568856204484 0.3285275160477921164691830011968956417074532614517424898592217395804894660850919873774740020628988246
-0.43071638292004660995724859989311758506587513579963404451348302415923154540089251223771774175074888921 -0.11047553950474423000812472582380063814092096427143369258455816891872222890724259660523381169291192295 0.024823243399449379357963783916997916531180602689381250678642378531242543628311713154309768571161278246
0.26971529923445847096910474223024111405207954929290660741124920994675772982674006542837047400675362053 0.64815628705009608425087032275377748238927140432378894424422937646731935044713708562066138354509760938 0.3485033994702946953724703464550189304268801447695145902095860049591638734961917787811243918484297945
0.84765879810387570926744042799392634645812642583924025093335736810539794600704427960878624474717787215 0.19929819957124107597412739195148062699298376810370762371889730316918821943736765224554177451770956769 0.045123027418445129314187735360175937428213694784870899949695114704827134992231804380361012984078709746
-0.074416513904025626406456907369603200856940125070640707396483520073587214693949345336941863185206875314 0.20043737443587666170304912758655022862594833995548995365905566607665578147955001015299172526147698919 0.4022235727448105541048270588110545534331065559061702593756999337777484564510735551001675522630866418
0.20614116231567118470802149986602609918559554274873985630945993717257938863592490554969854233937213899 -0.11977821571190439347760259914286809084774014246147966757108513887052554092596018482207152119174643246 0.14756699597985036767661076883778143090667762553922496760924865855789744780600934469622725978949758889
0.46687088852298528189436148360335335571303714991331102110089607690972328630378123196525134793725259069 -0.56282866573824197515785663291806133112795422142895771387514915681284692489457360718285546882852306128 0.094002306861549061983300977344687755698388637440192741681733793734109861593249208556516593986119135454
-0.80492254291103297162547024837545494562779547432583015166060642617001892993300130988149206219106482613 1.7584532881359385559384611707921028031171619861818282453377688717786375262168926054644247599874498361 0.27147426337941287907569744180043057638307037731983301127410215522217292091716760299516110788916545918
-0.054464618788045398315306769588446167494333032462583590305633835626581062663190790823507108742744835471 -0.095013772629363751959277162989841773733047425270598168797443058949231474095413734109704249852430879071 0.52219498714878143756045177928393244795714436736183219593066525793117771928406475898893778912610434904
-0.49238187446994482689689393585816904946363837611760170723123957271151787653200568433206008072756041921 1.6653376130268310866774907388268322086375458366865221796525378742614553823772119055106460396928215847 0.012540077827923640827045246764874061288094846062936938301006525321572507259916607896587906317325711164
-0.93885871442168692933582270138768854220074319493632902519933658336228492810559761502654807216801002565 -0.4571491425827927434244367488233620039538954780759743954353412474712891193879229170937210908782833621 0.65991263025447872078570739898900474319903777887725557913357506973422533558945046936900020838873024601
-0.066578200203845306955606688595110066587937297463962109775060522442059104288938959214985406253468107127 0.0075315351508018390947065534002850308356762323121378715565956233628994005687411636712747374691892597369 0.17555051158256129427635226116865541781610029432871036673426462839213821768135315974629138910359001856
0.44258334797117331576404248781922815636988958077640466021087106689955658059766734846370391469059815518 -0.73387799806486641157441352744385576195775558257862978111083225616853359763312633003319947442896321676 0.46908559119546795839967154863283972515543657259016625426385590476307321053044855999185238287710896048
0.88613584586996574230814429593531770735305053994306931611266983696440348387418261270831872198449275612 -1.725552802224305926191017832750207139276863357543182812558557313864648004008432250087350107691148041 0.39232955939723362960070526441091712655977036633739980825031665206827734859092737599011943071207574667
