0.92867676425063425179612841519891137020588639891220217756149860135684157187882442856922099452670616969 0.081348512804747298956679312674069363757594816929952240002030576084843063709464895784978944282240930696 0.69115971290728541123806278843637112354897668636064329375881051049344077610720649476295986128311389739
-0.79871361302464831431645236556901691131122153479819484882819773750182171622162283629585801657021287428 -0.39701293492760339446293500360819378603635925100749077026751772523364680807918172543263232357851112198 0.60573156750755124876602444227473300614453540712236911223463988971419047724528403317498109710477732215
-0.60464510101386784786151643068911431390611374851666386688738414631216508451512391774246614594445003857 0.52990489425183038714539670975645731819589517105442880615141158614597634485611052694607340097873456499 0.4995827033701507067462069932164085546081548457893122209523818954133953819803236047188443889267378232
0.63551040143377266754236409597143940880563427188921888986882612735475505145169429265694129173569070859 1.6672558892436454075217116639943895451448148105240402992812728150422464216799648436445156980113578046 0.0351619485592792929986776224383320765616502974191558788423761051342256489141868349767259867114150138
-0.35681368192264647909892842457139978696859989222449410536093995331258606925184031857622919097086166151 0.76184414399059495803365361979457288275025752027942447569076511777763655500847372639932903728135738482 0.06420303543480582208091181143552194763311951952712338817704696223176579246149685501216188063334513682
0.68736169191980085968850624649755483367953140433180563165248690020364428754852803336063248084789903904 0.77239547108991514844673291843395182710901226065240338404651993795563038897240434841800745190540402833 0.49817105457000301901439991557983388794948791179728914037865245152520203213529122634489988920342226868
-1.1944498734759752679151816058023054437117480354058215495440616978735238810402496603417037569500373134 1.4610345700232955268958931044076992947873497808310799147043996875001472002375109214356944981107134865 0.4096301750730175405954582044771402479428252025899730664599012094739442212100104475592906847734962652
1.5547543410729888183130062543529792526489087925996806191095768162486087145276925692714508060160728411 -0.56959892571414846865685673371647051806548263862675944562770202827941292574305634887428197517726093218 0.43638746881930625637873069656564591710144703025423441550356212864255352293108403673562102066994406355
0.087327697734726945311175732125761135853190198888294541626861394319382337948700219217948603916166025975 0.39281500249689938772700596135460997049402169910426741832921311237753395499247193771978701717292218637 0.083328572609051318043417422183343637348161517779981574824468320720703058923487029806780503933912853939
0.10398493130890848568038014781556331511648827592183942273863366771263201178754139292411041682525580032 -0.22088327166418296224100579780741222952688184395585206122603264164872488913330391644784347839175439944 0.050661385610960278613323285526935889638018556349873030711150242894724606919580531417356267663250838056
-1.4028514244310373335607557019171897223861587443824284436725567756612936531014162794152032834046900529 0.043961151412151069655505807790633001534169252233443642172767289141441252817437534112402666145886851899 0.60375594582079920505776705759200013847073049181479359862370407903239531811831839280951574155184960121
-0.69852267524025514435107494607712155285133297161453012843052610714501688173189251594486426586292674199 1.2132634423884003697580748771288291184981843386392906609129979599515355219028264800992925395202184936 0.24139409420413520438032436653440712658307049097940842688685494080220312426631936132903103946157844741
0.082718729629625299405626647739640936794974240997043378402957220424913661465824758709523895053882125255 -0.12347278582832056063356418856821034527966342682257132693839160778139476811327650541546415842569472889 0.34976475345914424867450781914754272584926000219790188285783878272681588367557366294335824913494813379
0.78127140567827722315204172304606289764641468553508773838748808011409922189943430512290843034826389506 0.059422861740647254007232138112307586427838228951722934089731546408747076424549960789976714306508521238 0.66890104903897754799555743393126640529886005766559994120552405016335498390968984652945729000892060543
0.67161935536815765372723175455050117768576555988129235250823228000117002960064049843622894343227305356 -1.4540086923780010259187961339500964088967114144625078897400484651517194711691393710592188971170379823 0.53113955912912477493873546946918487786078097532968267787814492057157371869788366818647958121757127595
-0.23277828753303913710914439384131412231865903299902641909381433002140082875796979469016513108705302217 0.82629173760477064956278226664154119212798566251480755349440707262571492655892094259447436790329284573 0.58477123509186260849028322009689003037059529916389619803662709958537759952612143708730661380678248916
0.12277012526777320182447112928879574622717438386659603316049583490368502910477900599645389521533221696 0.16624148572897648092422087032881664266906896281379815981186482214374001059220343640780305448730643291 0.5587046343509737486047670653713488234355253572810979860786057663339233664938794268559282302799211871
0.30571146441389053543378512516295721777444180230234381820606126394090709219036443028047225003265747064 -1.3062694194255785527487666008866298890057486996324297352539966306905931864312843996781472575514781911 0.48447164666488760526465816793136957093930627042109237040927824794256237855325194629943994439488357603
