-0.23117716116983769918746761680622749975822527419721771871696922098917943369151059420716171499555308308 -1.0827374439618032595033960396304050957204269639605173081328535724396176692946723272173614434967389547 0.46318860427956608393870247775609749230919836624212443329790185520960320489383340905800833006680239108
-0.88132235825221695540186562000109974576918609156217545207084664493252185983062559435372546160169398838 0.83697620904141482768903901414876287007946684760421535825452897973770372459243255405390516580872761486 0.45906419034784384376007404843514031608688285755430014492474009432976854354411270640447940146848236719
0.46231442701161930502074169703893578152982669958122903080762378627436387288087874907169515470803846965 -0.14863252506682180210133885133317939837879594400516094701261587479215342382132467933192784901282123774 0.4128390170549844642692639831941683733496534229299391365250138483582846772017271852447835090708182197
-0.19993647725194348769536946300383913969943676522385501975016958062949540228813444327010912699898498649 0.42760511046572779754762929476792248301322884098990537372332928712500120085372929739829349253225779274 0.20920389961289546059773078546261917472992076831604540367723311916835722096740666142408454086202446508
0.014691151285905455654625465067205308802308501089435544917074920667129666695457675118746134962973018348 0.0061027680416097701608579654703493729887686742563176733830751458347932933419406309247975594593270557723 0.37813081346028597968130971777785202531028665297366906922219919041687024920904030949503312187842166802
-1.7343369375840222027569721439193035363759595184847249814171150822670166157201784162287247113339394291 -0.039995360289146958929544640143773241254219280148858911795165449210087070843105082014154973236261422956 0.29349603914628941001732555827135555328781200032102118617841646546847260753523438005187418224863970089
-0.64542914184691928330984001010203211627076888738494676168871736581986717308152336355214112312606566949 0.47206268402386848293898038407943031534501117930067717591330460655211689333004331342162861978917168075 0.14061041090467851086894361397445332636839472830547390194283511577725436900414854926854381654747649493
1.1000017258210650827367591504057182407886638650638274233439207078965785008013557256691562292462637386 -1.0168964286941913034526760537404524720088182277240283350999948523769070521864813256566790008714754936 0.39602083929960036023938777735972771298985043464234944577474546003931018478051316333355538175323405511
0.42243155902238323644551194923278867797008663787941920151701719062783041108436518302720513336741884953 -1.0700614332273663381494633535703558777064367649063724707916528557050108770285025492228262923205901978 0.19383763359939097851965558668989497405074464016717145210507613630358464679278310319006682210512985442
0.4691823928771436914330365391307848784090892091007821840380279824240000977775094258546219536341406044 -0.25976988928530551762299582062890948655840540022648583085484956348765038502026788797894938645851196237 0.51958435094741762923212580234311740703056704139314006803229358882758012884412443959636213105091614382
0.9403480666869138392530649520003229388928388423565740051742789437287219358226343840824278016989124819 0.48174038396697564049994681119855709919137191279774294072040910303208777738290890876293323631041663805 0.58837880549663121376300851894550039973336838520173744665072974840517626445691727575927788619394778378
0.11581941019489080119478404902295565823535765073119929060959988758010225328573769868568748320128955743 0.17376929202925114145851899273326238377878371163659182223643183226035013945877280683817278047309268213 0.048677042111139986113896005998113079907539777258837223723247970587092757243529882227877530472235662443
0.95041711786512945921372262418143630469911076631392753341834384094753502952503299509643125292101375484 0.42612395004556404315695000782521497147548541053198921732003690471258476358478698491300306544657243653 0.51993978923318124817192761280569820574919415936585076246026826465989870178082221553651947165977682414
0.26110567668022953032845105089316746634311106360717420835980489368830048948413401266765079692385304508 -1.0378825816300476768791217539412059499982080886791524728656713675816898779849687946763428557715103188 0.32395762206617289486871709477935110905529461908010064233407349378170439457000345411614730266553198184
1.1472136148624770230624940231806933811338424329593074052254631196175446515974391114447942396441011728 -0.61303313901109546807479496660844352183587314608374039625108468895596101645557132020417641752793980784 0.30043226676308522497856855774858419845479494816042331134116709393138617099748787289416033388387113533
0.81231876664767793321971885131218090052456478909439265373039349715734634029999242638725233361213583653 -0.75056143969594547062196103754512021824743152626695750604413627013537867850814984505084848283934572229 0.51977439012703467004595740259282245435767117598308943591322675969836219660744352888649163605560656636
-0.81839381257659346331053898134130308044259569274965249955341872202282606852331922348065271872017720191 -0.25968869594728285731868804840688351371491254003924467480362244817027934866246580670838039927091990789 0.45770186369039588138976205456582374930358601531415224602625888113433364687118764207500175390542049415
-1.4030251685833786804022530867458246952367166723416304550966443353569270178117667843892419044550305059 0.93312317259830686029322942340681292615978304695623118165002074429431299002853375552459567608707449934 0.43304412466804471511228268159141369470195979252017448693261435490033556387540906082707949304437667194
