-0.93748206359318680242717114740438720378604724010703174302853628185312198556450584866758304233457353693 -1.2079740513828895186500065422954797220168396294349991864001392899815034713255550391163641079134834701 0.5937586211832461669131125318189643168533379616536329052181545844836175634036284631608017867749278794
0.2770858240851202020282013714014331742512428115759620153642852506069634279164029711502615085049204338 -0.12085641022997362052074469667817351753629209754197423494028852620854621204991831004782235794520724512 0.051813767458408785817792073421512283390029694861646563384042778547836792968927009132848275175770098549
0.1864516467257212643859407095648398438206994267368087447063665356858591178387853027368376770517110017 0.35856732525290284616373108093179384235332247787407400773056669377513715593180016914227529061558331958 0.50726068979846179303869322620447019708912771036918435297646823318802880865654994515335964200839570702
-0.77235678121201202700898835284392423174474613955061185403427987668337106165986619478071585966784295872 -0.094074879357205297793922438400281978822780247004112429978612388653559765732617946778009713737836497064 0.13891751504697415077797222051598183446461411630981620221033240082925041351966967249563953892447887196
-0.11630127834391921504501992671782150257511416416923996884821746336230240464395396822993400603056372352 0.4579122772474268276428782369753950869404560336214292876482471933816808325678461845390344547133904922 0.58483717969318921427075925121538076805428928843765048729112609294966353703289903549553407133434941445
-0.10307208720673765723756939425934999307627752699451670924656972682243135787223236372205367992325292057 -1.6195007380369550735440501871000485226615602572876271414662315627254040457442859265550153344178319721 0.66728250465854822589771658373358200508005225126056123565162959070478138134294270244288199692984221749
0.24274484090213559489937250893700791490880278505449754426379527993090220089342810495194661759011372723 -0.11821435010898380258693574738482152230661992380160512653976537203469287714678160378709419956241677154 0.22416514075660046352252022214484082773613006760562265034570649297162915196140585273873912258102553828
1.3399321872087147232215097247728034820094406470701247373141324355928039272540338388205721771570512919 -0.90132018003597815443508443089213305544231425976538569291754821542677426275687109636867905134118878443 0.38977613981040701751690746002215184473445168685061614252922285832201405310513007394496237175493694739
-0.8958531712278881796194326719681641930104862688761393073355895795295885669176247144231065124708241597 -0.6738534601860270754031172692410183815664415048401514403855943693925949831985657157743261593840795774 0.37985479341179575193020778316570104542503271234450666812650356980243336401064941067927114142985017761
0.81657909509294323241710116888093652365770019391843596393572402030980682488683150458925272982640375625 -0.10599604244223190038541187678367971129970291182586341768732548614032590545395283536688334757917962956 0.58976260270337854255674638168216861252699731409553219489892304932297190835415736203878278693310473966
-1.7894695705092451425034311908862881832729997493082348991805050630454145386023439690923617560081832085 -0.094311141131449863509522797071515656230221505827167396245266376298805538541697873400986009325264903507 0.087454618652067067698133665043860881978835396465301619544099724053168751290923491328774471229392341119
0.10212894545712031577323310060610285648078106512364673545565881867376045148835076252712323805961650431 -0.19280689405340754716728186214984094269614428424338503032582726999798981344049501983109145742741581726 0.058668349047776193889737076567491920177294281755790977628108524355197883677273471792840001635878116512
0.06449251960280443153943921784665806960265850519649399783981341819675270039928104596217422327278102486 0.065699345674889504338311677187468508337506064472029600290138403471794853276918412087000605227317113336 0.64624022897333753153709901076478523662074043327010091126988736354258273497711119287389659107359566157
-1.1179003919798201285362636059693761817863281110683605042995691686360996103396146275744472981343846666 1.148660347780358728367254938064755930274194714108353438662835328405424436310828626406630461684281619 0.61526470998032213390961218452205987096005896992366622720402699807097680391118873514728379471272735655
-0.2075366598308746202296566303780436783596179607238514679230624035861063069698277923022325699499413877 0.77951476095536173804241939656401497121788204560010320058011886014704577278785776895328369199089940277 0.12379525244570238545104841173522474256050083598336750163333606858656712157338459468354960094536895732
0.71424985547507187627141755638723708005781971725024685911711007172754658925764244054268389258562703759 1.1914289924782764974396752417133759798582422301143291798378238355896433880642596891479819144607141993 0.051340921278170872692540974811505558527387539389660649877116042590142383371928374337813425815351084053
-0.43706438699885327546779568632846008507364532495296670834786557184739840003549897370598759316815158577 -0.40021190602296914834724672874157576116673420359651980328776338646016249622497466581105831406842206793 0.53297411223192246360176850028347385784598194511845593074080245390245957468971839298432280910263658341
0.35324305925818313758366612990187730899248433919886640943751323537660397852408674475809320679340046225 -0.15958279106294644518661131340476475678784881933938078226838385778026950384032910530348537649338507856 0.45019361109506979723588390907910860334890042955325850433787982760218303758311401904271953520951258463
