-0.71761543305815774664196953306846695067221433407315266991084553549008973353102083166962331061889043213 1.3034346966148744195274242027909392308972891286368366330080382693681885525079041901733754659905366526 0.22620781116152614754767094968065115740329808228239641342976649595683763845026153838498306316270636723
0.34091980014790144293086806672566607641657546763855644019850188349819468716811498763576474532719766454 0.68461128471659668186019435300510334615159205072637722821251161953138829657340263940658600053477905097 0.66042727880676573591447764133852144413382030304598104450565940189569573882756594179243329786449272043
0.68833667579629265982254913291332420935511016000273485191794793187424312664141248779203251913898845817 1.0504606773527570796782981728857908728390805671902656760854978774648314650843133848814706147682462947 0.52506808909495818361425532327077263838938912418079358927254152276268572133492402207575187228367887594
-1.3746385530478276984362780031474358922542684056010023952970217050909627446787194877483677879669925053 -1.0310092372073200803772687913238403659653058077506107510537856174658484396667692392321168777805823613 0.41701071779909696765906887888303184759230130437891057589685040792323928433583006698901667469533788211
-0.011809052431716322565002554264147519809076651687256793143027153621654483912102558668830851011218433345 -0.0071385217777228150195492663410005112730885705501826015409890444806850721453220339910801968388892777463 0.6906623871048155892397314448493135556857375407130149329852950450901195839001068836818875405229548927
1.9352905788753852138255321945574882014525891963199336588198940302256560315344897438332997308156268983 0.080159029174081998198090153500002302406885763095944935497206383929366830318371784831105666139309148338 0.24952000744240277880408065904732587579331273640328702689816615064998312252563169918058371695056848848
-0.72576957484326405073487258869922930739137908013622530591507362547793244833474900536385921168599265311 0.68038410031615669776202184905327030183295162297331502851492913458090714445085192829093186486663360026 0.36476331667714472901371329139230241668405061496134981288825394452058524803578735466062033366480646527
1.5142041228186065153767920987012196209541257232788744874775096870900939829928596045063203085530922877 -0.17376178858163507267836169987882558046926076771939538162953526273849721465836676846029456385104872049 0.13810847795445688189650079098837009204131825351944081804662070500499120033469794490683757818406804314
1.0671317531025855822267620757614015496795857832967392248633991487829607597336045099286257982574740698 1.3923362130002103884108026173539408846064479975082823543890757914521456878709238130097769681720754937 0.51121919351526926769552188512129010395249258309067700196816299472553660653767095075385184429207399387
-0.023811777955683818612729616515317583994806899745392693468752683967234382726518141263107568619975516111 -0.20642199101091346971394716521906771957015897253921969296929608625878629813555813037587092278565414391 0.29953557018937465817686568529998940275586360912402875494957690525898669557499428696549490967284976981
-1.4400109966316401654518993922277792433332927242065192885865678504132851961952442438254631588925290498 -0.90551078696625098883664734282116454345887650210358560904335892528768166751889388785897536896349424811 0.13130017211623806595751731357425255479880015294030543105233967118867045061767215896669081971578576555
-0.073605679349594236680425610245152585001639112250788047272933188204330016019804585664356561002740159443 1.1843603341128517427016322445298520831913533279037749390996180748801654050010476087077478541820191434 0.014654974969502122371151052746389215896096708215115050322384619558550812188397471690503553607242433409
1.668809804475674309139672385341486779125899955732381786326132533277574614322343162209834746748481055 -0.9530361875228704173623154319301208287939335172861531483982805198257982532744672603535382949057650681 0.48206966819892682261688350282601618269956510298996061724204578545078945483339645864345395661779248241
-0.12617243882946767780006254685352969432043387764616113428747943115554696822764605577484470044606496273 0.086686251915288446991389547826553586298491848762850125096237004610823740707417359881620264548799959792 0.6341622230584225998001975807691910986735264415445856155341935678475154157719651357045180220213675972
-0.8011824259176034639656948059094808345139463077406083470543829732508785724273056704543647254193015485 -1.697667768707309108944390866240624485167431647043887434572512344013755784848066769281052945947621623 0.11914941463916014928943220075254734056187298189119856320372701357773900638238090497794363158091747807
1.0454946471515739269980530929481411833506518641420696281949149193458858158261220482465802351337049148 0.14904651329757406915037644767132519184122406970960088172925535654677295357854040886381998117798212053 0.46472122275002534399081539631673477364851269503502421003662487467001929231529986798814257987985084706
-1.1817261932450931350759589856413589192570087140773515811186154490863861693971309681000576392355120561 -0.99484902797752173982658187096805169964056603061133215286154233040130779226658680140062362448806642824 0.61358637688562861594590556933727610878460762338711092253744380906093501351438548374821865489051570111
-0.27482488975113352773590595239628227863861892851498885268481073346574500588361710215001941537863038849 0.32822796143155129317479291521192990217855215710397549957873106454324724840134415254296103882831744038 0.52051594649762253021791190229138477560711563879206825076013395766300596637038482727731184714002142188
