-1.6133438924834239389843078914432948446645914702305281688585249305878764917389703512591207030813082338 0.95484940697277239325717118613897699288291319669602930413825071363823293419121506878334447137578718839 0.52337884765475097864266644146006485960201246590568651192931428659377553819346807089267530550267788199
-0.08843429818017401523953317480592206883473111277178216184072666292878119423884728707540680567624008154 -0.32185100604617872219686092424836907593980477084274290189114093119303337556722818284727834817522794773 0.54445125337007988515239899961799036043687527825667675029880931781255669432457806335680682007805520421
1.0063679789568207491816178259831940733235976508116521862176565297878720792745452366222346234251661122 1.1654883083219127923251678109063325758288440099182586868061751378956670895343275791883652944727565249 0.57504812391344312851392977613799208890333458729726072632537856917939991314356286442013836962507849474
-0.096990962452891676171401179412980071085884386742573605686433305991757779571675940034214716478273930307 0.26843163060239748969608655552136976555312887544260594964933092506263462626582978908753893011053606328 0.24986947354223632768401291432251948497841685506978699993569742079371733260246159790677965676869769842
-0.24189237374254006298590569831145359643690119724515644807984044360353964506194077010656106598517055569 0.087057704855398721575596132908645781323170315343141894823633483112545305774112142637243316643518955254 0.29328917300327432433015544645839048227986527532839348719272311392065227025292078076425386816654099947
0.49990764583672005816476606647494508574042260432894223071425380938776280903805493639057782154326652765 -0.19605902182101715723609577149901060171984547834446277760161308341542825056352652686708487383975574479 0.54325752634387168777929165549191991436543992950840047375912264019938543552262698168296648630894300767
-0.341562228170124292075118111621595367527564461177084286670070215864775346536798915057394575884949935 1.432630493107387836991623069828391516240846047911880881013792143007604315481996997970133719388763869 0.03960169994039634978052666426945753754246329654196543850698749908414682439199386834728832023188442721
-0.21729424857856953591086217125558897504835301056801263438187712263801834524976424485770743973311731851 0.32600305228831099217107110845061842808395597599348440370950373236689188079258550582670019073939975598 0.3021923699874194743299984778914096773823027812079124089025258344158165860745808206628250777132637156
-0.72169632850372351849956211369585705114807957551400313253838299850011084492460239986982902265395235203 1.0052843962778423743055005123679922245831179856088171772051669804544413906591488892311268213259742269 0.37637006229782359303222212635753755305908912704470330358638047732353963593268351228309000304592169495
1.5967350905170844281350400058075527162086069860175709139682762438293676056405488488092790048682613073 -0.004328426911528561070044596842433738020878611966023894488604080684105771732827705453198132810541867539 0.08173821137560396965069537133068560500965428587360394769125500382211989388320262309994435623688386673
1.3821626734640527172012297416484919269664612175251552679033848135031095121112651705583967619629381523 -0.81677535484632910222306607835755294817097592772560539142224626640876155063369713449408776955151126482 0.011575397987021354725568712235126948044426178288018230215049837937214657162631529331504092110047199612
1.4236864511065393429512356244645200887430436156003249305129907866703637557313530260773088732036033771 -0.34885056420284616400478086200638735165171388800869452329525968847338267420243538298768322678046653039 0.39245750988956584481833160342585964940262372112630680147262785400335450332567885582444231312459783902
0.86723752960274329540531268076946027829092936154818752782178631131855329958019213613734180467623320948 0.97407429076148545717434212521049890040240704223321252615944505529296540180537126556422278294679701948 0.45653678333413461237807824869564589261817660386105323226000464990417060977708359247010797462305683195
-0.20508869419368801754249030605219167958093078765439330004539628797743644791823953139907830016120903351 0.55232884138748067921735090128493608065346476198631114084831628406355410798652135787755994717738293283 0.45764876319982379122155416359169195789287568901555912649821839574135543855193085730178284365721416354
0.49154599375403310986030431342579466979367712688930492738448733682533122233987216263767457251913897248 1.0013859338102998314443574429758240183699964163318482055922285608514386659243210339217471385497817772 0.16764389701746856789884733166553581575199250431800069133779717512198625541262570462020371253487449777
-0.055784442406329464649556818148548016342597399058563129577984207949550887755875598691880297149545792338 -0.1278756158899801186629904694474189836430381929063270452598337944307198147902660539845760098735935752 0.35006834178020970141289129444573901412747815676657060682358418923480230693399656291054512745516023437
0.28167921258053667405044309449708324984420393405424631658383800451383210733940443304523138326820150166 0.34042640189682025264411472312168328211836121733576563480369203566666533897486895609376428654788364974 0.27489607455264757907570668271594311164684522303483006605949653653781885505874217042772700077201547336
-0.020466967155817559206760072576196773510311588890628548699337081561711248016119657858136597407769898814 0.44586717442776304148015250742686598927378343540856333960551653957931233717749418801875102035902459402 0.41431348252350301916277398111499820382195933298953923195489340607607663598087533646475777387519242372
