-0.32566316752921649283374283526302705206854681164652286223718377424543259182999761267363168987791093841 0.62797395835512582038788326945375455820279480884245611743644118294601452276149898417642792950215209031 0.29907351957810122558493630734493722319909908802954838139862075546539506453106350248364689966320603774
0.10684115230114525029525276428076793332894036601431213999208630114644870117817507337525921571084373741 -0.10450856890536641986750501506425857523397728113437451059709085353502772507416972096568418263991028568 0.15915461560621670528660184400930036042496932791794870308557693517912827607409591630620331176279850596
0.040437891892051921074110188444117052697059275883934706847545112491538132751774834870933400549324905674 -0.22408471370661915125019660150596537389842734049011478635384403113637884428325574078674537745494851535 0.37540634907339950589757817366245320656826703903635629894425657415637009222533367800726210643242507446
0.0093945109694416520516143746284726920171605470441338538434703556584619302220119911433039998140849765838 0.042553195211155498416412533875611936602193951474992612915553927168585527179539417539744388991335197904 0.041450918524931088887248625833530740254639811954183260703544405998032251201881552330909217459498365516
-0.49321406285497843612630233209214060225964209453980689180525491082721995179034958830393873576710946223 -0.088444731255394358975417763609361251266411133674918959522123330818338885850013468829274147599960732252 0.028180020808092313395908420843231551369085385608665443808062183066646466943437977723182067929394960405
-1.3464463199317778084715668662989984622563501159128211496689999840193473858392237401726798197340927494 -1.4518890960024146816969687706588211918403512038908794679001444998548850814668721077483576779135319392 0.36653548144951723778205593449793294109291766427033966434177224905670069143932924486492596970698597743
0.17023775453149694461890997505049899653364918646800603010968121419626577952465640061843823019544170116 -0.56434701704445947063700240728814143424698943719829302511539075911992691634364469494498482063100559348 0.054590568995996221632821857251079881580622215261172226365230109881995866261116267780281037051456727281
0.036050757978723291202808619426026221685231384144464014898713853226355650535816968971137677563611076747 -0.42501036575276897148363717510672157051767890863806184347075322766074949399525668834047972906780283067 0.41071019880105649614047303420741882038906981472198707343832339284909032633233736767597785385469991274
0.32418018396122425500017219943255216949603745926145302783441001261041885429314530077259332422103284262 1.4179280028981410173786675160770159366706955321331052637245256480525978708379420510315054748165749828 0.3423512150819634179593240926871312200130675178934821548187591122829427065825202264628238076787099413
0.56895748546722800042848965526105700175462835650569845495277986803367584500875352964128492904008535224 0.045919358707438018410847462946302137469269738182255987439347553390031321732389324310130583103621276143 0.3757225065650510821861214033367873642951644695055503834172912764333261993910081522620966037867427709
0.8695969591280210734458858366041208570803990470093597168354393207053361954018550847415286140995794582 1.5545794337672662097142018414548881823320052735524710440524555361019178380940863368470145020019530964 0.17388835597976675338881071090312347119458414912893443582159202358453901431213829844566618952949986262
-0.98597115491337797540982857201274874747444600914618326657251336253521502914839889915030887358821191357 1.6494451332833760482302392813631256323218498885964408436304901163775315413484938765294145193539927372 0.38110484877065846026347712218390958789194979231813674194188407660525609583330504367841783134306854841
0.025121688938537367305129778800622625471455092414547417583193698362824945682319480935813526273290439127 -0.73674346493214371218957206435507874222719280657001744782458518275867603923602915650335793174855960073 0.30079596832591512094288621401260220152652994122954874391587124532331089652084862850035009047968148479
1.5682137227232416509141340797793228925076054937531713521495437494483159091781851773175287155148578215 -0.73366301178984741199480163415292461300941196311338043980432531824623151197606628536181379894991695166 0.39149119834413889265952781831718094095899575268472285356171326589109023218768085406044860208270406196
-0.66361103535750612030303539276405029190492160776335066250621923150751811970919092688139106247442424918 1.1275656832832693904226606642131774800372958118792402838113196237787078118283189689192132910539003206 0.087940025507547084081313143115553852581362706389306763000839249329890781927744279746782176840574338698
0.58359852098019211118375100924521177525875628825381383742713473395922483347204727462417456623152635949 -1.3308329847607444074269555229930936585694914854698066718772505187730999941918993145407519996839542175 0.24176425594406280112980944435799688004753291684374300307870111945418066787886935972816925379873527913
-0.24504668734457908149981909270855721990188811651972079504983000049830348773959526796047851049928171718 0.052422734537901460722089155600237042463220773554469891161999378868995068572037041149461105861961433655 0.27882341718927408559760319689230683500047825985079881050828671093951769151306093723554601237438829399
1.2515066972856202328937935579672282356320681230162568695359697555122014849049573477957257220692621753 -0.78038128792778173814046993296297961351773690198895374395319083675218126818680833406804846408073690031 0.36037840367785249072648245882201919841159532045945802391256622162656248526531091517932673056250077183
0.34605084424402069604957009781838485831884717480685539691857978924764745234435415082755480290088405668 -0.79648266871191396186085131779538203953805506621687050282885572707435272624023645346371551216894088532 0.094686409912141640491740128140050401345897505647512018508634420570734643173978643802844750600831634974
-0.09494212758521837427333582616387899563496268131194208383012376463011876012941741031352287393045445427 -0.023436841173824951587478260454342877267516899432779742526151646322476234376646306825907949843542136066 0.011116766968292686959079317835835386538720439665500142165782093888263850187866337217421796079704117829
-0.060784048079352369332738439053827536530326727763548730031097511441578914709548353303109511944831346772 -1.9711122727264619330217783861318176064860891039104754535426462660638994342413878843817316234304759797 0.085658535407214446389186768075566714978111578451597987229216113605263689468234577651875102640306658709
0.47287822930246551445141948627155374663036387349814233376352689571926106668208204080186705671889823363 -1.1603072763821355658370995029429613218901545577143053884390208983937193292352817263961041238944219826 0.38292651004863313453923616240735894757174297120750752531743347146713407713093713152716201070998786212
1.269026546631479119729479907580442682732756050182366926387995118338008626443962822776209504008287372 1.1613128649717010075159511085157142242338175952097296605485258240298061193336438581183369960196225266 0.32490048726291460186119965111253869474575749474669961896542204288374189391053744008320278339560228936
0.44199891151795825114723801749694915092907634963035816008930173834867297583512740633716502023689113301 -0.60956675418174125679243517139951530116078708260206040769789687296665989966096631316831178312436794503 0.066679097482860475463753532956104034698521306374312312973046487694615732742934613466754218540564506874
0.56966301698865607461802644455984534038070731402855191862488819332866318370451906269168620040531162094 1.0298623452394312489897026305447870003518038865111224361328539705108807920858802888031483152716691074 0.35154326171203005986714422027789004220787214892393341032496379461858870691440092176384047512138389096
-0.99200090526583564132782125972675296890757028730271271065588053190104755138080266787020966396128086385 -0.74970495592951301481524310079982481108317292053195657471642083527989464264305553951280633446012003166 0.28906705803673411972621465882326364912530121538988076802336176587505285383884191583219718518905191966
1.2716234942491426519768187593778759066374046821277660383694454585557235203179209958129423025420944408 -0.061758606990720999237469342504060462214596947348076061043153981097067529614904038215343435693329569992 0.3655559061415018161605835983827650665943597524455496486303867884700527876692884584835114933067120433
-0.24698107840308778647811014490600689603835145410909097127466400132238061907400252380291142051695312438 -0.0043858786691479975744664006135343980250858600027566276402091984517960922557920876525149480941747558021 0.26731463885388764337206159791576455909572105005267767977904709136311370963212535038554269358548652063
0.60120833151638322854973715452685714365525243175734288928818767071783653100726236410805851827105723214 -0.8500449288485846196811457783436525045444729941147641562758377375502232499209629136214784315195542934 0.15706589025332917074688953650022070126653678688544421822884731078637968056168882912432713244830802672
0.99891830581892557724025394916257193228773841058011936091713875006611710875112703531216648084980227927 -0.30591227589440396472799981082295519674181773471861936670015601583063185461008885360485962241579809799 0.29648985335056355205547496029680346014749259366423253920802436711568757648912221462339437491014689059
