-0.33386387950916552818848880017591240543351668595019873282032645856685964422047773494170851590636410651 -0.22486510297581802597175390352387768689919769285155319369373759229086737702267206699030259755845362675 0.064818833858961349167370242227318315191235663453411140178973848007500069880824794840645245654131813361
-1.5785542656526954823156504825591298046793570198330477362257071849024229823700396169635924221265977568 0.98442960410880321416373495956670381358045471250522173656790890324296827450044632602685028151762792009 0.1269122862834674750946312155550360986205093297083071880969711092135119206128917398185440504698982488
-0.087437576595048692768042095431633692830939810665409906331654635709562876065345361221963081566917491797 -1.9035740726715014083655118889221730233761888457698626016620631745271715009534850770237902094019734556 0.3359195184014099511913106911963088101147967835307673946767682525719564848229846905578289309596759285
-0.086636775297123702291898485999500090705188333501188714115471577295638061138456057903815328150201352035 -0.07724353028395242690875724625869865226509151447949514116358702068458892198734075568551565044473978112 0.16477180917687258041490503424382779910313621166207037687415060883106953280514529156800122157388713047
-0.036964475125372489407733973138909963908844917175327925424099149821560308037795771031252077436934752345 0.20314276186575197492915465626205496820719987343979558931005960762991509684377756278491177019364237419 0.27233510386022610356675672632243430167737083170314717983050721822559657316164269060978291890049825966
0.53720169051927365779287797043975050619316042255630591901758318781233440149426851111663428117910794824 0.26868802182588160950722453816754874378690207524393660304614657938332781350544100197622526058422683754 0.048447438508770751847652011803532438434127866357323264863957485908311809382319150511304285734013505231
1.7346278095984648721423113623968451695561318365109185853954039912765922247262289495624891248872735303 -0.013498093191498423849632320109490495250292704414809882375719849527778800983568379005425114889859929837 0.38994243804213471971947161024037215620438076682428350322938075781816792496651216985856795826274323924
-1.0925611949720487590917057419316886454492139835323754212979426650220095066731807886415900304804594403 -0.17866804433353938549843133301430994055454374256674189734009936567249381478467711979226416124633552101 0.060298841402986988773879200014906931410719385060195670526453657749445014162949926959180228377655154396
0.60574621326803299891228001516995988684369325025154229611804005433040473003993752743489204851903180889 -0.40975220314051524354296224503131955339265818793956402111522361881141306882154942021544483976375215423 0.41841491599181941343101645360364514043972573330333516161143804508949713510600979585214015839480319285
1.3624067465716715568703439766564012416180281985114930631354691023767930412105088865945777807445548506 -1.2661153840308071558033462167167125697249336500738275185481037186236478155402475640876284648059526404 0.30361078328053244961325270442657125212518601024554843560847617537948089012975924420487980309248329278
-0.54845859519434514931439630978025052988434501034938751006252505977217216800133204986170927562409158222 -0.73560299213638087214339115835482057942648182198408233671798991301908513622894297866133624225363915348 0.015720413559677145137531892596106650797746648285138902566432882194155219258086027005140743557405840884
0.42870895697506353762190921412734185382182820187368445273316775639620054792785193905369888423624535469 0.32685233959015556916353959696607543657460804251008402101067554142820196686513201386271788790422669002 0.056856039734601860795616966758152765339036537858970298435191873739792742853405238600454943028726645204
-0.79323763953599977720562524663285499306815887269550179853988457644908471708309308173451118633688392667 1.2088985732031083347156438429228801229882883148980899577787526751066734305613255273165122531395363487 0.16494949207016532918083303800219332257678946985887554374291180051751064489049140641021794970970803615
-0.083493926854205948229496760982743719645898131060414100205921994179659575349890286911796778253627678847 -0.99155467672667978739321340062483070652011600722984882669564488634965964124667020645020303429520292657 0.20452578662172015697599324513425993707948646100397881162704472212420143616115087258366350791829068557
0.0053556348466542953493407896952530482966904522524796437293040705854221607573612147002154661284046867024 0.50352552110656260477760560083353107769866111046263062300257716614590030383716630197962268457548073596 0.40135135449945851457102585393705580354636814680365352732758756873507052448435247687605126222629597101
-0.014332793353438177171227810837253195359295494346951326469682069624317043664015745628244778175310172323 -0.026503423723184875223092802807805306329548303169744345604729543610329869302298929657691140258930504524 0.22128081819499795517441948907596746388704040188472836157621048228162469101429315813907995288805611849
-0.080797395473135941595458336884052580887912895873280220472082303592851837599253779398042127534187834228 1.3660352706576361460903100321595561969299734103021579936235215892511439868649680470864498183474103522 0.11713531532485809570377358000614757523829658459654628737576607966681596789458880091226860748350928558
-0.45915309102965705259490921541579470091971710402754542073064559113330241484034403645959576559397582772 -1.2169483883121732690230128800248728908926414686884206595728545637479024347060550072229637091406079316 0.19772772071464057730858327105767285643370938129762370827462755378289773819116736404551145301287134962
-0.24568413097037845072540701700333798297424100445293585497662941884320361003711910433587491130770306726 0.28122383384769672463687032410472997284867642551221464809126617711452534955649421585188831147905093596 0.046193781883322483180828067784743010887399789781951527986465280455595326024191135435226073908058143001
0.3737268427599941168775983452676146708451943533405707203135104622802580187928145165993825597101180646 1.9588307126531088265103111327306071075168426485378276484306520237973055799858908543992124572311469374 0.41693158706410989490109570140593561621628450263717254088519601979530737256480128178970130860314020621
-1.0049963504337336468367609902106368090717379858058110261870261185074708940018787770069900144859307425 0.38192288679898901981080453395646152230558106298728465541055174465036833718299945142390936629565562654 0.012659107531740494167023437096013583464202769739431984624120753122081661896295694449938761553120300853
0.35359934699356973488120273002517925376382392330098753233891445020453640633597185558114754928048091413 0.55105470480841388475904924976233098055085062498753960948503909253882271044462534294121896054424416169 0.084961422519328364361060396663957086481545535603914729390484070220187604169308135332039890578067663218
0.16157480008543643072093176219468645659918156550451058819624890172240895901758109553032894744672354134 0.16020107605760067962150171067609317514974952664199244805107883016840706845755772132148249593350591694 0.36177892080482261488415752359787216321970599710320401568826235553882289909916677529300872843041348703
0.115764826515216386776581474656098082894689982921487522152003381544656533390057824758311112669002789 1.045320103048133540782433465232810680109175644810436640122755805358762254543103236999002634354521721 0.11124345357301436305967426505156852983237120507063267980391839732166439159200581289340568058112664912
-0.66645794196532218969713587956606586553628725192526332985158750594314318657435418502837934037531873048 -1.4913922401345351189114069640523196852078251065474134558979436808636433252926992495564970616059253826 0.080080652248699405047476532599249895721175357073228409265722609246898627507770789395195202876317980694
-0.091999504572520352967500915599742673698711459779839206099279773282061105619690144523415975629742008215 -0.097414201773507185753175558656468803163602694591710154540040686272298719770700889450216010300198933885 0.13232249030861329553298434281702236416527563437807980110491889073077068031716645874080790841332271399
-0.2310482904547648963600443878308412986363375715018324308720930508832747046692475707536902338833402486 1.6545169507482086852420637095564509532003174598677276376667182838744003241613652767394799511558507131 0.1333181759236396560946407310947793128812593164034829594493354913649963824641572401930123803079298172
1.4637340768915827758522933345116554530182197297148592870461625796022749155040565831739345732008967065 -0.45206902702753895334119118005402175005518744545986922832789304027906573181726538321490653257592631174 0.14357077416696120031887527022550308629715268246719355438823343907780281416267187494595353793115307412
-0.049631166428952425894329969730934366124012922403144240074803868348874486827057538037496971234840032002 -0.12896473004917614805632124660635393894036941269443348948553964361278885744402371850512555813723174911 0.12546215510796878956393838867518243903673945263609248368320135710145162260669507591929833214473015176
-0.47220030288859219796459193551341576085604906788500222404298504153553106120199971774412380864057794517 1.8422752704846904202340770864601005589849748230762766856270021390194930482174871121754065739787191804 0.31920598454423192877615650201970494126837572928444777459972955136658149786111566195445015019165886001
