0.55108684592877519925966941535896343457195459193721909143958832656044911132384277049588431988956123971 -0.17689062317020112130346627448648891264762509543026264550036588980321594652020989116647283847264630421 0.19427274768454282562998404240684598998264496559907712260728648608958376418470665410097314767711781796
0.067493976896908073415100831410783465890034651052696939470880519925743357784499919438817271912291850509 0.71751126702430235422990066791653537931091541167016279680630208237924090437442375519301548147545210539 0.32550115794413239279851534393491975891350903289176168058543930847646371470858380367752878063788173024
0.55812675609037944743103749745871208065355955570214198707673538218552880720878426792856168769347439056 -0.65316111050345514929210877105489394073673603809247883917043365709146981663699623805819377701259643114 0.27240413475682833620141653144972823914662196718772888162419761534389631445676000543335562124357043484
-0.3615796773845561143255109098301285005026414916368964444400504005522228065412269200261701112382515411 1.100988489829639678335653334074286220102717619261329839044810510943425223225195148699611742295735077 0.17445562595149817489280561887989121645736582734498502527716561698064166684584933853644833968200068965
-0.78346781736093500711529661426716589901399667762360021350585290691695524751086432165666636066938026256 0.045658261986565754527066152523310543122470536845462501572839101303634638290499747073829209802480058468 0.29971090912360499575741756732543414527953872940906918620659590872140286779431325203552870488908767857
0.61773975001296920735942507298840863561499124359675787911602802340394546046892891525899552973420559721 1.0047674619289846513590139402290301235312920199054677215863769985222271668945419619924428131709405583 0.37813729458868121930425610474120692073084084420801700416657745765567757245359565576489343798964634183
1.3824061742093070698369393222242430408683040550096885392968486726746424392944278414160806174820560244 -0.97643010307058698798079259934256998792051718444182078389261495598979034996781783895149124644227214788 0.040066231862175317989386006773380947431205336048440241525718331765029798016125945419544083629181209211
0.18681152850221748328072613877604382727759693685191509030921580621649699871662843243650865073289319476 0.19583038017095368220480330036074828287297424325927315274943732919232763400733611276577100678046822463 0.20046124989111874120501712620132939441558109898741192853065786956305606175656217423395701943129598446
0.091028441254964038771299770350714016330260585976754519524478912849883453358553763805778630277734630342 -0.040657087869390528664551817242699007563989844009393018152187519656111216615716360286061434422038871401 0.046310185122836758838318270133466135804636558433479839387248614642318498761652449122142165569754651639
0.025121520987424476752282070504879212046993745471306391649128034584748720559743191742464688659612500933 1.6353663350289222302003308267767099775928504271629380215014351336200710383854039424781918239945938826 0.053759208534789227081533103416198084111792996486850861690830327939864295329925186706891531116826610615
-1.4976364352946043409729480316354876030712152294741481307100106402390337963536503136415357995509092883 0.90678009515658100254652038709233476791717324152016626451406076877544357591039507019033469116380572445 0.20079575517886145928003472608289263496123067461863546413377546291656664781854567161574698050781449337
1.9550724984930478814152146336090673880753623175011228199329321161243391161367370388811791700332578944 -0.37511800230431246939572372031232205776258074844718686824550584049859566585002995200183496576019478453 0.3500107936546084982682451004721836376142458743451054483489151550023040054714879889033935129469448505
1.22477057094691477872620958969026349927671715871425256604238128422320214460661525360305169793154351 0.94888438665392943179535416980003158642718548940652410835517687554312403807817909117580634463201952007 0.41229954772082399577766146978268816629764791564693009894135673444363568206006056893283170151594891929
-0.48320424150972470560171154806592693800423661479668327624001302992920222674599634502010785746688066064 0.084426591968176107972503538543763047014752340726468089987949038436315431051733702741983667348268933092 0.016681235006490248826719624482210783747003308580633461162202496946974942688404855852143583352291624188
-0.3066823771809637834470863049688548249191727826091976174198683856114353727853688905273484754443358646 -0.67498398776904770428013550775860145671283821059055362569312838539311995851190737699537325139810797155 0.078759912353111962137420740467061462709743410353418242491391223210371869071015622088793301634564970617
0.11272020939038981114015620930444749874161770928631703889212817980428492852666092566793514751243704087 -0.010091732692525633834885728100684253902449474336421825076832625729713053553870119601904066085822187925 0.35347485944235378098025292594170062117674004107699533138428788589210994872570923610869688289771380356
0.27952423262698528839243911694140601093270405812006172006582360328544843772110853504948211699827424704 0.093931884051823035268340324124784698697553774306548152466601036366722124117359130337700695485221323968 0.12164329400081474588277383743992528857760691606367156367962875666259250902383797444235246362296889973
0.30227381630786313776956447197218337103291860426905147710470687134101043940350385169366851996785226879 -1.2439032132398786530661517718676319305641715350601860107576059617419715680502593867184426270678211651 0.27657717144892195514732745181288628620739513694985209948797234766372972644582239652965175634497739957
-0.16671243216384560218729380861501047473235368911923805004616153862392219405016762972391481068033987636 0.17282258129070155862036680007007071557566818201868634181976006351335287488734721102211009143817838611 0.26616158009471875996297183505116851667251973065837200083793944453556092275327035084545218248632117631
-0.35829795494931589725622671445928578191510905574105178185748259286525332593702445146486975742036511257 -0.20410148920006892830526812959956381990666916377950166709690703344895950017596199857326105729406298966 0.40517535313413322270514803758871379294413438574973434992305218849771003533743184343438167622617504681
0.43201542660592960797500487075359966038087302725093626972674365389164008160492114169042194508636730777 0.45306136473743745228197948012418594490407830601295756578770023842677168942616221402966558999770669936 0.38968451300106083510419896317743770822194178173850622766419635593809704284981206764270767726917669724
1.5396462409223183060805545125617851678124940626198385747918060927772076182865829434106219821134017038 0.30314669316941826693908872297591838847708253905507582556204052578905252321774641936158256645659364745 0.24798137181604538751757528012764957284612856239729380164538481992497750845492941396844579478419295397
1.2696921992532283001134121495658667358304233008124732664433914856700934716310458943748580981395867808 0.77345254269913524355587789893556510428024456815025884819852146414405877133273681918726399455021431127 0.24864236212953949496316859286642048998931915164590417046354545933641796582224786797202664299108515728
1.502776182404625154592263902642006758684791551959616333253523456747647617723450493268336950681229451 -0.098380097386921532148304969892894944486249725847305084581574288049740708511579167579138305299409371845 0.31462780302201333094574284702992394190081641925052988562838329386468867030814621983384097958970889361
1.5686497106631994745199543921058472173325085771936966226096663667908873421889568725083261978661543472 -0.64452667548002877510420000970141923720454965301136092715652696361545480978568128029944980172737717122 0.13187848356043618972992624539869373198190657214423197483358091967552336541021479293203281637003865826
-0.33404728776238216870499216073640601143669056013314373514687549964403327076197409763686036052143003706 0.39279010161936774848707172802800935695840474389255470711483502103188890983730553614007857356789327999 0.13534374641035189952303715531913255193564170814130291191893548679574045886369748750566744039660315681
-0.20826759662286297086765152251540841821759780840228772294830596727037576173180386564615311385209004286 -0.59509486506308607710243355357153615339444031669356427545850220113226918310573092686721187346440176923 0.065707082356708147163921259695379368943663141377462016879703230074225901662716341161277388569532961963
-0.21555329732263864989805092572214189913675966155991431811557358552815464081408621246968501961279201997 -0.14782910381472941935228424252798769229981970228145254218615441018056591653348780253245743485504482697 0.26484854701356550099621185709210371616779359474984246676667331567422653820890991533240193389081785363
0.37365220055288980945735622772393020938384742975910214547670984773860657194931727089165519780349116006 0.23824402021559334530205443685600884398680293708398399900286788017575897200307691219704398453651639605 0.30724943169823720473447235187826408524286507375154965434206021115364601198811851886559706418641190799
0.18973371925672833817258449890259257158008272504428986308425159404782383694249167580154051536396171555 -0.17284515173980579060783612776703686082760900889843862049430242991670873405152225163083972694529308705 0.13314777212970232493101994923327106497564498155347255486287346525629874054003542700099799949739192298
