-0.50596965902496652159550183668817717514496091494226130872091504069468103189320705923805741705720376691 -1.6856966477796599845392543196167833566269678196468141017995928181637582789290456242012597738147424845 0.072350405582742938309129426086124634514799281862726761873152847189650801045115171280046571931624440189
-0.33257649497747995418579493273298730854283086224447178151030013954150268052420150815519874234821163243 -0.030615554168325487317564968772768082887218786952507274139856523238107632594861579080498517103843735092 0.2178084882153916557668956986946127788613720927957609359446210222113720449279831175617508273591333504
-0.026605494483947047257401198592830669677127941112036931303141473001313606683827300444744394732116359065 -0.47742386729505998326551836920853544400406859220986763625142485679236708766122942034707016457641016022 0.27036846239900828290124966803244476022458854612782837547822822459492516775238956498802815233085991255
-0.73497524787618005846043265183148937242172972798277439021459158210278173004726404451652087769404145555 -0.02884925316281048561063997456954820238060729691572922879442128604472356204112020929907627886898826468 0.33142450375184124555558670571224317109091928791601379943992670994113082627577659475668817815361154046
-0.1287294738007252079375866534619681684512307880892223799000755051874338922485337609075014988408955279 0.49195632110914179897577280952466922788495683115907772051654840393380103296896225187722121232807215034 0.41702853465917728433539162688854819758096623948520605250619011326775727845746838318410892476448489226
0.23459236639023769739085489506250153664636400041180176254005568738630202643911953077014059169555674177 -0.85746579789731552212543551803018313815036680367698017759830710615466778120624407428195513082978244732 0.39005131691045245780293059532562027609736256140832175463286569599209885088828886845829473940065933103
-1.7685135564196051433420013079620461422828268153503030151624186899481316109147693052814280160668525066 -0.53869907600255661847773994920518977173915404928782351916409578554510855819205359491207386845097801779 0.019791842916584622090101263451893914414548107408630259919405151720297451079001675563652951286043617704
-0.95182629107130060942231264611043483327549596913534361588291722495112053442769030547693730700323909799 0.43439311139765757498852354441451529148737570425609099300532537545090969289742019422419735905363608337 0.15932129973269995176557043706901424730931991931475664017789798626621535159598632424241409763014818579
0.021893228127906128167117176739058260418907953938134516224768149706317828445697173569797069485837815033 -0.0077026805040463165160680619336095171977173616996529361754423150074238211165571142597326062954979578265 0.090519810444613107273934153313708861536043572737731614411160627977047325352389168319173210955023672331
-0.66007945388706989167304738086491651179928910189319086015234109209389515773713711524357380213416521381 -0.68565484356014587804778954414387753556786629274703589696956730795474942644491727186326719107979440061 0.015477636888793454178613010699264711671177956068760160865752662098525726487316513700579808504929241058
0.41261097630091745156279810297645958224592498764965505845692825821336610416502724875830324622435132579 -1.6965790456290472878050711992018743134384906283389517272321974083509747880158395946575818029299887482 0.063655401318209797828965540344469191208063827090223675118674985551049664908047521944140949652656333327
0.55017497960045187841778546338231032833122882748168114824041672100584903363379721730429573272049557167 -1.4059129799176222326407190578985709472509543787020942352892505065333507727896027812987155218047248936 0.16093327428325633433648308816237577334276582894653402134057611200066208338407830149907553178405381123
-0.38957263343705683869928519876786485544627623277921166967513350706879135421704850426516513156512621548 0.74204142756896017215523816938283256091299459793160357349211891971149403888651827959744108354171481646 0.41498699500807402896570251014449695598928571725618588978691079582309562881881662949259347957029994403
0.55005135475739688321619190101966356427448414240818724746358968633469674347621086103799747590358560199 0.63845824694099452514168270165417730276120863582780534439203924605673554514117565568983019955784303968 0.32060090855868362063113711272810627981374353982117494611057518852549084607553343810534004652186208118
-0.55169987744515855417861134627048915184928365544159175038335715844237335828923303613716644657378170066 1.0552307839614084611272748741403894500414836486796747493652333312231441528276896886200291319762129496 0.12411979811784721410436927478023857875816046440118088046273254684719666991559767059944746221423865666
1.0787314968726784142274039454736584651809611631348887669023048738052565641123934445460547072945016496 0.36652267857916044228824446047281180810367221479116745564436196100583953812784070346607911271322528974 0.35916875792731436899785152212760548414082019666667678324578601018014077312158018737736545397270853836
0.60509330901151456389303015389145129365987707716751992491229109474753396113908715100391723219726028772 0.074430229019028405037885203733462349514402081930024282032846667857741993539573392091579416340639473812 0.18393068564692917804212577322614414834818355371430218917807976665872701982684040863685139977333190093
0.33135894243701801806039568567068238210196309568459450816199873654859436731984074826535886088768292771 0.7413286776836657477615586384958894283852347052054669039359745986999114177428781631028516808355556217 0.37698526501399796884456139446209212947053592352955234976043034173138097447094765210245700352415038814
-0.30335679761898859638498317324391662423017312788883085053832919032183301135234384766570613692038932792 -0.77449974920189503320707435974873359376163163666975241064927659482317269876728286292357384827871291997 0.32086692108350933968032293854275498484565904121018722000007629789829434908224084699236401540240250724
0.15155312302986069631117071785422406207692877465012337702647404985876055813661514480032824287958033208 -0.95854894390735840261868934960038552896413301910559316373759274621817882633768013720669601940163391541 0.16017269411035454092998880048940645834908973747317856363932756222588142548930021214443064429827783868
-0.26793709177294501436542536921787769755268111987836137963850567753109623753240501148927493922772074984 0.58221714977650653109631741118519566502636267563644246305751687643611019318989796459491362846889055784 0.056211653736974045178404245225695190688126175016918979573701688093353449011543108570191267335184004927
0.79752000206199881228486986836821463865807871586669772024063970563628425208512205924326049037602920057 -0.79590746732313656787432626463292303298423680352242532861203208421103141189950211516428205578196711857 0.40515461755294152192701567135916379806362063918606481305929776004302530435423781202832013836226960314
-0.23409100105432738924102162731569010272134721184379237134094462259190148076588855423121252521780874614 0.22743410790109329742351350737734262172419087563714408756559675292793819851097599406358698840222653043 0.15515818890532948884467888994300349790791068676657892460625474463415587665543814855772710742324360299
0.60419002522776745176720492614671086240492751326319389286164638451517862604038165891591777804660673739 0.098978491456116384167706001606800822186158227569812756982862930160030688032493148609331676699637171098 0.030139298317185752252419528859094062192403637156733365392183981264152530755595044475308102852520035021
-0.99727570719038009003442601667898488395398247934579602339039250520160987169698922046330695018834101001 0.42513583820966496968109664593734253669768541905256829960809159933271721297519069212041189229621585275 0.33533917790895241384993929927028823618585923451907454540219481480605303872869507016336959100267416382
0.38719945630157409802236788216772811899774864367573900193401164646847815478406955930694032153155974105 1.5681716489803838875000372662206799673505046417991705436207907529532845820503375429306228394849936039 0.021325022102346076326500781036477892711689343426431117697019332911654114881169188269950336340432599407
-0.6001450874213006998207959197594946184105559357142109790039027232103319069285030451804434824471996921 -0.37659004398508146379882524177679314432498899369410207911332733123139386637657978953831701797566641313 0.09312011727535680876698619485980577652601890005851540059129976708238425837115419700555506385158250736
-1.5139641953093421776276423656605749711701192769559504507084428576502547013740574543036168853705219642 1.1592510180217880022384554116924916699515583384396083484035828871685377204724750452719347473776932407 0.19926848995680709327001174123373526202832216203004258486369007479467899412990896365428484003915111072
1.493803826797711510290130840171603733750416981292717896252720534630575108799716354223520556915977851 1.1841628578020373561681994618630944921591399395797625454858754349672000127594571063282036979909165051 0.19154546297423149711620302235754556745306013468493135932130286681686038796670814826221068842321293996
0.56768152604496370486012751189689280682916084291058536011478970582232065797170158276578941192221764662 -1.5015611500481636026693222072638663957384331423240398066003075161683317725495536357887417013586706525 0.15192473922387783954372713187404170217227131575639421528458828315680879993271518463220036808758239717
