-1.1741777295610076679121103179685915010508216359194819744812538677874360446963427275877313525887486219 -0.98306362441354504202408671337684497001980858630881701449571059715040030152829986254743740803793364415 0.044160800398489137088837371392049215255177791443081416446583225324354304279066488152619908689907476843
0.18763546896111866694155972693382318638935945531303334126418276857907526013960245215103190383404927998 -1.6976995505287015242475138242819567278151883377904641126868264585561203559130262939004709149296099562 0.19113027377461365491282153077295689983957816898418095276458526286962696963726481572520486998258203642
-1.1620151018386924966222292959536951153973636975602557283401903672353356361186428022920285021173460625 0.88971648441215515422561994858186240120049664990027902876810059831804179914064724560621642750186145798 0.0086260244218840413791627770709877119687767616387218911689095277195133781958429866706357706978942169181
9.2003576866564808675451630102699419412713842996124162123427316856088346767199100440257060407577241111e-05 -0.02866743634506616023278996591063684959864119777495800358027467382008201170688139140341962196672740462 0.16041374577615918169559578785292724423862014869786487595246075269899277247508517944351752780236165547
-0.10905789097216656693264895009213292843732631322185324339810035966115850285722124148350280326848652869 0.27482719365666847849171114832108062867707419978351763048727917344659588036484456004318720609650087393 0.37930156421007140121579168580775336805702329541994250713779181974252440798777574379024652961425630213
0.26733493278083159411749337298922310285226276703947748688347818688481305140417928427630821161804891374 1.6342737802370247032138734655657002869448630786106371430259215828655602179045400038175244353939107183 0.081526064793916858972635622271903977019378553877319168046002332099506919095622005686384897495351174761
0.040029217066763790778288412084624568706718984786338148854936611772943591705342607234712418793525328459 1.2614541911628183309087834038109242321420026801879564263236547494739943633883969629808082261934716187 0.3045278523140218617902884390084274055555114489044258719140713377527478951249300424139643985782125146
-0.20425622694568672546241457308986268053170035077377147669930946996333804357427596525957686763676909509 0.29656656523962814367624664004531657388634450507649273894881746858454999978317664521452878148253361586 0.19554168636804045114268120221425619043424737461583917830632075136084036089561572895903755773282328092
0.50006451379291973622479206727563966698143816827428045106671906042624935225346709069778468817285701096 -1.4620952655465888378867606359359709715343813516873717812001881573715018215014756441271423780321840294 0.24472153821857152441013783759394708420787591495418802168034421261451500242327734812908372180520697612
1.0075370517276101718401004261495770902140745640015098003479896707056088993642797618356490842258283776 -0.81917231224708147640486715473854750402011894010533302028881844258745585095975045679590145241866681934 0.081728750380992852271630951984521326441401549797182857135653568976405347306964471455230103474607012527
1.5737887451893117052018458442744349598930934182061477367347823227005549043564548419231857212375746162 0.74722128573338326602802318162842513967065252586667899363717651324745199378228669768109944670212267603 0.34215168460954654304967916471494301545614910764053437689282221582816962279941133011118376877205162895
0.10444291821355692402850808090900645606826445158543781603613989004385488355962147174531526344605279267 -0.17165026724381605779537288639752510445643098871398227999645260616391517559379291606920919310089672892 0.098786365141135723361033879391809782371473737645578193143132230774504725358325695841910802508062996227
-0.060941044665899497875579704100544620246772838160039051827124872331055057909315752873273991881982218938 -0.27481766457546789668553382633557611095515623591416383505896049107200624449049624941845773281713413767 0.2509667213184140734161760581308041152428297070993028774495528780820673120355448785527961678633570435
1.2381007870430143849723648747247147859562451901288382709463346445099479057439831173267891584909895109 1.0744083704024355112004992211883881855678433887275795438330506975453211366738724978526835678628418674 0.026266937862129525360186091349103594075561581205094775070556023735473200273115691446227176896628811667
-1.5199058035689488424965935365585031263013646995554681827763157521102473015842956949058676898648861484 -0.60226052563552865228931070248242161579835730414409295154919798349316875895239235554230354832815253876 0.34661086470076012336996964691420602202833887211197779320368256037585055593787252577114652699907186983
1.2444152150610851432864889390458160448196909110749796215528325911800779445590983960449254877299000667 0.85068845575753271983443945800015388155693673802014316024991173910715719848611424581903702694295761923 0.22843746226259877953906651023405440411563751087299166570073659640341161646959366207455913280310583885
0.12176542828343547956821590413399263199132902653931652234983198578081898894781209662794430173942124989 -0.74405746843939964712469768594194506753895352407798812433295124863361717498439199419218582789118291818 0.0023365550652214207123459346832790047661988025626357705275839954305003564440304916749029723395840982476
-0.21711499867855630879477036971068270072198448069400808014246367172583102427417890267041330791942583662 -1.7667594526878418918716663877070037944173467171528067028733337179886477960375010836542555894891894853 0.077587623157504467861944309348755681318978125967469261596738489007826004855987347184244754646900734725
-0.19788563044553533500897170355812664296043690472025034654030991792881563760758328899443651349176885498 -0.70466428058566534473377900356334375128148623639473621249317811052987094878150707508327966307055785604 0.023229928183995595473340697359749429275204455019370493866431374279739317740387735816186374771246458214
-1.4880834454188894020904437705889160644286474442219241164211042549775227833383563747049389302165218644 -0.34865429290284682951256492036914516227245135994993028479283575162497096842396519898345100199663914297 0.14665287050413708799928673553979623832800909269887625491100549743171494594542544518639585409213201791
0.48342302402509525130606254483874302251122564188229857756107800008218772795491347746282300719837436147 -1.4366784602689299188441695071651479781067590696598081939504310966368620687777136991017632103800180392 0.094978476834487671342801618411754575264581433824496906834043083746486108368244739040549409759142646174
0.48135013627177946654353445013934539592878336772768904408858385571142965422955548177060875649276053675 -1.8022293629124238752058854690214357013415550877073036446714131372496559094246233893463310526273744475 0.020113952759797884017334111362409178575071111595574658550377913506529022146552353741792088715166654084
1.1123270327627976651875564615440609795186765833625475018234133552690193855661925903353945166869945923 -0.13117096087262731093707007855387503682528758092079684821747362770240388579376841693769871283967040969 0.24027503134347708616114685776748270869916768565880345459134108960708698519707941625392791199364311009
-0.047792351405910025680884948322933885843930326930099212234480275788589261421294801233315528383961612043 1.872473224851089109410130091993204526761135103141316190338771839945802758420471799556722453845456478 0.013931391599783906438196619817554548089284856918037027837176461922436179617965206298531228734674654201
0.61612071170151483912957149013050878031720765541259857187370531272779480304036930022595463198789819333 1.4116066316779809093903558114584319438773557100879257210965025118946110071120551080373842575167676848 0.036220407580277337356575732287028398737008363760130759977384052415984164092852014562934995850747968953
-0.5949328519025397537677042562516706738205559136519609073668508290149906450638855206513667921652083603 0.22934445923700795385782336262145937770276168800996122211945643754693467877790511263289388710055807422 0.020933079251786327561518908493908746175770190670212993663096106690433721915254981223258756115756784611
0.21895663770207945453157328713331248568453688477499680367164361421249287387846982897585916393414712058 -0.32076874040707107438111042342031236015381756355254002471640295239050850009382590339865675602754126797 0.16827086914708631794374491745456084927485800797394280143630418330419485944546203207286560571245189893
-0.18922395130377637757401603417182473429185289812665629062955331923243687168375706085123737711276008803 -0.35875455053497520706241518821383630027188190362513612256498555833064416296250724895954118826769697903 0.014451595117431155035482358929032955624078433483925475581712348309274356616390710159324615056002759548
1.5822708032884482795042419044265548488171478197466141037703175399491306686461601589327388911100013789 0.068762364351146769470985182511710093867777974859364870681186713050647125791258321850782542349300983297 0.34638493977553703625164289214102555106131161026909114527938519816855578468206919242468172750710067604
-0.27886588135479148651810095723278505766294666387050892055601070424391347337202231231125012003157820336 -0.053977959059793507337052069335969724849445492044069341374694282389152194562262610468032028367980362519 0.15147189271315666027611697082136839915153842550857783045586519021086931020707485816846810985666131486
