-1.4292919414410917579413697098363766204042016813262629137093801952837599949153280147463114979212217684 -1.3452646092087495111475696810847878490621510619600573386698987540101578995297141160933100219851162687 0.1597869883392261125588048437802912850731819322622344378063945867602032920510293022063385648129326467
-0.025030041669128200710833322488078018911965275545237497487052520268803287702087646310480108879930947923 -0.21786474006560149710167150430604572921881782578969830127917223478237176159967722737151614294956853727 0.097886187391799381047573554379803985171358584526953564365542499987951532453569745221301315899638022257
-0.0020376233969961682069432016936102150597993729393661065435292253186146740780550176908015056141254277239 -0.0051049029451722653708732440408879342434355392799681375979672264505800832483863946863531109878730132266 0.19348329115293949826741810090170186733116785912874398082514501152740286460059475526833442142421706209
-0.72075665904167282923357426476494551147590344395922374536159884948889184649362535234196621006334576657 -0.29038290076795839799600268008840733756940035940323701857639604252604649773141984057341740555352823914 0.19490982357924036773669090536764435221345577932330123519492127329599876449009974871389195891290944599
-0.15479199681995946345066470468142611771520946746764650881568650310713142603194530521760617928191040913 -0.063241366105719333335517992573940522631718066543328870387659862681905146039885988715484928954892639921 0.089275586426757491475991622292347575422407159495963730896263141987151239724395896582232543922989956012
1.2515043986990744358864878215154474021970920453543403060390104689744610468773075047582040245053863121 0.21101093686910281001775156208556117828700856906491721730997855688356454358796430687764951188940198785 0.4036941729688941176119585196286834294400340126153091836128372229921844645277155162062128266116625055
-0.64510327225896292287903198681124299438499810028135921714875489209716327938776672828227721153362559407 0.6421528938620300145052269483418029897991676562562718170118843564373570909787205199159223397175753842 0.38543914492370870484104948836206546806843733852020928730938197839480789703215891127725593479868988669
0.57795277554706083049421043579176131001934872146689728745156122688867026638297991815946937711862917106 -1.1541415515376840719141242924810128131402909507058525115923647770439114411577535050668338467133673908 0.011179892996309573777396634432307776904644001143974607447453407463659537440960262480740819352706724188
-1.2883827564672844380157613429851354975742179514362539138788619897562238108436893668346457312905143297 -0.68529436416540458430674973239681969826020380555007007836678523670385669665020672101848086947443861796 0.21017651955509387945275677655572388660511708496482539567122743004016336499942836287629372062296194538
-1.6939261349977077462362338335898508589629542277360782156910752431661909163039134817437173886168271605 -0.98837969166504268428079135715166313001668084367101528100296923202103266593814638080851800602795709012 0.2716145162198491275572453845523149780478607702242419893152133003533665755896560368893395081920077808
-0.28077303478481352851493634594046417772209848939838026836256513004974173527173529625147159244942014892 -0.38943537079027109794740329659013101351470306723971200135300974220429462362945949099406525723070425959 0.14063277627777929331659759351261382597160970997966378802843430024853293729507597998690402171770315867
-1.6621406751251689623616128607660411502514155252940074027454014289497887282419140209364053752719389279 -0.50226522346758261690382123373829916316366071477463097760735179674564451054902798946654862634938951837 0.29730168860028321604462583571335085209351478424310527375794195246704986346168716936421389849621210647
-0.98049531870033962874252058111858378646268117967394613567350698048169595408149782948908797513151592869 0.068448194066702227764178775702720035347778367493671621637795324361891635604443808049667665663005245255 0.37582608066329446589610732546728627206732851753834698945474648914618265654548177389030131366601330747
0.45485997589463692507923793781330814061673318475725947746027572589679907037936716215884918223418858069 0.60603753068801411965955475042935751516776897542122059446606175593807576366830973739179021743308198637 0.32818370379022902049039907370187108820133771508288734156292551848775426191787737672379116433115531852
0.47734283678703251789853094836278997090075550096844925035882719282662165733974172037642409040853656951 -0.21450073816642541774765070066744887868299749748839579759769885967559574525614975848560123166392509378 0.0050517694920203871452852183895515239288178478769118672690438525508689790412795468565854844798347065154
-0.20901390090186671739233520996107970869913188933366381197828484802081565278951311685114194066046674 -0.027902307680610933485623846517545445997365604904382847701537335819355362489380791860067723096144538413 0.13768464252726068658111500108087119764335261609378049230411854240667876115459920667519075147330438997
0.35949445651452564018081397858001493521723484536174963707164258939492111448107290173857640208720883501 -0.026996526110479328553762667604189916367713919631379665089606288467572282890303209835508487578813118247 0.14682384761498507880327176752737377128832791135930461138792421861526012565875244838696028582231598208
-0.069745805987926526937897368578092810331861698699583787809942916356453731363167295880451754861580503684 1.3620276655477625835979859716218811792727372777650709893096961144896148987354704329412349314950249585 0.25168075806125031940472130870152588695017469793725785356143334227555376483577418496343791503555227917
-1.0854900879525147930840831178098611180937980904603647699780142671518331198305408645999045665806173326 -1.3730316730818930512956675208843350754095937731951404839018506767757416679942616390759879333208396786 0.075278921601322978055662574616504033668092989771934844912339655846614784853046139314442085006575048742
1.7929867827534211804001921989018746880068716193703829774209242213373647995950781830678636474957189143 0.1230368998395810692701948923327099838712100862216034285929494727664241797083742994732056209959173741 0.33499733894908420210723432486470053204586364796585339713644531027895768696491786368989886910014834486
-0.17498401548879116935320414291642202730725255850882658023781176495734306455224304740895355937948559415 -0.81735894026714395663686830291572922450290377909269179315927961966163316584432093716357442178408871228 0.2564025872280072632798029587496353936143839760887508093911474274461172198233149518484413568562690594
0.88832805095413105343236383111572246971040738682936753376203645129016830292022522408204998235247645474 0.35126110067861642362315032393675177160882556633937395577599852889899661054479941435229174997478830377 0.098464005085482246514118609759467974173374293590627795250625101129954795184603966409750338801082891388
-0.46944028433415887707841318618540324088282117086804026575348919250783023102557831943466027867013701718 0.21323262983290150093382159076272988428696092452091096529678818506726383154462344444111865392061909653 0.0071200780014920760601794772589254981289512701632473674420408363385021647484376100206580224249048493236
-0.63042034287067062085718849149006275417916769761963215876773340320004016211723072055929730349808140574 1.1241509172502283075874211997194981692575659504323066380086128996468089789796176944928294738634224485 0.068822835169817467476041056085211316427686155737767955435332887322051647697463110682925500339461207679
-1.8604411555391645654324669234149038128069812862426893573622137621800851903936057456873413778844011686 0.24719936402127616338075845290871308723327126684157577414085877791038541543130993714818778300763965294 0.25789686011893219180551514829756041590861738092023110180574516537417607189392376980741605214382974675
-0.46811713194134920261445738592365088949439549553055997233683469226358566639093958488219802856677427669 -0.42782100323346363119975145727848103756582395329444656079327798254044409662179975915707478999768402717 0.19018760523223478476496427985025572561459633399143467767114154333362062675709285444855224498688563492
-0.022354012672252659030068655364835983096017704001718918917705756303570929914167546477891994918624613961 -0.033731324660721122163957805593196890893377616634676814054544696452632245509021328785505916869367105723 0.11779339549066568444380586297045398116594430117250174908120706560710904175920224234811092787328979966
0.17516650958314809435515944660058231508732345058659765293960389333755837258969118447738123418569710007 -0.33777933635196201570844094454499629552609569573201137907138918454358233217755617813679816375466503167 0.10153819265072601627443067185474817752969065924515119085704100285043963495995416755475334695887977363
1.3195692105922690589798125731545979795097980075291601957523555471214966570361063480063095473220343787 -0.067401099027474963961805666636341419706023808376293533616671978034268261686643899133766204740759634135 0.35517572755254401069612768691134779584943772117635857928430959251430069904975947993398321905462910273
0.042387697355534657939204322902864678544429105704162231991580707945535140682889481587905101417483385712 -0.36895758345567643174095288183305141759596193171334203289362906436637313384183045005327270458256000195 0.17815807490255805217223105800629200654644650172905816447984057607935012806658520835907999661311754529
