1.8233490422692033712721079914387456211102686729992678582601238328873193269857569476828426135204024314 0.020051078334552249934057977837009452204921266750903117798083627689851169962383946429559108688153237369 0.18849423476724365296556329400639388545162017214332708157947771931933221374527233086255438264827989545
-0.44686339402881361197291168716797093534901100970565521262359494122659864604416903553152160800581980769 -0.24118805463726535323800882763393583293501902985614269073658900589348713439336423145476098066660308942 0.088279225045330495402760416936723336199689840310899929469661277534155491116271049122239697927675033586
-1.327751504855550411843091134478577822061496104646574166645527328728731464143399461973717311795365092 -0.2449115999208615555939837266659122647075476701863035355247272728062967194821905010029729974734704379 0.0057196538655610465779791453845278947122354528252535444877020450389724559163464364370707723163032138426
-1.2577321797451572484536126819327321832597309856681283554392934190649226341930473342121256744108936624 -0.18067857243372634347369500993844862359241772132404936331194404298234323049543100916346273079471024882 0.37973654269040368072169124973129104986398885513186622216019250266553979995853989240698608607714942665
1.1816967629060835112567126537290982906935523309330803622225660775830879743256853536820441183920556482 -0.82115862651731144591000148666559338601806200020605540894829324250388281809935832806493688583452923177 0.2324736647990755228760439101261906986074270147155165002549572038489267495132004715092370707082006556
1.0344056582512654206524856189883787973259591587345321900405048501857410558264993351915355872658288852 -1.2975424185373037434736567436354904700697531945347447640752272528774673317836212253571157546164823539 0.28303028573184940374674226504810983693735271684709208171978683353624305280136660730725311742018090229
-0.72942137605805361918423550014754440015459490493836821570217830691967497854776859045896289201119731658 0.88150292136132703195702501731501636446517844451198171350256029470617014707490636605146034917121146084 0.23907717088614736206407275508343457867420808288309466605045788267433838903852920929014665550259929494
-0.35742537160973582041634770026177808369397292120672354186098011283236430180626659547149383847437882653 1.7604895960809356621596253761214943802334922670925766036811979146872378797096556981445445787930844683 0.24093490000567884524063302017349832596386126903716988965184078331191971097703070619714279666759949362
1.5330297646674166420089910878514151198094105945360139920181818724281508884419388486663127235080032768 0.22369005560443495512702922980367295104101684980675213019180854146042621103629394308249650315509315685 0.38777579631846994539705651961285771507841010672354611056284398581576406430504444382305442935535424913
0.51750088157559751597589485645564751193510950628588862642521677126196892755147149690101438971066927843 -0.098849241361976542363467143791066567368796185817357454148192716320943698952488401859994589176662655398 0.21664750426801721039501738168391103259173293873410457586311961844409802396057039930697993897910404628
0.26991380307543314788192790628046747121998122862352688257164990630438606554370163016079407547476015171 -0.90330797451400597150028302531425319742780258310538382053342700537319836879666134801818181182785112797 0.22055956983764959630011073774464251636537234011805054176992147296127876304619596561822636252210808698
0.29933060420023376643505381331038452917203107515346268908993572572054442620677733468414468026506789702 0.22916794475548160261634882979839897534106566552384976035021677956755967059936137846594131889087624663 0.40402362605282970928340862215666870798064468031751429575645476196883023693203844884715280659838329083
-0.9601010753928998405230422065097320040407730305184350993459633166854097706063506659495563277690156947 0.30791437850954487303381407706561823781636076644206912569075789235832671464234007630627835274515899412 0.41054351643998233560502317320564198138101051591914706537102168427063536032709448122254123689855309559
-0.053249055851126508885879920673913931803107133671550259236308922551398742743594378753402076253072668988 1.9548200815329729170253763726211541428577674681417524633488783642960190064008587378302028915456659451 0.26566674847463328441366723471868510539295704089840309161648088764597287916549683195798447277631850083
-0.90559642890165553245292022663571403832096437374280263440513533007733447963042896994379378220613440844 -0.36726887021068046584974117343500036602806358931591811815689133491298626731106541209147321712856500751 0.3814114252587791493730250042632062635753548786289243572853248439178489781796150041329124593645528343
1.0888530035971813369711180045285567501399978669989221169310127275459316271403085509385487599734338615 -0.95068282134924647018324104887512104791753342045474361875008374608068398056872481715646740425334894949 0.31183610334829044514970817017280281852030623528461462365809930054415917168225202776171138564894654749
-1.1649102089395481312257878589219404776204733748837839158040866195452684625779818755392748912728012453 1.1420863661343904645132883107410730486988003207101780559111967387215461427444591813754177759991215887 0.31886846944259288944703608614894465135004933885620383222081870210841219108025291684986224634049454395
0.47906971479125352668131043807471813710976658647944716230858265395612534018691809987368657366885990674 0.14872143228032972931548797387824994488210735158540310429935994193497051039724453256614145971064404541 0.35457721401283408007776057447353636010436095145370216832073602974346390423561581735310776890216973846
-0.72840384603067318028013090315821710804994106757328228062591821315170821459107096948006926682945487879 -0.012677939820282384164515082701504193040322805683883564384542090906452264620348982490157048103987609424 0.28159612215617956412640119585761350439986933262405148427165826866467919823142021880755902318452191725
-0.042672926253435358015589455050808887373610149746916301240247598242512427005906443102542660505670702551 -0.32499374723037653424742702648624011152867667930005038119649571789411912004622772961572135806556538454 0.36611036859730666278166422828147360347919537643789784872484164977866025931853683300137939904442547002
-0.16462263428205994427452945546735837624025044167697938824942581509189780566244628681491081879646562095 -0.11608089204781658596368856563047590064392096990261795271311314916497777009949575414791923011607889819 0.21639071953447767290217617673608151886263432613273886388529700702588549925895872976542729408884620846
1.4800554848995694235437067755870419321505957197631138931246917016390472025661775724626911141185436502 -1.0743590362144405972672654978812617461690077263836852026220828395218766058074617366699439985399870602 0.21314176930764011430805030115683683485747405612765210343036473547927734671860955748276335188060561792
0.51279899821002683407856857685801017639405738156133298399563851967065080044672075242028487210414715854 1.5418145564814702749492631614589563185572095545456510671628960983986071930122903117444404989405853222 0.12531563461939731870139752132118443816445154398360993158917913431899114907963212568977225208087668467
0.052058464711903979701757944827382579212816802328537917722168248613012773487155649170913916260278398841 1.9308212116431157322299870139682248776258728804473201758064829042318181965388101588219431770568522631 0.10025525774683477482789814988023240227051438296557146095377085916640112625080455923714121325171050238
0.65225244084255279338347977918697150380259430457645962294640101756688857303008998949356647405630549307 0.79710121524508523251620925454601023573734666506324193161967877973014435643421520107631185058910793097 0.31164496046339843439114058803035088933891221485133284564891583535466740349645059214492946726254825202
-0.043740171304159382205826847554693393372745744525141556786806419825844124491481098471880567552093638015 0.018610252451452829659616179774894518751244986641480729958805229543995244646111816916509144392471002462 0.047179531083736011715415193946793841265056439569177025513786939362217462988908275934774547675735859503
-0.046760564137050544643881846269136930918936579482253655004872626110669401607455917282167915893344854793 -0.14625945255581791075990272713907374435934006698432887867498811540809218432212367015003260449997370805 0.096916098885336300349872556186006606508448309791948098532905743224231272068741195279456491879325201766
0.056748730328945697729552649254669134120295739752307448559684310443471225632237179809211108687214663696 1.4215789941683108022073339554515305383826254359759594952006757653901315619630618482838944581081534821 0.10875245520469900971661326165311319456606935825617849095170716433848566999874669322642825745880533302
0.75168041276102291933822337417350884654615646048646840383853796350386342885782355317655277922716773607 -0.82624987432424925013355873899096462836304599943835713775245568287065412136675875519987281987618900649 0.03561916423659008267157408106379117189313515091908816203327104735227502403503391661008235183691346904
0.66665839355439959551952734088212149703797787117574957572867850052271352986333026077151600689463281646 0.73981026238153690266214648315952613871102094159877979056261554661926617521478875327536452658676596059 0.37537568415489266711830188915205591516645463463721100267725249686549989326047139852616578327657725802
