-0.35767723101665824568229342078558513750118778028738675056979855585883459487325541037703313081583873716 -0.4902734493598449575750285094796279545227259492543917018128228375712685748845193779808448896111519092 0.19187592716608846146352870738838392944645405129342244997866032731949716757990266002616067183494972461
-0.083843763163771120054791529499600283250703777421461212817853569098727154353553662822205637749812422103 0.090316496088017453919252693768373178807544966390553270162514451914197194894164009737967449418940767974 0.10251143745439060154365893678985328816477115645082005286359525270563945504806304144240058647335541905
-0.22165521545519537155911259104365235158932867447177801543191322840300168040531374810245455916790620432 0.034866630494838849958638663062436880982916045833898059352096439259993161432060346034126929586067990601 0.3407084157608341849561741829044755297805757390242803879048329745953937126715922876721626948584440721
0.15449309782195773598180496203488001682324225382465338587149998237531553459038669251960837033442179001 0.016419965405567873505234403376098746546820489499842093772442309791444449608968248357387049094133778908 0.41612365832429120820219492685950421188575106071981966929192374624592284683452476135170467797361171143
-0.033234878263007796520696128990863587626944944073463549200048057179782504717711325897369013601204242954 -0.13324966412380469799986594216052409481864367567730777909545116283163514074990894911723621178730115546 0.028534429880909819128866286422360562627692390545432019801187608104628139005433083787544622800274242075
-0.56959244543998734405348414341528626282254451354706835553841273825871890691793537819555361435122208687 0.74783565430097213905808414270209566653626408461751254540272547608798151163274770084758309582829995853 0.15457249696722582399714046871397898542670558223246604879363445070303229022341862904126359135728390824
0.35544819756189081415316116717756373103197554429630147624786044273541313955299430720138533022761251958 -0.11552204802635527973720764797643094322655434905079554943214568040640299352238029088822284851988630745 0.39593198712368452155351357973655676931715034151433757554432323568782225211226763172210300342464895345
0.019451826394750043307919453529482160776828244176796972632745907815649917540762884995324367104887988574 -0.20593491156179826741454127584702413735897185901732719215841594838342855879571467351699876082936977495 0.41839488710002908535354249762818900776374590119348234993873317879791069229183328132111438080165765777
0.14976853205420899612290117322935246498418922760906043059781439509399226211121832719505337083439247867 0.27415086002638945484074128034627686188221972481634611182752708937824573251087264275672420328604710774 0.32742906430495568394794208222188212802201147590189097408002874074216864655214675623249781352257988468
-0.40907786263625330973646623499185397232308567646969227720641385847000765699349514757711570765951215914 -1.6966630405781874226741523576447233669636756362900296687695181647297955003409271937661345318473402924 0.15509811141059914453798886051262730939225150091252113755973288411314905604792049058695078990646372652
-1.2671230967172883463271080749481027342148728539341376075910593588086622186768558627688236572786948024 0.98923019264247036813794684689826888500903035536331584415493452722015842527567760680523875736220274858 0.22964677915642971917176910260473431134748387466034310001658442137173005963584845261010068399480200115
-0.3380546476674118553056563499223167474566270330484215061938435452190908503849520176647942729667743886 -0.76226253712636275235271163586491333727583586590289779234516409561614635073793355141692528977191073193 0.20646229004457095837682875667907392652208854889230806509277859258825238071411258868653016073822380197
-1.2855648987336537774873672693071382545565912537546356352338934979082859810595479053478843720190508895 -1.5181817143907615608440156773340073145871698395648889948496354001677875141546211955247392004918531774 0.33382402408006318783486377100912995940200808374577862328294841637122476960972660706669134388549444607
0.08927894549986171954057925224895645277076804426821809233418556650111147707378796230074093112222533556 -0.42651397292569817096666876111718400102051599152479578646135254714596727644403584063786933473313761702 0.29417567602943331581626124838308369981863921255270790180163229560554857787799361730585540345485714192
-0.39696359594654508399763916954682500971013830503256005101577624561893204456928238513482289160393731489 -1.81426114456093201241801072025272661270560862948470504189533062207514689533704065422300664413372012 0.35383323481647829585687495296680113352046278304208755000317207046222031272989677155377341873090363852
0.046367410125537387369416634427578999946372390395289642228120813487539931452973851896528337519886469961 -0.0071488778798570432746206422469056735588516159222241158198179455858054428537952643937504161026495513464 0.28507266086119968275870949912182515278577923080755125212571529475706359422579548477851841242791544947
0.18633731416610644321903104973089740430409474759170372787937632032514203774156464707885816061418571803 -0.05694458042709627855072044041041427698184949382281462405131820678926483231702697820367762735204899596 0.19616749011749974002355658086647292800317917014157783189431400495175930678970397177519701243753972478
1.8294562561347401797002367072331941949926293888352655623935131538675366326881921825609657233621508348 0.045675855099761223727164572678543278485018714757837193801377502721138894580268434510542107593554404476 0.19904773760649260251847496995524612126891423746212504852821212933959367075826554108517536273887882644
1.2490547605334311974086845254090561735575188687841431922160785670006634804597285928267216992958999844 -1.0295697114352347388412668394027073714494085240368307026386200554533886626495430118921637142254185693 0.24419502939490302140038787245015841155304193194342585695364885861628023048968082176942480669486586997
0.26071045122863374627366055308646787159791929305486112012369924643902713331065347625918800019627407869 -0.50132325684088511385678083308000184099487279584482613254037909367182769201583119573153229957080665449 0.064527195276514250998882351101918306762975996750497338262415810137565669912531335320127777730668025725
0.22670169974642669009337830220471783797285016444891662444913893347975545015892478560646829545173199628 -0.96075576620717830435475972576941393007817494620038947507210998183465158859907019691682371247868256459 0.2720422862737731811987890847538224015278494138745350739299141209568259494083098400050285506728214507
-1.1499542446775919213969491402843494171783363260400987188709098356475861674628127018017366948941538961 -0.22557143672136333510455276608231097740910768284981982851126049765860763941080006538305126917068522239 0.29513479875279190006308722142971316752827742531117873277199762991253682830385483692903220312832985501
-0.04772260892351955617443152695513126681538976557825793053968957931264266220075506385807802933368894362 -0.30543451741633504521132781220663149087777207774597324793635336825063048973142136322861843726731494669 0.069514845362455914931589359591261018494664407175882032079405137635865654203352820251856147528717371524
0.16553310458057913620823987777664182000104936601411099495710319127974753725309904849778691536090516138 -0.055718232500961539356246486773849248204098049164961879401911802058780406743535453738677485991198473267 0.31723354152236919335905083514320085154742294021376272978396251368563500107397015815674135605498465636
0.64562543928488057988090997693853802571729483564174040063463490139023653734702637307292462551205146418 -1.3680472290742200313684598920535477460286100910117497052366792660340560932129273036784792597777756728 0.059978841435898040912684891592591549723661368824499643520938619483453820548521511886905277358210598216
-0.96329272717331056152306514963050652653811335570336358115159553133337737993676332416164930522884567781 -0.92783569186114023620439809538950744672905189989156129108027737789083550504678265297987774846723488461 0.10716625206939125136681430439709317887242703330870810756730806122860602138779433455753384200090132509
-0.2049703141528086932583157620906115714362812720749923025165038912440477905007271260708301111159232746 0.095435280667352780552418616421721995516703109697249161883865010507648052408122071406065615562826755011 0.19560978181861578332144955382840980547997351991901131882426098986274068680670622823176260613107058887
-0.64138152410701726365227092151150960509812519663781461091410438712314034512902827009758060788891487534 -0.018204375298999982870410268655672291419446819676535057031771900643511135536678026966071966809485676732 0.032514789992192824224497370621891922328923035221457543618091652094742507720969020921233133221401804334
-0.33728991776999494483332201540853132467168844136976682148003587514257307184730973617715642496574569684 -1.4249143035151922617516331480305277740091243722283701656925054802803429919700558330620883008562780444 0.33205754968922304970736651444481690034884634697911662975668471577582867839516478379730499218343685198
-1.1015574340030755090335318798298286000543209479020310340959697845751776188034789235917958719670650039 0.16457653168868851804117336816008240863764091906131184887938229242376623703867556903339873989276011885 0.13836418784844471182999993002339008599648276866552907676651858962981692724461851846098372089445634813
