-0.24144304187247903070582413327337711888653727480823642133449316188255332213447868304995894555443027154 0.018521605192106687957780603839175289917334934617001048634697214936927595062485387723924082190272932549 0.30020143510126802869229040229542213267329106797096545495904134851692616312004256516625709738391607255
-0.65824277242008046088007055651741663335809878688619279225145123945749390994784726101192738210306557668 -1.0624582476563929461446384419138070912840166436024329836314293783881109161991293448528221974995902809 0.21614268192930290510437390266261521371002243086732856451210492648099018579146196230394470584957239286
0.014106979835000832437262970962577829450127073964074378484080080670328909359835718180033631432426921137 0.013640219009839033348686274038357403990760329731443975062794712121381348602456716796160687563584721152 0.41824770160572384244773097495472603441752344424769939166140931830982384359400204386865564716102393313
0.11604074501294947660738430764181294909444733580860508933571646935489871026390994931953710230155813073 1.6382965838929546611584347571560145777238910818348033362589496807516449272283911983580459920580987625 0.37932572447123322641538992536392563403956384957950749451923102208466289606412679919496249477802036311
0.041175474386685227309113312406843983108195100653414195164154866169494918367229274080550135972523565505 1.5319565595076752602091254234478953017370718188043013817102982256461229682615877574520452246946310252 0.22900893659190165756096566819943458916813253737071354285811268288008410523028054545800519545972941384
0.0281216519654589798172139044933728300037757444173126103185109764108871655013923110884799433094581499 -1.776904276479267953600152171346797949923545898498335102201245137978851887108140451484443944294990203 0.41770816626517174896049593991576469724986919176076163289365848166738701533041745845743918224704765519
-1.4015911702684714039844690257713663611740489310922894986586094377796176084020038178263353544231019548 -0.74922184677148319398005366692454538535244489665089183213066067620160699751567390018485719509379078225 0.35507140771540723696618709107420076609631005736143391220622531900313891282166048711396801720708786894
0.3297202124308456365967645647918015722562612495145864090173622987935529221598439935771913751848389764 1.2800839165839537660212622053936945897544084759729861755720785741613724429879083386655497271079969971 0.10772317172229950550062700634667496618390749322292998749838305237269630250155379281576140893483531511
0.81305161766214354913156668317094012633734641230982516515599823576597690809755058040194809999466844721 0.023737043220402812894286987552926501290646397781063585642580644750326565849181347167526075926360787722 0.30444924769514862226656921073363720929558378204570789629085986186137644451374078304008900908587618586
-0.62610373705307025758173827497328813724140309202059553944137532801170146004312329852840361007012334807 0.20458676346893192756783922969224708873786553213223363379326291444611775399667151908900995507684142113 0.38681204784574777645840130818118215937660601225756367978630487943329064818454586775199317042703567891
0.23986982944992622408571554830155092939395454146512505817664013625402357080457377445603189094937078685 0.066500339315127380253975116070564564142328197763881811337950750271981678688014512283804019205974720338 0.39258356796817761464584981219158437472506077213520059208528595058666734106560703132264137377078238228
-1.568550309740420297540292077319368415804391459902789397849832429253148999949570412670573117312892721 0.04029325558679705808128569695694898827342560948507127230672866944115836497878567414978462569090983633 0.33826472024193670109385363528549879161913778163679909837920717679851575120403563539260999609217201993
-1.1856564215908048774264930918420019500523261056650838782447125270672740525769095298472654205782619259 -0.98493177121248873580608825379984097292845198259429224570616720075326616044498709243931919226673439178 0.22640886428497554298443299913136354584716188601378265051442855333572364831902192436012013509372931338
-0.03563880592394220490518608731957226505540607706777556949227774408400330682595270800125404056834398782 -0.015605440058204569365624405153152521427133411417320339375986294592345539540665447017309493263212624805 0.12656817298989289572746377891999679489496314917206659512019373597590008775094543488002719221986186152
-1.8632429952440998361318307806406339349867859518125144754669413899668775987537874455729598550699315137 0.53229436954864750851155407418256278407803988999328030343350138538003938404260849432040697409867423556 0.35496459371306388437385411142806151183961211765289018075274871302934704913995851886748632023544446818
-0.22195482884161516242041954518750234259835108718747725168731370571293853222811297699715009459673054441 -0.063957750424866888902863059985463798266284367704082639973758424931361322689316098254260064180659328922 0.085270425798174725078530672492363081225436962884853825882933776606816986779665025756137065262425614147
0.074301223820678810338369987842305406703151504985978928050602648168270161216421388677300279902993583876 -0.02794199984125127437285138774436730256612753914788402010822452591043352689536381195839455158316723848 0.31983231259739320898848345071759061319796623275449969600995135895511927505971998003390485889894013582
-0.8929158421567532178728042323856305148134935525740263636420319131679207216151558229995925864559234854 -0.270921159223744665644779996746285016722634394042464163870748184760818438114187508463556832876495223 0.16188759608937756768798220186311328115365340352693030117215078342012566046785754499527151987940194404
-1.0039547489698442564737518912831071801689285256655786854261334123251034923305383419850952339772326653 -1.09830533965343986152582661060907306609460025628630734424303062469695561284608037269257095632705916 0.073061191125269178036740514780593417884011698676763604181990970672030916208357887249709146523506059858
-1.143060355179611248212896946415889836245166009510750233813812098282573474421335241920948961786341419 -1.1628941539774330120082636395477718340303258522633670999712594413983304310713836405463234039363431499 0.0026482566159633179142759733376219175705686387570125594172867574213515451930057636403807578472417396938
0.94741193246403662286817418606479914771633118741935858781701426681187647736538989101598787439224364347 -0.30543279995415329979820573259030750771247255177156276641958440237248162002480580937148775878640610005 0.41836829527436224318511855299820431239006238917692512131537447851259618450674391293839360238464636807
0.068612743423624152353666290636579691241101572020284165094079431938964211419597434024564727444363376999 -1.2215304480343951268700393647831027205736546988829927612692753768494724725033063794405467611185969001 0.023925612983466066844560131819934991474267771032012458537903928915009949711694399929941600664523292832
0.72207116284361280171807004919345439298765963556173401122037295880943694991016007281885408291740856118 0.49052181854033917690421680855274388220678748993237043234925921437932246772545585238136096601383721921 0.30048577299021404499408757861349533689260086190793714290086937174921042132915144651214633902179508633
0.44618176242375190099376326762560461966191186185161591824454590585650696279546189368021795113783803944 -0.81421751402242716569560781152074287249138777914846951245209148741929868986519489199962799830717818477 0.24722210104150782265555946880285040182202487121994112812867897485177744604222101821018294679251288753
0.11201739842098388133293704972662049699418700798706551609540490520359636629858499600622320813145992839 -0.23145207564364212408709739870074406709491152753658145071115412365097172343449982039309917486723673694 0.015407575822517192998641191463598063088519260948067547661471224284330848741049805177986461744524217895
-0.73530111925164358399544605009667576758640256449556503248810130348340491330429594068101365377109890776 0.46882140454182270331407709607313452553348314598444081409592218910431066901774184502090458816520324699 0.26833469206251368093358518184931176072040799069568150123920771845652612407708582834970829701130078415
0.18546326903524943810548566720174165498627595866088176450863167647686811436268028507866054809414664704 1.6020860098373391119452754954090447863485071619997444049123600573852503299837591061693151075482915576 0.27842842982601301420067611802527523135574338279004039557968570693585153195846343195929769200326272543
0.27723445949534626995830699260716757827457898300979627200603353045554225711582990559570164156711867022 0.2763324355608456344136464054148094614548694442043931432273057678559556380806124955458885735776558062 0.18574717064685452244174162165743299902370965927866319050855751215773991681841751570249372025357256492
1.9249616314715653617739154483948992285143237140175609280384200383473276584900672578159057973737936603 0.40815136564415035366962176801955548813667430541864926647146969994699106443942411336455054899074746442 0.0084214697029452771561396967334634398531355932426879792867393278453329495458528433529917033515020457595
0.77363848924506780308616622806824472718216024743417253716202383654790109859407151245570742777207912144 -1.6043299094378482119764160964419496774285112681074068934739116202403499815748792659598403256562157283 0.33846399148029328421396588522663540843180707765292318616128377555897228694437829564735605273425660414
