1.9434537859692520442195841514924858970009283823390129643728610148590872191165072920098113442752713804 -0.26673260633136786644888191039711099511825464869964973139335959071259717509035256003949370827800665394 0.16335218590789743512172679686721719675602598940317750385454445102763733512084316202143372082238283726
1.4127121166032171561356998688957867472262937215271955141847434561683450665625516759142456404526935946 0.73611151209575847968072445532666700298642264180634991275290083652831595458231084100619904131812549083 0.14339156298314310206361033277489322511606448651487592338554652892575298408466082203839900069842006613
1.7058820440316762027987803505440210624598302554673539135226144169626921200014642672777774279229546478 0.08416514631236200996611979049421909729900191855768092816222370649983444722108399128744334664809411416 0.17163393146594203832941838682326267304424451100003120433715542562402753647742862061921886669569430332
0.82940170582097022481263154606939773585275060869116808575220146025391194843855996849278792281398392016 -0.5012638050818381017429873354778707381569378304751112443494340357033941971310554220936651541009147367 0.091881579600352818385890367514590773817356259246425461726601900651444570132847366235956196893521209816
0.37400995095158604557285211313979076718756363679069891637641196436794037541980081964834393202471891206 0.16077384915419132987366217883965991061809756414201170160957001890821932685173543742575287042668533842 0.017700538512548672198800611285804423072602359724206038484826638794956014204007389400128535734633131781
-1.6328676449567098601622781347762742850464035610145331995506311036753176892050727590297358950712798812 -0.57413762007508240375045241528971784714857940381696636928368395047678438569054340368472866579799192647 0.1519255033815848899209034651223283467986705525808268585021892968973835948403333846912143911974295567
0.68681738186469906832570476324986167824779418953245267399413271589375817023434279767205548996897398302 -0.31158794761594313345547384030885347118385350906454178250266111947704238892168991046569393861852373025 0.05780885015700087902890832386417690125937080039682223575579040442431849336855077799539214345681460485
0.16719705511679022655334350158799493980196523280246262229183071855115556689332931639133834170832693746 -0.85166900559622139738742833767602052357001137609210023980469556232326556314268547211595860377524455998 0.25217549016224549526864570219342200646687507619891560610655901522041924256315428107679676653118466459
-0.28397088447738530394279117551742238596308757284306684251096391385846606911904798756277070773602350756 0.049870189297621555887575037398905148453575296593351687105016778424951033915572733833324721054044517741 0.1226369542496861236340270470780442378738795727506042510486256627077662403815022325461274249970366209
-0.42238895428542522656797184170052521564413865253224525208830246726571261979243864623609588981331093197 -0.15756417007943663276163150866881265782600221102534058010661864737955699345955907967759065651589510593 0.20734007763356978005225481514753310501825068890195252643132799721723322321726627885158416334262221289
-1.6066168289970079618461747925068043623784253926259086539874854058592540847363391597645420732833462822 -0.14274652531940296356821212081711388336873913253145098066992405218487335589727260192184475171650827256 0.18141015884857024604301522972681241109395531205391367043380350572438665223944746281740506529715589772
-1.4405787042615808527050914054585690464871718074559402448789484970195055415761948391723245767116843889 -1.3793412100571970805432393053423100252338035512708969579765543240342616578171925891139473455759575881 0.26160443816821584496347548961322251877853024602278251214836242299711243318484660982923099926918867454
1.5569746680001067823892975973225155379971824358020969499033261270373359259290183646334247927971216455 -0.5029670386216638871278561773166238022390807231198956141663227906012014472681894183026511698809379825 0.27309159085151653029425768782775657775168184651525404047203936616576511092542876772749043008560422624
0.36957601620587805873698088705656457995104105149668975872842151785609535459638321889105558490129826573 -0.99992492847526148082486333145749454691219456963799666157730444048783839099908171688623147814838229586 0.14129948685877418176199838330900077776201500193565406309058821676244446470627451542141719682159818963
-0.74260628504866497747095239298586661128233096607029482042000879451534376446213687465011334927523154014 0.071121385235015344171667297344658962381274886135102465273968505557111398960620894424121023242529213894 0.12190554381632343118555153791127263253380406408103784658606133971491871712617726083167845158438500891
0.57276740876685764389771993131108521678863878884889233821181696422562751660492503453454129394033675998 0.2161918418867909736339627604596441230400290859280400987812219297184312851248447209080684153653486075 0.15507741132788901654180404686178790626246005404784182904760608110426801553007136779872329571845085447
0.31855069275156187282783704406119930175105773356649753807639225059045885327268749197080534997907266511 -0.027160814541729729649587971453077066182836617982556922562833500452193630976678824288904115352625397047 0.016823176622031686348813916784713908912445140749103590292670478060127721726516907142390755983662259802
-0.63579382604149826984632745149751240160420048606748685699636095306252858122433889331356813710997009835 0.96118732165784459709498906602888167175005594119372784222902596232733681111070636825301715097518686699 0.0073685150763849308938905417299858927375658430376854150073578035109718195497361907419555359592196866988
-0.017729726002242480407535128522282021306956874996766883530640335798149088555163835726711442818536042655 -0.23294835573078442643763529037593797956641445747775262522765225227295130903195305551480095910572147419 0.0063310545436497239466805708906361517384663975943538085605589928438515447944990682138236191054498875941
0.20379623263062006530458301143538777114514157311123569631944095210177771353731687131764201836605062827 -1.92269257024500168026685705505594450622087786415706586605942408372655353742055200125607223554081878 0.37443310685308191695738134769089626355556809195128748252859676815473593598905358571752591816532947042
-1.4901262373445759944573111306516590021559430221260148590211908660614057584759540829224926507049057334 -0.13704123700215805045674540437984240250810015824621628876685525091392777326023462697938629738664784835 0.33306808967408898531303189718155404555177704176744239731901384480762885640504083974537169946077456087
-0.41219406421691181436801566371691842779204744326491371690501390421444184974932088138490775989922438996 -0.50971065389640509477623852725059253526031226771084768073233012484152474025695878317470852392639313422 0.23952998856322655305563338808562833832658320964018301946961672313252497922375502870243521669501407527
-0.94727199505414343804215239670060553055962652023711161775279295422843199273526905601678020528667547986 0.65246047596747807910708336159675365623257705066473183354813100910510183422473870672153173365447548354 0.021345877595236181859478661641824161994435279065853691487619910720205890367873072602624055697493242552
-0.15223071500278173691475990726444797676870769092430708791575665173559200400076863657757959243901945103 -1.0980836019377582424521468972628249632979577890247537663985036714960910359875084027695915993436740208 0.39886974155302226855283125183779787855083274531200143341268996746559589166469099628231665714077822869
0.31327443505520220695289749138252687096026379069902432881233953167503212282601309450325893290500524966 1.0927358509713295839779703285558955919651714801312341360666777603395646832687594428921628280474140394 0.40593375758068231128482876636414299850226277729105424943416765882093740156292028025825465395160301033
-0.54622462580639254004440587909416977040461793050712227898147036056502403042009103200268015788740450797 -0.54462305658902658001920854825246281642309817307596228115270333899871483112170522914654872835118286354 0.39938694771464649450320978970265969496606998107903891201704143650836222381199473042947298543112681999
-0.0061151361214792029796960336932969610448992811458175571311270474687661175247326968339766343305148999012 -0.46595332243750403392418470996186037817566289938298977355252298240062602462118716054453252595179576324 0.12041535777370470488225132945598983159023214320477692084067579314577649916691301673821190550292583243
-0.83778759111859082297522728828431976353680747648091950172136679777984227735669446137418194929851437751 0.21652350207322265009887768416923599412564884772292662639290665763657473870149985407753251284814032629 0.37112307458958486349975678189597881531597982024152625562684526898395470764351227163478532298623401052
-0.61543882539120087104632671148544207409599875627440412078520856229329890195727932433624399659427290148 -0.17048894405270868736690590456868925887003836822855230588078983318118983387025408268321151552270376382 0.13102860592715265635034757998535884832550319766391927902664986053669851889476762631948827825051902104
0.35317514309922135996796133729598902187857199088177284181508995764683585343308592713550413325952115694 1.3357370112297098388647242236214590988707433912755055186398211713403355014869491529861696291924400208 0.38780729937873467475916711972562349873705045832279609550690581556157643617765096625047285456594550459
