-0.20511192748121424926652202285773890509957648708525530960432632856396610537355228722211449760885255112 0.28221859395300113622823552801542462126795510480891829115353093845075694731882584124308273919680370863 0.20056848586398065494419516158651905096569058074821952338276037709649878217881513807727467878826435737
-0.8497856347711833103579961582226991705572428548333336833570518595249176283541700425248726084479015943 0.34230548274736032786149301579191951450618243664579478114139559446118039538474315296738521841610649884 0.2640023227581263284068859819629116521935408132121832688373569921893651261272548327587531399579028146
0.23016179294331345771634028707049133807979423144470773226958715661232245278519743304888213753511156432 0.21516577605923643185682353110585965899918001366275683810488402109550486018313748701149165357312579402 0.34476044138433645231071980886659332164204667259748676324911944486439873417526197528865954083034183609
1.0402797430513120673787897859025647805325796770074646247547302989684371375745083878582617048615416247 0.1861106293703473146053463195577749673888892384212582229660883700792328918229883189942904769944710468 0.18911025251351339800183095521037713879414021527626356978516957931793922153598554206944499942252426366
0.90337150972742844315352275820685208257582762617108104792734755221172515061904555401874284261379866438 -0.68199816992614309841418431741415292480344724095208823289505586151297284740427742584107372731666872326 0.26044159783867330636247958730280503833224231053670428156417505440725230877008309250266937793170697088
-0.44358771921504229590597699998582011788029155168288082187671469700396984749448798721761246631400957025 1.0317900522257737928246330553456267248759650491706078133452247032087192956225786583351715482546074222 0.20782946596207698944475044050931810581088799115659030963712537519461542499096009111937368636449258296
-0.71366066708126446403648374247643276249818706391886346196357372394098871531277714492316861900589790699 -0.31683993871883001900231412473177810452347810637980935803330061747787566214979585648154015087679801895 0.26080671922271425484315836537172333703976936485351906479353228335102973962387910238009044306246081417
0.44162169115051128674460857580263595647396769460391053556614822701936153140028398576777007574394192482 -0.70087617966289224800571072131543027284931635587407576292689366294389785626124725048117846112327524704 0.045307497506768826739659304411164228227742330924034895646970982445626946133292534427316717282903650792
-1.7011153280367613000863294435111605318648022005193108014630446891225249612094685807150828495964701527 0.88377253386865540299930339754361898338462218821885634480289456365933259895076039534568995533166482714 0.32160316274804971883957162817518904179674799889766632795346691622528669441701798931609997958817849387
0.31830588362981219659306007641709614777017633242763546053550391973618883684677006509887822168054076636 1.0103663028986317415793924724498535248173889318790468906444011261700898145958389705637003534718640758 0.3746573354162045662592428201851728175014542236419904726841988541826286710186449067204469607719432438
1.380942327695079200945080784485038071286125799162344899986087076312472977461093455870670393773741268 -0.21442791339886946913076550757969355150418571740122526179360735615831288988887199158353112985530409918 0.068336422766148201986432424146313037635252785894357968114141721346755889057193102206508844631844166103
-0.21004615341966213004359688524447833769543860196769327699794603745975518142028355906863854012283251455 -1.4097120535558254034157662897026068894095106958824535334216434073915282958511394596317902326518141213 0.0011903519423647782871339262758096356249542201511389366792118299153038592824178324028052376691900122253
0.040663889421805091628111637235724804535694587647075308794227832483142258411158072207319832596273661827 0.52609258818185193669510015399552459795345462532904846935491197170073363298562601033893326409520867125 0.14335000956043901769658706205192871088249864787583341023646089416612465365124648174723898187258200463
0.95214342279453290108279858703008567565350717281417789511525389003769259040607321338364017605392720606 -1.5789629715347479552588071412986912640727558027577469949245442473296351399210853212557175606302374561 0.068680637739398546549672782393732387053025196043188043853966009821737710263173347110438526495026254127
0.063656589647649747765892913854670962588890363648203570832684385903854991888295184698722747651741591695 0.081124307234851856955732310476831937520247499728658499538863210224587780222349562289951354364380594757 0.093034213444961368671458875422586881525495792191149146710712097969828889579228790559700321836412953153
-0.10329164584040583144281179999306502196158465121919320986420317091354889904057447860526910109025473648 -0.94622680148236200247156904611001881050848815641069508647139473573087848449993473883669080425536251183 0.32540076281933171146632689998294503855232943952004785988837398918139628956903766221700581523718566412
1.2616329058554002174466914155015107303072258343591247046411201804787910767269231461000186061087423012 -1.4872917502870982924360570523296406596055025458969098608609517786754872055709534448029087131061648598 0.047128969311831143517867063166873023788522379411291444031845975477731833934545079541556202174691355385
-1.9384116946072843614903073813995680104127240770663298337777843080323362934144206624207680176415317667 0.37904955850001193128779323919782040176140042803593032592679613909929762253550435366859679719868000536 0.13161373869375360575685194150559910878424611713796697629937075568153114825396926287328547956786494999
0.39175574066311404902624779551365632205074491189009166394460447629959520839938597222964988875161679612 1.0714798952201495104733632911589672922060772642060348617120283850354895884450970497541532964135263334 0.029605498732742963831117705281598831360816221669254372504044751305352162027849916745261047810588159063
0.011121313054944324036291054932382356947230543763739939356039486415844690690575402364368286998494630611 0.0053920670695115803017948368053702486805863364814990716553129250260742402922940685628257811028173103688 0.18439778633675800707093010485816506226107635172007310504601720964695308879889489992270053905003032792
-1.1207941135390501560045414214034069517424451942603340738393534508670395667828559966473719447835126015 0.13179911357328414879639366123470986504923764885128436786010013225630897626234226364766645305780718113 0.11484666656092478627737798054049171896874805128971056804440779781736077119804544719658141605814810855
1.8567816608041348805999969845042578603877951209782920933852753958536231590956887605012542031824877463 0.73059909827503156838675439376958873904084749255415239977956185613923517339605797771585234946831736409 0.2237937810846692456072812006929865100416434249759308259111675661775157068286053822557878650956014064
-0.86537124806829418958026089488131631732819144177785015794214408650696863171085996187772068877423218516 -1.0142123155898300767204643671029182336691433704432005942336650858909918653404561069734465022044340087 0.35936500688662782279073950087902506743702473547273594254921751131305986717722510890556706457695432883
-0.92868612451687568622427975845486054466430206344505055524802508907863813095768509375592813912277648911 -0.76935649142353944811917415359749822354343291314823135108680242228251579584104503359462805574713831226 0.13002268439987313933161294629172019573484957956823000024674997938306117651968093179260683013578060479
-0.3538061582366455573979589005849495580915479242111560192313385370493286447715622908457012180923722109 1.5124057520213284847491221858835175113937336532093547729256689080861241257729073934762577123683805018 0.015447787113445137397637297052993632249012421300020665261257900107509001618427811603290246135042617289
-0.4324700625433146816830445007939021634150817605146922320985092924317252415073899228198332142399863024 0.51726429553231409257780254809186378819205061348598866919818447646470272311860828538117920514543075869 0.14852071136139552063730674379680651293957168136677182811953376690937234099470716052640087123147355358
0.7593175229002752475733903073212359496989183119698560309381694490413297067638673542016999041730460103 1.3081454909935902147977353053435574923690159124432519884462619110619751188067357319225964963574247522 0.013833089936233230253198417698703132534897323107075319029690066888805341121455721881000399967173178692
-0.0011482177982674277715421436905547394442939456227216309520575074755386341118970782191517468990690848274 -0.19106064033300344674610909465810501595426964597139373774630725103078154791169630380971075396404052246 0.22607341405785471182990080733635596482928886544190429896391105177442290369729488928124013815731344394
-0.69323977566140801857225944860069104735693187552586601324686429997017393337086903253041928854081743868 -0.19117274581570594860382403824207733259376468782975648279220391030594882401463072840318302510047223869 0.31788703969381522411381885461255585969876770714432685334681486568588006282569056552977563179029075502
-1.6123286514994739070179698184952831072970724509965453274169142117480376843284926680094018408873381516 0.66261947957051295984076139958501179564972795472257796715510654893059743565785740257215343722330448961 0.31948553420265898580035215048404524676288090293078470291957681497290599846600755900292074817884675037
