0.36323182497294296347567101998355139051588966504552864077646773093406651908693585046187733660206007194 -0.15185557408606896614493490650196362717909088414988964562319044716974566023981653979300386553638656213 0.25423233370448129602107115175040095369997849545277717579715779316396617768079099817701890242083665302
0.47878010634640343492792462501877119859952825448164225877582258385640532399637031847816661146988595951 0.97610987372042139321384875543317000856300208815526354858437347794643014313588143347378254925567974858 0.23518556198508297868195976903952529962076215369238741720368329986143771395427759818645096994867648424
0.056865945911687042855897956434336693770425478328126732755376764023926654224925201315069842243031126096 -0.0033936860407191589669291343042341215233631460574080652126574404288257772857142416671310198454331963456 0.014101115116800138693541884512818100545158450157950123504011178820370726607715979105845698598912413781
-1.1990285215200968041933695924047437422361498282337329585864402607589687247029786851764019831742205919 1.4460662273301002256752320132562225391522291941881075744760092458995699913867335478149379043660515972 0.20684231812590646770492752721339208075004927787650727351874668541963970539549422837498340038367947062
0.51078620500188217354197678574971808145088253648964964451186626203788400367025818747823324491238475298 -0.74418157508464443803184005403344804221730009766897443510882566048094590212675890137207957220565984113 0.30263635276351106715330870407216529917363820980009047137044915073198452468353904711157645265422360583
0.28785382234787319751822017581767561956907437603184803264715879952359547824218047809140120418158228099 -0.025304093278947088582670251070209963308250265156658284044624968744255287188963813567564903936563742594 0.16469030871772630822949245252459872918240543421120369261724795816799340940525346874325119948311632526
0.27488402639755889857862987272483196078650894838604386663888587237343032617061202942911742205222792873 -0.54795262762125034312717121151326384984334811479973745553117822755980072127694606779131733156690102897 0.25005863202898263610947528508080623348766073860157605835223648508295025914072492098038839871389492182
0.053245149871920491896604566469457713378061482833107276108267205333175531437526194329553219502903934601 -0.85432046289057393947235353425320889903039915527256370631095677871857769985280108980364812828007674972 0.26091923843210092496244369704835292998327676309744501084428632194053358388459551997651487551351155021
-1.2898332774516337073970101372807190790944010341434169202490442775586210666579163076832437321763747838 0.76720393451307494076151984593497415291384238346497119442326669185410187730913864159166343333383548702 0.048017701113915618137725899440190557394830749529552454415134784556752756094568730935911217149774581473
-0.5073218742209388035698105573658135061808833103448641287677235482061164623840431839969570566234329811 0.89042677766954127654070402499790504639370909809945749425127329616886255516434931981905940097412669679 0.39745893101173254328419339764082011824159183557184060317013581026586464873873659525012946774298679738
1.6553989281790663248922520534498743272450607277476191452539847268171956455601042832347284672378822432 0.72332254315995992433273765870027661039092228452134994863912054456959886286060814735809130509739073493 0.016266044640734479979282850002686992061618228447273579456467775066068204085067509399849749306510964688
-0.6458462009534936054828391797943693135827522479847112755358533065692518312088511875626106134240704338 -0.63054011556318399519443383781993326341039775807214333822043797955895116160725232086520506769860267786 0.31671587508450805215169842920437093539378513198684440544049710578922394792567414753867669754806979793
-1.3094456615232318770599597480128431639099078014479236614558774990975958665983003952181807764316274946 0.53722931252211287274355364170601853568611624816603714808212935499880132069985466487556294171206638628 0.31997215036572396289778785326780003670447032144952127169815877502060654253531789298036030895007470337
-0.16183690769654789563701816152565426938220207546887181370484515574715401078674728429682586979272800182 0.097513881760436625324533086234590994651109299167862133286043747413298890718871827884397378215803693191 0.21472375036524499398860452273302878785987941613057153062197610139009574956350979039909713456410068873
-0.14713897087836024658856193866463548988233629142622082661988565652460305562867620013963371690752327089 0.67054899411604768512761812094329236582076357445013558500518541807787441421013620574323695098366741466 0.33984286735588633588380271401584831092337827105152553136220164952054743683323458355586840602158425788
-1.0998349952409996640084295248241601996704005882755046079091906349499051056300525368826336903163577435 0.65849931108142015530814100159488578424404411285235015710087639666171894462352132434526148729040365022 0.12614140109182130412755061345685739340141000886288676188671027607060769901142864913855466511557201951
0.2494554587404764532691060762575566927361967813212563043530475424966747298779288728233310376249234814 -0.12884725650471786708653613584639736676894330612865361688600455277958065789418867047158966847533881053 0.17532216686383700270653550842637166644424784849658934596080664322576680481822228281595681512848839976
-0.16980196501657242980349232443901262273919153674584097655190227445565401599765870893388313633507981417 1.4352638435411693469337886247948020335178250722865303855830699002752503219357715820040835406187749256 0.015939888803018425399179497450228423806082729393474402008965646260357871305136738419845445264743583954
0.44383018237535657685501949192127714720465645007451270210799784676411685657156130300871059758217128943 0.16495174842680956148190781927205677810967349736537662156207974638122947891721310106837048997556948996 0.40659317514717660267945891691200527835718199561492850051596731633918654123134593178636476881770921493
-0.083028600310565727005134578854789841077012765074351752499566383225623064477797819405031743771806623817 0.058669772890539689134432107865915393119267177596473420528033111070717773512269610197103072843851563759 0.23783406957005732221119621529210604307899704227151238598067784326555027318243164769282499357703742236
0.52972037374235712886839286475416692733432793271773582434875462417841835905491275537864010808014164496 -0.40235479553046848490591219570889408291238358929292973105247645523414359832950165140949194854876307878 0.33788868962976221848386163053688222024359426310438035666240597445520747299388929557819484987411391879
-1.6800028625819928428058097979511285872963446216048479678455036311200934419567424463021903968007905008 -0.13150681001412291465058739969038237012277473986274234471376136243670645636348752232156261500666646654 0.066206316856907750413776472615603782171740699084327788944999727532593683049244905735790823326923172561
-0.91054506498436581467282712198508025419403334482545002145209369063098122513602086430513410413575500457 -0.028588119956158787170383076874219061557300624700658927596578534855746044264853129294628216985593768579 0.19788271875467583675839145970533397631429582297265929697714857072074266395703174600320893272132035457
0.14208066100633711278659126569941180547147460965554854387340559744449089927907559065924918413532244181 0.58269824158788431837510509856502678938375315473103261219806564884512429333045856802902700047056642979 0.15794893637712406468524401481316182197068429555217534541798010879339788616380540630347584162298611408
1.8678659009717276546738910468427315596053056914823554169267375709430322897950403909254001207209303115 -0.25967701686040483311898766547329162606719993870757020200334518703426225514238101856406791448077815857 0.22360713494473668059378794891120474939077285720222362617898887257552020830035664307666074499655885152
0.86908846137297213932875660883697402285963734529929222772020739281681713208629966815173763613966343828 -0.30424113345879855790433144340356535234352223355198845968515185180576746327385298800194962493683150787 0.28382167125784738117386542971534486642842581469698925567898472664882759624215291052361028329459470591
0.19415447451406483385242339152801837486751163866173834324338606762481413294898181637625809469225232687 0.087437251356771180813743580338169022077908893271477281717914243694314427375146394158154010011904131239 0.26003612588642556902620460135831176563441526569031820628541295699105180952351537900689260697760464849
-0.52988338834593523946681440464319628579705312286639600098023350418677136671682625257845596599229587521 0.99855459013817117677774299450509860638327344098000011073410628851183560230763308427568090980536552039 0.37980362321112218752372998529828526979950666236853305093984240313040341050461432199391885287050121168
0.28983565616328638840856659742490011388040497222360032662505880222707733012586678666218285588404581513 0.33513010520676036003719400432654145110077727429590910313341884986131261943978649989585698877466201215 0.12447059335979801564825677586074355732801374164912404163309405487442624252191314872559743858951422329
-0.056685658509280844952234824273393601278706483321778519574040135532461295434055379494704969231620967915 0.041381769092437795677539704254446432775040350641683792332592048668319814115459152136861579390163122779 0.13776931861842629576596501021354027402228235117039957482790523666839624077981523005787075028115749259
