-0.18765933691814054149426998924446687796129034251623013769879278728090818274902835798363675440221888964 0.57192734264377574088868708925604526373137076168439372902698243292676418556326727181232035748578085226 0.37239592252987967943944807188729790821724296511901117661060288480058156897535515360308022486393994928
1.4589358615231002592766577986276556574092197711771206073439264940460304644841755133690229658794041064 0.24814701379059024929031845137040300810109141167258744689385625903282678019983341608645331159791022795 0.1380879059595152888903866688852254067082015672279609720731512069479789549546644483522453528784578974
0.23211217963316831758618599614839257931304212040586644821791902995876966004440080538997180087473528108 -0.21420842478864839146869893954890493001646307508225803604555737403772625962277785103737467736026227268 0.30235520757233660712198822093907290255452236550321644658508821548070138418200142392496670541160377161
0.79840376087060213225737234782942392120044410039868140715428967754251653213198415379919335083374262465 -1.3900807063374833671464244959489580598247669208102201193863007756073045090879681360968919010226778884 0.22100144155381996633700099238828322619357302457878452517213505382797832257834196067084952636037852122
-0.886861379194550664066296815345669379203727474306200389521676138448044755362098867117022066366471582 -0.51432021770685470385588287830370644549765621169081743543687013773323728777986328547059536250920864632 0.24425682946308350336636334350023214780947605681542514516679808546404995958506026771247617489258776732
-0.059547921623088739496290342577804914211173101771436184030162493295170815337305598731322704577596445224 0.78528841828644445385933563339665901725370568822629511149206422417933713708585535429161179462842044684 0.040165105150591171089211237207863858208918335877516661950770572552528685361851547970054254105583895825
0.95283456743852398719292374061876029567209017778714848938309590779359012747812002992287503304493969503 -0.49913104250361243113675228444721310647580868907893671673609133726833358989687860149249004494676223701 0.034684687676876830664081424211341684317193005571066906307085651890973335286498603182458080100713861713
-0.46617690841242775055869065299099480395288665280794939657427358098461727798580317269174632156250779452 0.39936280531765838304991887904334078056329094210324973889376086863886550593193030175514078332408324785 0.10905740634127569334669916884527892551278898285785231694753109113264754794846462758017721471224962411
-0.028167520534657418047866198285515134900772832748374531377967044736824798340710420314375032839726105675 -0.034872270520338604244670170769705089602583529770059181034193229699510769148452589093101446839327194452 0.17510121742098762854932484147381593871649669558493975830732346262465359461370245410247934116955171085
-1.5245015041512512243084676593170526439839496275851661228078096802374126177768218934633368427991699076 -0.23088213944119553291206359344525671020599100871180032838940298820773450806938608438382331570252205182 0.16056485549020995236066169666517736056046740926459827356928271096737369057672089229636696100069337528
-0.46276726735647412414054161865189692024550923059066959578376048304698620347749091927321311536028201097 0.78984462257641198794447126801406491345763716794081384863931171149098319502412701983840987237653999826 0.27621730037845833314988523385983342933230872134886408621104806834619741135086928284951599501035669453
0.13883274933012372933995253242176492836035290122527183804905598516951413186156215066936749258086289779 -1.7242130988251545533198109972824771681685277334254614576912698013641471974558389518053257919563154833 0.045720499163220430019169796165844091065536581807130402740866898632777369996746463814192414115483048695
-1.282838932064367516239355479026045006471502107352100064386874304415212349462791652513759577703573986 1.0950188259777653832983139756944705480081662279877799812900732460660697266350630314169388053496684818 0.30839856208855227536861468730907740377223359830333047275166370218289175603524776185465638182576916661
-0.64996963441223474109987613242620493724072245367318322477416468385765451176409335299997066467337929011 -1.0281845580353228467925390076414339337417871746043710054464160765467295560581360091470563985372029506 0.081228653267696009375607505942121500321850181147152415000287337105781058990252233735657825275676417914
-0.075463691694236801526452532987003759263280569194946674951170551211535375727850615741338058978915894736 0.18261650713485554341675536946541531472387624641988873970924651980967134378143429517081812691476651876 0.01301795925346753663633674317396414001861415990634957726260570757180824579344278758626765855293472232
1.2773402924766797468509407544136778574232665294394683658171253445097303383999286628208445098226363175 -1.0899988854635334613551354126857112444016555058804553923517097034625037806159216430563696558534633749 0.27600182880846652583160583126058684908577515896323186616385422278823156313663934702377852604703230825
-0.16963601627479480746879621482064333698100783194112870115753465591873568805646600846490896302970060121 -0.1994772656085207323091937351100944594199397037136470434449455689233677031410373845741746151441230118 0.30135384233173905249103621860514198422026535576521753535200340486160860198613479385943235896391019934
-0.098641380296848536568026969682422947144160156059201667890873006968148254547631046393911401265655328607 0.74951118967515664929224332225473415696130348213134133376276477017415552260098703905388522862290823055 0.10398202676508126604608426720757696788444187136874415152782723247180976872389878150324269199969133064
-1.1683325304192034771693195240552745181161752413170374922629172606832864139595747038691116795580904557 -0.655990034617360518914949326815386315929560839385322355816095550111034075412307954045337804399537217 0.053644853463691832265905466728424398962488745159975995475659650868786836819705939431441024214998839634
0.43766662164432847426271728636968394654955922822613981431134142901809288252900628686177994391832002141 -0.16368377635263931102090438552191198031857954812614581299965577188401794582406238176733527583712237856 0.30032908473826014980021962777765921352533781181248698951815742039648959768347513471733383499795293964
-0.6595436430201002410216034942775703953550858121623132661188610958319698420239640055089162771677880894 -0.53159236048220140699905561124292182157137885742026978802428530093690744590291849499914873377676407973 0.20235076534652524546983828842000013380803545433176482010954129780836489889658114436872014706614881089
-0.47872054335181885860328096770796790205457941991168724668298939039930344354301615296996971013104165805 0.78320378535212622964339802592129061920362099562226463230708130699250352038546417618253540853348068598 0.41769614110129358955802819647223892612000882139703902958181874903038476327646384624916516476844896723
0.09491412555447618532753512418319640903600035649912108618616062128827319153356962752341245609247134296 -0.15443947351649689623031526781234856421381935466587198332687849742443863201650141748450637321013315521 0.25799369976583138468752938430805905896774393291951617773531676964220432482549524353978032471765890514
1.193574563381977702156192554963878056292750527973716614243802731352088186754914613882004992247501314 0.66630192065586440314979405899809225642189409413117826825160334044559380366836197625944352183662687471 0.092193873009740408125532948761348072745329678554580425175364405583937610918761912945657563873611439959
0.24183739682873696148769983016985191661523807131598034036698537838745719418378024004837315489892127277 0.22801530185479332792637678521222333239340659000239385926527896131902109721738632505520527990117599227 0.1450616343326001660873237488275174958269805919130854520564197914014139298120140455222297042031239244
-0.1726963079009883669300143093180339727592307984887095029556650635262803455941456448982228821618085149 0.71533360724472320896762200663290455165873994569016810305732789636378081421101300160053958716657089337 0.31626869112549747475432455042577231302975616187997047722139891918821193219919693721243916476089037497
-0.15004953607468525913397536047082137737059589216914828127629428093330717886474094242269775739068523854 1.1402186136147812335742808111114810239616761838440301671603271065217369317019132330688992596846678304 0.32236325517131283840691090193722164776016531372630790368425691127283102808271862304582164380451230071
-0.50445634021182841574385883659660205580270641846086660880930129497953141530613303119782157907761589953 0.09344151425220127268966580301577879050131562483001181460160219834520721905697477337307363605174656929 0.36795680990307086997773214299030670489554003735771114143346785485744891232374782798907691955907505914
-1.1398701100240612197855178989955368221383692674868624334061628527023137282827277406114120506353671798 -0.249342879579984481620837423080232566619278929849598547784501214453990430235001786149254809230830642 0.10894781323520209089640434159342507594237792449844233086695408863504414923082364846689091595491249267
0.095226587347388958496901052478687538184034175529226327845005186675765769085713950679339117782544263193 0.99273288891710712540411314124995021140498783237976357731189729437927422866903586981606502022154195595 0.20131741180637865383158532685290562921988824678028653169075924560548539084330415992859685352074859632
