0.73528710299466278332459277157741781993482146444739528086611924647878396828130217694561645248247199237 -0.57035533828804611958830404224435344491252979622545886355077743979921409705838753182086140028703117126 0.24766741673203252474432556959327470610360424552809583222401732256783218193182300638874809861729228341
0.25448568145034370718685156226130287490271221209984281736679918039038597422388559375342967601963704402 -1.9534099036531129293259899306094904786883372303481205918411390454605714768297904420738996736188239807 0.011144524039923179342723917487144008105096613399360365881968370070557619757508511381319886100675068498
-0.58904599834827255803454963225967903387114730704627969861751411978064488886520210968840344165141647972 1.1637305546407821432763806909475916359328855678236418376663967079126425143289526575034148146612760331 0.14075080252652322317929196967180124547212912484919429786727679612335085157923121390560344283793480478
0.77294019273611712005247810204756026837116261124592050244146604467536039625285687075542819035960052894 -0.053439390436557638406445502189105761734959799443519952487804711271824510234643718913282428367898722475 0.045142924966673282700202810699886208077215107813013038094992040897790690428354656160045629850846377939
0.029036723684013307029578572714876813190529055210134717145478723302617267611966910101520858112600810835 -0.075514697916184297174354384152963574001525592830044407111348701342021528193181863101983822171578335031 0.17037353178007897546417110557036514085912810767797043778402764928344498169674286794716377551284607855
0.5354369133910275697030118746110265706878948850656771566511160332837526422571912113535346683803160532 1.0731327960454088398909440552495564084655384309628995472032079775411897248373411606446268735849448792 0.086047058117246249348059856122425008804800681085133946672107468535506976195324152364911840011573860739
1.0456302133554236679678230618133088945110095668496438868786391765425518778112363175984120305499237944 -0.91199807173581104409181971921294751759049501236753298498612168820044629340855071396832208292146352497 0.11234702208066301316207561634528931298006279659733017396777614972315322956781697656986751874664182731
-0.52668546111833934058087172996163582319141964325145660041431044445369286459157527745760662803382255133 -1.8831258155667642821913492915711425991442310728263705533537350257243786314846000284777749083411693376 0.070673811368928640963838202909296195360252568242306551504350509806364276171928706820283827302669711622
0.10322831907227646918303448658036880509954570675165453219136170103293083529690610227540661730425024146 1.2268865313018901183136018739729223858279890413103232315390456717151159602131748232891583529166492188 0.34838858955410515914658670255407708568302711154527628743834222587920321833664702280941172470191923354
1.6384243814457669624723211761135952443527929417270563256130576332843372863554595109584378341644447486 -1.1404895233212512360955176356722419025476371120383762559843682431116369460047498796237867436551999553 0.34365651333703659520635748290882876701069511564901990000401766822770582768037325095441951266905764328
0.51217362742930327629394762364271534829510087352340870963913575348632605735976585881368390502035045677 0.70341281961088928338865158845546879723602920025451751610166230880028131084438112723434357318323699653 0.28018111553147461329176911492885297297763873226807133620137118076038555036312496275255857097557700058
-0.61244826389002012937669304424054179419352402918416358783964196632491808891703244290999612424670714697 -1.1788012628859711357015354667970907429782729162120847050592534167908854733878134048289520836132053334 0.1617585585668635127016540061097744558601686843891932697120890268450910958151357635606552161444201404
1.5596412705213912145458236751833284069928966744844667360963213815513981925741626985733109864637177758 0.82675093935695763785480819230996911762857591061047085814704845646246644663429556598523453943642163695 0.38210911177297845443369412113404878914235639828315174480656893190745113615529651688721057177609170549
0.35020328318088449254199275979161237065493613154718241734932402520584745067637944625268622195114423015 -0.34465464602607629743613510894817853153471521351982915734219565217075272385283308307879474671458835193 0.2268920027177707296802699685739392593103247184647372849587231255738362870633492605530227158858128436
-1.3297649822793759483266152414497912601890928679745555898589937119651008713236916523697940579885240358 1.3670698866355848357118944403001345267513842199378307998076411254781120052826777104012518186298410388 0.36322387540173253127036174367405669824932374582731742773973586087191847281878056784232602469028000168
-0.68343516303034338216568966472877636445445524616141137782949454521331904194904790028109112490975809491 0.90009994301793698577486215768029624388478815862127817904362473390730023946373117358789845297279730871 0.021060727317320565539956879275801652882936602630889760876301460006967824210070575227240059034847606919
-1.1910618878795261965665257618414517408838341992698474335921718627050135662710505376343556069509922986 -0.49553696435752190413942264025021091022914201964958916366837029590038495631137229467858132414075467121 0.37188689568358981632452498760471745477190212614038487003295782756355988576027990120254637316333678776
-1.7558098910665438676518058069580690568634343746924077646648875378896178866632453818513320996013605984 -0.84226692533744171895669577264547507722734402160741541756041156711749783848426114828938934109962899492 0.089102617069750036312010768575334822439795119898164899155785762076429508137607651766837858437518982983
-0.57616267794281883648729210630042260121351013266632824782268523330293516842090978744741415268167390409 -0.031219146919587148990309737351575130143101341717946247315215230022858331170758246294430128459016963405 0.082081440298079853753931229158587639577727438348118502265739309291222668560229025510141862064120238559
0.26738877811983389891164175050472811391462191690063165584042598887832860922780229249924792507962747172 0.010591574796652195646643238654643003945542345516925312549340475813818334180596634469803416069348345401 0.051815263925806790206413856130811799620946532908581731008893102554378982399664072204275789046874455952
0.69582678892990485133595188424502264676150766168969171770053377559554288551154460493011671692651244071 0.15803492336186994647312646993577680851361467014507208337336297358874556737130889526137074479211580547 0.12890538135819164161800520109841361352011420610265496217566588568448546106969391892840181653293169005
1.1815315812239796285046073740173280936575797620041311559664656120652537092121762527257060460457279783 0.74951170396744032671966244897458571235472622005118332106255058532261513653238154959983965098094349027 0.17864791427399738252571584437516565756128256714261295813480595967917609323947411183854048864836267809
-0.020092175595897889969112078335951949067598402738927837883870839984088666953824542306109505468196002453 -0.066153403368678346656734505685085183781148832715263792124302749888448734828762307936142089058165822236 0.34709430683220843308941499214608048637631586421171794932771777067585678090462676820532518617542254904
-0.16425690517779951036136000454199151305470981945838239271628408133720704610004733573031050186409988397 -0.92879554801742430001801639671182701234703516139201022391455260476464990229957976432501836590943525767 0.20850415212733075035690230972278491806238975679549641649911302054434745614584092345552612171425848627
0.098358782352175066438282913411675742131365537548721139108690300806091943789667287749663712952791429665 -0.60600003199689416340474690261032097002782669193486211532394265170464886250275450994971139968555499276 0.40426155522074921558632726609778950086340431907807261942210690408141755812266943447361887115354838953
0.85941639632858770484816679935523197138259740897494379284324685712481957352265669240397566750880373658 -1.1927169576965608839736532953887946226446110303683046956147519679742797501731242665448682948502174039 0.36196964889001047138018404045299290770837852230171219726757344177937837609155511174450851540560898853
-0.75749771708210195634128393019204475331392032523059679298873032786085040445499497700238041650029075466 -0.52618576812531225565134407757700543955827205878830253370429573623140303837646817355461901586126023724 0.39024342481600481214796634845960356744829910950031307904000170867010783280873432228793736748737515899
0.29152361169360724292343922356138274843973502141381456423640088003784924691108743662179323231730437206 0.82856719732354483927957628433502145975255382400022916859565392601010976748762699759683769883698163059 0.28272867185847125074707573873985986600938533901600426225555520145886225651336521592142258582029669373
0.44081234305820075366742801500704916408049769669467098820640603960681988511460167288608882001714271665 -1.1137892411272052253550185281439266215576938196870629804979193014382779592690999511802015040878637446 0.35705062260568533680431602815311623390915731449638995119824919144871252191677825313892584979576795947
-0.92802079572630715358524490861912615881535620094830269865479179099079496813537160411009894530854781299 1.1889758393142384297610845708831620192909868827919314734836949923575778492185313191461364135453773109 0.23992354099758351690908468688003677649823126741467977788542404630916274889250985717205222145249818408
