1.857830228076095756953512389693530221519259443781748073456871139267640903653794420157766682680958621 -0.36035161362490587925485585629437163992655575668682232280559255622093492374283012469612612528797751877 0.24224574834118808124075031842705831402859861974814627216698962055694892768730573984019635408746950312
0.55729109430880916173770455848165470233083580446215905479152961175659780992378064967110220959510166067 0.029054667369283325730725850038777755929866714747565794632608203575869583791981063627453987463399909039 0.30958590716850964908411219975747818404674009851996529165282000589178311428708194872053367018610586377
-1.0080093454601681744703905078480911307242457406528889354268426791415653339176569522073416642637803765 -0.073129524105736134174867915955895528176285879871002694141338837049648749170180636980815854189547258753 0.1273117503392678294789979501124717208420542621783201826712949348581331199619003729061472567127511301
-0.00076577902446844874234679026138007096862898910044934752464929510360192834665519377054740812497411039441 0.37367853621063953197214619165893740813285314386585789703890637069920793901598848742503861553016253763 0.23762908443948749304162365394311694585339557043480083466680655041426839276820749501690390804027202615
0.39679154653406529365942728906872574450793986158029790589868527326173706986319455992709675315628919968 0.13864409787123563315293401849123944214020937842522111543303632668681095400830297022228268398237243872 0.22493795516256045736167145079564125438167509291149308437733952853782968225209591562808854499406105543
-0.37516509135490196023919908858238924125302901160070404024420018344080529167548898192326334646163040334 -0.50847920540615163612495450308345479632499372910339672731780867275107112912572544151985078475386307269 0.22302426648028776364094203312373599954878598944680344994306824187666558395500763922004522719453390408
-0.64010536863100271025687361490410396276558455701076799368248245840610573339021684938225538106033306701 0.90898464634448446852927060738393008409284791858900000628336639612272283134438835158570398861414952292 0.3159317235451916026876648486957914824776228326090149860289646835277806692255925344145325066214056378
-0.49004634675606381847282182091818160409064893259939228279022709364544401666159599159102941541316545649 1.4829132801468661445622838152102621404868607782230164564225403409286329309146493850912491259811822379 0.084693471425756481247461785922415355902338704119624217838947292092070827956490331170983798544528475759
0.076415058191206014230090814132180373708600533013030124188914013353498295537063851229098972253892163893 1.5039335522339814338837997856851654986908382067198385097086551514625114947866833334186529510894806861 0.029626315672886301493917043697806311094443920675372363373743822234709965924300633381940647769201941589
-0.19424303326807832987300967513006184219548282350792958486488478616582351650003165332470691242811587108 0.68058033506418172148917141645605104852655695066312002746333018354846328351550126524259332004873478758 0.040289255973430443405981222472842303947770083529429255909719358280039631774875731967354984795849134743
1.6376155281373870210226518428031567292255151240822254946121742799523818461504779752548724528135591451 -0.5162846662854636838314667525735666701011549225925097980354101880728025578786477886214018060066685875 0.13308557209964956488660873522168491026725066161148694651517171302090975756603701841421311094449460403
-1.1755075843393191631583556577399206926939501203627166487174961028268630397554857570427620318796171413 1.2207484429478894097466302079273043245234238825109589176174105595977593404774498165716352281386692417 0.26601803652064232669994755601843732195541749899268082377674477641194621690339314395199519801244967641
0.47382030240381530536137267861207822233565537838723623813965763763667884829111800851698819516709977862 -1.2318033774972567894298595285683676635851216006240314062356461644726933843312416460180159688662047925 0.23964321624091149207911940083562574258078677726692884954918809377371454740464296343347655372909597379
0.43004696372382325336293140363432132323229177204405044751604759930822585290282874829304438584212182758 -0.017429949954569997271642849145906119814003165847685810221479395922497548210543197370508261911620728687 0.22111222839443875798373433603946990412703764713788563449207347716063909398494687414965625297450726229
0.87337207359386999038705735945893666201411791685940712138520408423343834824567778336294772623639909828 0.092406800571889795111980935920708594864358103604176538128661769558623362898184529232270049831735952461 0.37350526319648172243224071325690352365136558212041475149977163882204000019495668088359236954593568956
-1.0606941626017886614735238544261091067089057292734518842541900334580620089632627824982733637516314833 -0.57153734657962357917484178992358824044145311439445741377743121739788947930107715342052499599123242235 0.023678685305373634404769336750037733273714610199480189425629553582422071044582149035120022077555705753
0.1885796373229822919539979739181559671536541797231517403697450510440026954884667681550593683661082474 0.076634271676137973998237435196966868662870592068611033748100840923925554334597468168056931544653608636 0.17695486174014435279486460845436353141053189288178874159723449439166977900521872587809274254513413262
0.11405923473480803122184544071552905957794833229429526046164068386364349268041355753323544666237940003 -1.0540622059930956390187458414097338368763832926800351801173649019796869581359888956307833657124669426 0.25752656156204256736321889883666851977164835299077441009195126228262447547046367144466569878246212533
-1.2583982661464099800469648151609800346044778993851337710258709727602806430084359924739810172321502549 1.0664593307984709198100422991620474413753152954836151633895537529542652141396782633311775601411537417 0.34682430563836065126901311073323598565084995027055789834192586528766251111759092826523362044772347221
1.0096688304068301598032386888912181673233899949534246826876983257188565772062899348009536190517189892 -1.1033925066290911137069897322455962361063209246297909634569270017156192893334454428234708401614567214 0.14354452013092987836684065574361837280033699691435175571245229032826854896107956975058197244613494644
-0.095074828049442141326695768526427687065456944494146599562332346429694727577197554624372741655301974932 0.11084977301442942442470277265229014847296527998231042484985854653285962893692994547666207013566474132 0.034647802484955718615048755661408204113108018452020531336609282907661047608161654926249049612014914699
-0.3944904140134187474830463340975938578967223376853165078316500610700263413084370163590424941505425998 0.63525575014561535908570105546173696025777922001487091705964591666014977474478230820285484009545272191 0.052533045400850591658879178623083707984007237417375712431227166560070288928119480942777662564349123069
-0.18924685883748653096376765859446815341603175283124724150749736772135754101434036371098687131581508867 -0.95700458117121677219594462057032343483598995470721760420856471984526494471083539835639414495189997961 0.20887901458159174208065381874443789920819958118328488672002816655975113000323151489220677593984476478
-0.11622978028937281600969476877950953347607025991465832766505570078764260737222057900767988731918256232 1.5074659954027792290185041402630940472956943530649330523749870879577416889941871482615216510304215618 0.23816954121349971324952902369913977178357401171194155236209813707083995386125184052705065779502728635
-0.5365131738659500880547537343279345261129651937001780045724269742828616952860419423267372871379743997 -0.024881895206770814886918872119210559536305240632240816930525551767933950912047258583329666679454078564 0.27960708868473952948380624760643032526502976327478448178070707656258757623446177799929403830757664387
-1.6635213782523142539364587102529545463610756885370617646256903328259712639100747634545647459412043356 -0.42802953550772461806117835284432708762677065809862952721056932328238977798049128314885877303999541234 0.23876074922307659497074738907857974578882919915645151370250962732158299761922363109106437982981797188
0.11202501406433660611669254470727483273236620297379066756582627361546909565905511889427919931619667104 0.07918234512145793746696386816751342561199444376584980782084256556627601569821759649029967871561784983 0.13148712328708590397434296207058710377636672376290716296970772565665384580477634790892550547516912702
-0.57819238670740607834803956384660767092066530161263917847471278785559613356795646283759197138337169328 -0.46640636275934770261466216012766716891823404888510279963053379865607094907612965446909057613546583405 0.21548358445476333017616659223046223550890233584395000841030021473214648033656374871064311809058846601
0.16747824715267159202111035431099891663990956982790205621860207773241041567622072304678329986163661053 -0.45867394111999084592265131245951504200253967815473341018966876351437562091899324057631788908202781999 0.18445851355290124018041727430422520425770570828564143771732840353006537155987394292550801183741527821
1.7787457125343822659291162028624549714806784392173899485984128965605797252572119248186437697041788741 -0.1087780599486102407320880751629060816792868624199370232123544602111849549257009299281522242027257581 0.022973085369408508995985850251647049306235119469851088040374581324080789993635202153258209589798819885
