-1.4067646334770240760636890039175874519430606721327678777264981524989714504556628151607374286477587387 -0.65244746576964096831764091972881642959396939319379105035598575231763903175693529579265548872458153659 0.0031685709264208880390752180186216351876906188955623044851893156817189437652600033578751866074745790924
1.5598661329647095011309322572531494123780103374094390540182716952526232437758592519564941015512430511 0.33578625050938291956849637700910252722337132122226724409541227950004256695965914864263546615479601813 0.16298152204098889102868500765316632207908457554395270973991321013473986588097929835766650819663543257
0.38826953242832789070978756268271550839331885122481657125059799532075465618896246511583706919665920098 -0.20240653552304928005879326342656340806480109384033112108141368875843170686218608375400968318372523809 0.17684856328861143213566285016874336704364141059722360081461678712165663086603315833852540171464650055
0.042291900921485573193489381575348956459571203682125786558186257645230654602687926957827731420859923271 0.085311793450809710924080643975297508019752181064124210536207154897906339032138505114421458758192581616 0.0057551403250542718545179455941157974861891924075611032320791851114064211719131874891416946732675345871
-0.19777839120780000647399748832696233265039162125678209074250964718063439188214316589306933901955705633 -0.6323029523269235169350747853426198157696805508515310558856042963346456525487868033424043418067576305 0.045329960694817986050507402723706949391046164426653570073725659632354715352079641253701751530805184704
-0.96748380946078809827345401665706148515240584046076238293884926567892089869762751373722199173751533811 -0.25740007567668589003200854727096197938091087200690681282862861706103122164241168199792801987444574401 0.11227044891476361304785554218046840452595506415333660247309031316326413071103275268428405743169556789
-0.74786359240762788301446434636348523223261503131782419234997344545621067431271635356274290358667284137 -0.46125197245972981164249209966234233055316339904760644417639952396622118790694014914428148110635898924 0.039450299489641236941820199406301706117547529430826470511115131545785116658599813287620687549410450879
0.047923005247466826084465998091790303527940406594023246538999655031146262605555011000468363391175141657 0.1189046812793367725143730370052034768694003416614225433894440359900572917722139809298800058907006888 0.39398701712862736945627093929233732234015210737631774013553478731782777440575297286888040297105874412
0.92851212069013473385455886277116201838897508388093098627476619632932735881736477169468192325208755849 0.81427972626495295944414349519316334461922609702762474256340248009204267798270550714088385849687943751 0.03502733528306789173382298324636727164903988959825765059011613339556924018592221506505749131074926236
-1.583886617883673231846177874120548005745275105780997343528664972732621076058120003430514284024523244 -0.23657076684330464264736472663908913188783409360015272991187325394502329296872091060364398983817444785 0.36013303800860689196506461941333625498749644081405322173324324956221013169418713367470077883769160941
-0.16174402305537617472280806127433984996952842822497940071379926763087215668083824614218348919566928739 -1.355485872256193369202112898978292481600742822117673557302796870374111420351820263361565761951361561 0.32684696265250566525919011735143325104990081974074915620079024624603041902846429066916722296666685498
-0.25811858303573769559630824284636633330861716513425660364123973259432775203942969409140667203405917803 -1.976926127419988305108642909637380284879464182464229241288836023292728558249770116974028810082410654 0.34637038480804507642389091792506489059988058214600772046477218162032789439338679795107442840180441147
0.18288309302329076210433442532518790072698281870055154329533939528020832256612431349397982513513816627 -0.40605444240049115939303492269007608558855326420923131819075992580360725070700519923618933874182728065 0.12981987591556061554081008825392101995049416376489611202747903981874251506714182235283782188831372833
-0.32500981593519918915038194444798894181902203983767592087582146543713079137565546094319716649303680261 1.4382077446978008116612789951596666941434815889241357216203226776088979643068894744237099484109659145 0.011868523800469708366966659919096670716239806109338110142857912982595686908458101503788810551767252388
-0.81639953968192418606859338078963936880338104938539927078476463752765039840144840515078410055590908994 -0.27828424814752802458176007130373030806135466702576866287114622903793457933668007300834480223348058881 0.12739144094539610238495783258885673313776011557047189236319001233172049137572115361836182649379385013
0.49601339819210274644372707715694195388613533429900399926852836564214713710096399075757612817007588444 1.8255044465930169916206984135311730921462012577372492693473982113113976285687616144699789064051437379 0.37533433808588306438912398984590499633380692195266090804560593937817543940646716818022815560908888147
-0.21248993193477076549948959052010150854270702476547537100829177141305611702878275463433284930434697532 0.89759065430307769453798017396967241208382677826375152113422262954513438417724911015768760414806385756 0.1815420740400883874825617907432307980779624269797359924692230919437808388602569287199419582181624849
0.6407478474943074527214959030033701719708253603286155903744475776754329783629535158449452698049871254 -1.4970571779485841455250139302777147804743616986679231222159541409511394159764262286380892578628686565 0.41773126399637168159234126893433025981908348303942036706396155597433921416336861886328317260042533948
0.47462218549116385833944823393674643084843908273575610002727332067901960262696935731580881755671792798 0.13167638558577024876404405178990435201155265946760573087002612406234400759444636600838084405599281091 0.0054564776290684009656859703969970468179605465948132872060085144339082486272273497323092152670193868024
0.44390974488728383543834438600723751046831126643624485864487684685356538570162225476227654035171960389 0.68120254969282436922977884004734684273380178722994757579341299592032665074774470110964525466978683268 0.055190226525820620252146680105162788604197001755025717567603574234071524321263549680588625952080636062
0.17024229582333462758398589663243434463542788365713138702313102765707570890103732686172251504891394517 0.069809293188475132473052944435235732136392574780960178951808795143348680626626801211835416750509055265 0.37774401076453201861707754866606769944324536168348588673976969940167535874431257258639367732053372062
-1.5375269591728916108578314820935464463278011959497480452199373177719245610909536417294733089524107197 -0.18496880285299757926909721673046830697935659623045265063344913913394800255455192960360754864934741166 0.050418232783146925463630115131453901587892774118928908157641850382596755297216064943032515880323509279
1.4896534024372370538731581933486888490655793791352486657066211433760225833082995945912044087704823503 0.33931165199295873621379740680683837218965889163412929182686163814778531102857182758502543628810917585 0.3052511127131289314890966713139517243134200492512346637563549603766387558988816368672424462981471558
-1.534093264775748388616039475098022236268542531722019474453704630306080617180742925101490223356020137 0.12944739379608340623068636885746249937054320808089473207890440327954900467496845356613742773471200259 0.38751372410665200966624021453537202646900702654765546512500382361992953768501404312224526826657493573
-0.57835841834861186297886654200315090314422187856325491869978558485301876914629509313819628934155183673 0.32249514428605142843901999725456043341418716143725410019925734719582428361682999382939932018326171868 0.1351284943984905460386957516912081343146709908381922901083949278403525095135902595225709961668922534
-0.78199236265315405184404158946420802009545351833463615879153851849841752598212682103380590800622603845 -1.6074904556583477946738803078370606888512216236597838922735929738942479413066193843364386432330880091 0.27722390141256542080632740329852082772818300429032803486461447983443614963484089454979885606374041755
-0.46928780584771259718649107317275056452038757279067473659585868895156267990180568926173695925196750214 0.66448232601179633835019488423739485354675710697799744897567029336445036714583806563925767558454089137 0.38911859565673965211733401022584943550413892410786294796285902375268827599483131239467858718478193627
0.34097426221539746630640113449179254938268817888905157985477721428876805692413815821018282970283027758 0.45760263661966920792371344364602629645566463589216320933028249708177436002014280237303892224648394297 0.26508907372276570262909774449812115227880527944219724925500565716538752103974941076600732028431015703
-0.42178216477094169342274271577115437920578000260410344559522791862095655984133406874137088726565743842 -0.21630059254631265329825087215214302940282194395078701784786270831090607146264453975082030098320195025 0.13309718939834163963532264293969537495775935738860658160147714936314123136596415946244133133559895334
1.3847067417974063347787248816256635925451530447245119517990095888731364167395132434248626668132583134 -0.11337409775558829007350804538367624891458258155485580099324059960693057539592729918482170993354813116 0.29116672022180568566797826967810956247828952401013372221499650747908521048828138694316404251332278525
