1.137936273655807644706363188007811861942600747171543198492550196549510453580223679393355662143506109 -0.29677489262399572275292725760565758224514921049275508980465043997391634500341839017750571842065343301 0.17093465086604806519476961303122807513924607316268943128760021308205766366329835542369402680890102339
-0.19026910971929702005966820609577361938391565496586419148968818858616367337984483641009014257828568896 -0.22633649189176863960072689767421108336421315426834024737428932920849014804833312548024793774369145096 0.16960582017683748184163230579271679322301148514692134873901290942871280787760656015361043538465556595
1.8102065496077472901063822529182520096897475301059906218185747181944902956632649340992793965348427729 0.31324365596337634415414451945303001158236326952833752119044425700286598172690034511554161443378123716 0.38406706594630265447897223724405491257792136389410993282836299742624488906690792612928972115262970813
1.5818401266515632771760134866293228335348711277632850463648329485056561463546557489898694390619869652 1.0757058488228785046798335402406387034922635337724378529856315016968192707938697478060556750915129507 0.31168385785510178237004907998042879344239769968146549782289051024719072391099068992405409147039383476
0.033708457414459251408126178318822505036890333527792812518963238540221788847976428066825111636916899434 0.72757338729232071096917050476001590046839271780816864038768349019031326699013319923397055721663653266 0.20848186486627247848950237534386759738096870354444202227317868154417165974954923168358608348622167172
-0.1616260194580471639508033265745541994896118048696981679803214614931776877089524215753000777815982823 0.48554565266860457377410010249234524493943603456390347824445755132930588487224197466881085750076383452 0.17731172215327888082127142564270792174947202093823122328044652386578787405412807945587656631944990743
0.12707993386527944014565140425167702808048607758714843901385191664054405077075033402397321892369803135 -0.61794392965171596061391384008137245300742458239507387983939541047421459229750249558071875559493909777 0.29212775053274439842454627573891314282652500920593168440998061375238225749447364296970465368940142355
0.39207002852365555978606863697041923533794423303303869584927920087110452945434501330656140866788185468 1.396020624098368426504382972331158128997561946240947370424950900517649231903730169550877792146399797 0.032716316509139233290937402442712086322421718275171333818485180230701274041087174590704815116424721595
-0.23456394805134339272328256313025567579600165155847671749182981588459094226672974773592733408921815236 -1.381937365067630549567364148539367518994758804934078173464915916562245551396064604065847365756796907 0.3643686440144087054096048852940894053343312107277515355984269434124311257494512557372533106171167149
0.62101588670900126631931630016865929995074095216956566144469190599375115324353844940945770446171009697 -0.49260547980347118508728971347869712071103730245170932527220894764890723697354871061529849905087717924 0.16283675890866786107453024349987441896492006772653039655790715408891327412172642791227602698983719103
0.32894943911009532105698744925772525004810225919489170601776080155076525577848195747531379936335070145 -0.020922434151815021413532922333754489674266213881942983923139195043272136542440495966538141576819996626 0.0149145587189886459438535352535244328760193668296133320623707965833985748671340808116626034771081693
-0.2301435698666825444698953318612570027946574123900027959732933037290933804126907055554990831765108145 0.034591713459161240185202901661037800277195142586096861852700532059254780194098631216602673773947898092 0.17373854868695547067211492843434536705450849359332780081915015724562593314565742018121086323667951908
0.0018459010068082422201310592462635966157471641771643790418389858101755330211909379552816021070946402143 0.037034872507534710326850439471886781064316890917180501554589296166419876604938451106918463430086188157 0.27998618392018755922658884573424239902033049315845585076925669897793223362038161077199182899461380057
-0.29978651953819099581073863421793870016349062735653270800874624314450893093715880227887113904880120607 -1.0566550700055876647815183170262892782701663631073239224353353261286214390091441300033181572644971651 0.31883246952824782455210088607619091244759320510411430519938695106026835746101862571074165170334697345
0.081277738187301266451675115415605167101119939303619366099503397339083418092687659780912877665969866593 -0.83358298414216720503011085437657321171946351696459870527122843530736818551410982714971731926491404157 0.093210836661961604166645279634773116465817506417326350180627264174406534160465368674285980836744841672
1.7639267283515393904171827431029913311098305009763084918541881484629592820668437696117483408441583885 0.48789500709486619515737632850535412674998550431811079025336413360783067006611638780607262084249529056 0.18657478171659609503572210717758246121508192486564944320764877329863860505390925778149780606042528568
1.3734800203807526036581038873464695397059090564870243609581001709160082108437497440769015001586505164 0.40017210136497734340349366941651018659452911971407282181175871937722957172754319811605193324666763209 0.15178027178670427974963480673799404974164616064486593691353066736077955308094524264973811280736577093
1.748199235366679920795241233266731266632008992796429980586726073259094276688709382546599718019318201 0.35303223209580922386695376440070067344390659292588649881364065941154009893717343338054825522026892379 0.066318906921977616283015237777508708555378282167209148229396176904763370128802571534582145582128386136
0.50919453552152110427072575908084311827861078065665061021559571333308623376315009918926545085590013188 -0.1516488819497874845429535401604977807630675337086398001512282353699469081066933713488871599070005231 0.25936368643886360878946114232604185398761468629261599838205503560038156846498878844647535704009604339
1.0837047220876109001146089400588026354877109040799207432064348743347590549801133165133739505797699215 0.31203121457298239221816571228348382073646650265546124580278048515484913570665234529601396380611975721 0.1124841751438989722161446833359150143055285993778019720788171577431222311620984877741097886191786608
-0.99936484920612952143692076257422230636433814914186171428533232941837065424048326837127482200321330543 0.66851823310391736342734457166856373799755036183072981046767970809011213797860067851130190713517227345 0.037646348538314152285453889391438214030292202847121544316542872874446811327193543629673509982082311571
0.024127264264183716488111390792322369096247073044905717794856839433862800973974587191992558533987653683 0.4534291396714931719536003711666352593210221812199463692571680515759120976796830341805344223662564873 0.40528049908615848494099391425056690263872404984084463726757453820268987078429265220040383484874385838
0.42330269311359716526384617476114410745430950500247304850810972546707588276673176804824133508336352609 -0.030572168532211523431061027960539810317272974283367758663574283886985583356533532829265196781228770485 0.36585824319824157206211072820284818721564511475111310862910794130504450282218203578585227717441322915
0.80584165897349953511481235450780560419274218421525795764867139087398998820703783782281668239879958497 -0.96643610416851368349918504904285951887992335330338632110459495948492795897799386132248862358903164755 0.39895884075641810748481278657397251010224125816339625260257189131498032364690862631324159980919169611
1.7215323232216046505809556022821231320470506443479557899851273251976848601338300687973548334751111107 -0.75997412244540283706605055778865260007687758608660395317914517688462119662921398671043436623421549621 0.062130526986514014376093749451708397202636355333513947000525776203555887362450227721572205362063214021
-0.34155159621923208599015348507446095505657740999576549890004706124100927843871122150286204039203832486 0.63375478408972059829811300266158327367697769018786017507321664016563833639590713860957417985684705536 0.1065843691599870791979531005757868716899165909615984190127578709544160387768653751855309711178745314
1.0778708465593734761534159303770457671989351472501150696497145165265349784257618267493361352598102468 -1.1436042514120522493027784399551307942493088459176534171790799277865644103646694329297321757972933048 0.35421407240409029521250756668712529725136604008933097475048952037279796063021180724654462782656348464
1.5786134034326663267010108412456688094651792901952593918915949551992495930477117600783706487099560677 1.2052883554613083811064793762586683626224563253757693791344189764878155955026454110480806081349548796 0.11829654035087434141332981840214112225997351917596185736404293228334918697994694716686128746462698516
1.4387680282879252026574460979944989482128384938367764852701412996197240724213523091433029969160403421 0.61615673210401323876443507653180141442445247416437933745816116871649060763644517231261273617066592525 0.31868335616922458463948443483876741235677926640379518914938504216903514484749644534368159582463207959
1.5759239864982560348368049072306712398726419701783616888141177850881896978420937249118505217241552482 0.9291736172280920288989109285707477686254968317239187955297581666129721667476624808169213021021875974 0.26941367320624976870052166204001835043748802040746611760644516099775163878538755767367988151726123097
