-0.14691080716056259822790589254901311416304338283401155231308765117943777175628282019242969034703976883 0.40488599110740394515470353320660023956970029923480984487749573134340354594336968756867835978328784755 0.02165380066685152668985389733300405557034016933537368713627168973518635477068522515869479885789903083
0.45789949899114570920788723105945281636409304185157594910136082484515096935540777453426081835193210253 1.7007156099276637247529709249221546261621863125170782751632152724486019759205101783524768166909930272 0.3604257344969080928054266367424496640663014343613471648717779846257377022260927163500271822485731108
-1.0342392851467660801477792777662547165059797245837870339392624563127489024879372864193439529616817611 -1.3991115323391644197894077838337238688997421249810593173903905106755447312127466741704273173192723324 0.23796646494973694530021555429648627980622874181336233107402936778957282563374881207927180705741570107
0.65632505604513538296702553553668286595517955243436802334683551164985755673442125487926624588196266717 0.46238745040392192906121677760902125612065287853830686921593625843872937779919694404098155564078892281 0.091098021767557567949354829811478040200605663879402739793801837169213952127087166790200169331369746172
0.054238913851386967444578959749218031316377687213208021810263952952508391274476467596021327503386849747 0.80551659790214019353366260980095580647475650278856339029371049307544146503782525535934602464691339827 0.33003047008143611669392926857603371940204648802127570620317655348138964386765636285357824581551203444
0.21120733410913318136668088161921008304670238992867999256355006434920042432023843270945862782220916031 0.19626889996849885797687433586081070092128894543726022477385667653540087604354931630746532885715191512 0.1307216044027782974767558954728071183944745568449943460435494758210926651940926700496824670676592211
0.051774492546080430330202645533598491895699692380885985718773402341012676097688639890627288692645344084 -0.37904930380268217390076031271538626218490255412222559679066433841914453233885208372543907076421951573 0.3470719190607506562873617399414819347727138428145831109533357147264210212033184912982296049720284024
1.0756950371200080563169003075133623479143457752273578288675439891467647097042400443232910525384073597 0.042134284167193570577536606494375285674480931366375924026385697880878630110208306973895854384138689901 0.13987744556229140965778243739637184762422469960130503210440832654389964055532215054832070141064756451
0.028418911779185157947505679555264187685728758097085634688550889072238069717214666219919595081568133135 -0.82935350057840543924806841801471027858605112669207896095925148059328662577353005264855677162749617597 0.015366723234316589679562310972548054750348697476265768226572703686471625156235414731725324840800737764
1.0292299387739266583625713339360402085544617436757268963611024509191877803249348059175619419723182882 -0.1135295778900750797241624595240396748505546088247449749254921890427514056904712090377458953504246263 0.17744082101602067236312301260993212286769498152899517437861863515236365481383545589277061255901150613
-0.90237690798941559068262279600285259855423409867779939365181660539463722128350998984295329844764891024 -0.69457145685287690215771549765935856557925749766295697312058716759633829113930878556956204336356670407 0.17548611480265289684817837987259359128115831627713203352290412944074175347910473944062161266677159355
0.0091738983657442111288877132149325129415631807570684792876683374540555564084664455772350610054742371787 0.18255838823803061007920021613753462946461242709979651942145204720143978536020144674203470677021535702 0.38789927849614393235143083956780232746372466696051317496173190990731713149293148462415531176810507465
-0.2376466076638409307000097530591553066631660901326953062333271716817081654275893509782654769642727251 0.54896745757636243356852790917883924358889067019997850847705443612594176445292799371479466901455196772 0.15351985069110371543060629001450721503612690199711958107295795478450844787666571605312318632643606974
0.012541670070504147599638132139831363910638513590408728104150228130584278745247722290883057840048899933 -0.032611939902736581745910128114150592105932517649903674050196570587983958834846615529374213288796469264 0.39947409577151084021587186205979715384060035129506241263879452826871431753754634715964251159236100433
-0.14534891106370306688498842840756056936674587326044282314207347184451905457564248271359987502348945332 -1.8851247563463390918023856129267547622510316473606460142029257579339827829292870821730382454159274619 0.12515863635095220906227083741820251535552458903186003291583480745527775126408760352378200036639292439
1.1581229465488557168307095125745363193324930583009072842475101365081902865561818706612090207871643412 0.58512809494144164889593730217875332154823850955132239395254557363878485050201557544618624669829387732 0.41431096274906911059992579209888873988027460143586768249098487263711315267793466090526214919686870548
0.22625793906569002014376264773998267539343797215710546408136278436406476269057492539297719916939706485 -0.033302259273032843142681467346085375657405173576572453488260063374269370757411754153932682907406185041 0.18845618721000942736878402714006399240704446198557699089049668698254055521021979342586347532987742222
0.72921878530309231081771549394895309828545448128193554964820620749710430150840249280127615330898521166 -1.5912324099815556582554538933955888611578746692269823514025325129366505126037509323539636268651136293 0.058501267278676576632730027759361917364865018965984012556111724409008826881104464384080702722822226525
0.50921146297859163847965136460032186638389812382390135345877557361327608861448579717686250862532808817 -0.072498531189901233884972645918648418457172314426381554441198679024971759166135300355321702421197674564 0.14409902058744421273041050973320173378834006678583658771779565468020172968739359180489449455796924731
-0.19424285977556190433061492485145917124005587624359520608257483384585070657838295279391135917488027034 -0.42558087153610208475361538704074370761554144336020683064906947382907466923321084512492461123305534775 0.06402247713354705940437210761543692788222005917253344427333648619136425990638999801594145686751784926
-0.89002675474072929705392381553871763655100245973995184814556182994089443463719860737588539864086290837 -0.82495246371360323065180113719650335779891827450232085260920677243640137630154602117631699131809574542 0.0498293806335608901512879222366022463487199846310529692752536554174017032455587321377200476431946669
0.88090734670462419288465013360456377283434512938327276331253432697703700417784788549409632048856787062 -0.91466705771060910333713780220129098865981796718057089303170614675847115517453682697981894566126969557 0.39314695444637382640529813611701353112553666664411205414517918630291223680332976069901820098640483114
0.051861323426494755725017788414584844708577645456512584216132553261567288198385512745091888390873619625 0.14836862199841542858765121590646728481123457650898605162284391577743072381493207139349230196977680716 0.23684966833062200748993247784322035293985301214688654050717384796261440004798901204291996857906849258
-0.0017863684217304941192185427337914896488585271610848101249030125377569136185624476015755471560283456742 5.3892434611868641818180045444412903860498585230831279942660167026563685548032408951018270547654312579e-05 0.076674316321260905544235479583678383513120494453808855131019605520029421379015250076782506399005135821
0.27404886239987022951618717177522706144398743288423387148018391373187312043251450267858256822054329453 -0.34876767716292718489776775017150840193977112653903529614974472316604838382647223778476018897229928278 0.41657580698241898296398572973597849592097814194566486207566264792764714216043701141720957629770753217
0.88793718228523151148037094025465827828645534501542322119591833803043484536733508524458840152773337028 0.56993788615079438175969033376405281431997137712565101814226792015226404662925142215811496054750658366 0.15819989249320066468229464732271342359850146395090823271924985664707527376582209145585709725869876416
-0.77942764484661688099744474550167440285499605268414455483874475101506729601490169941341698904904063262 1.8318683483565878994311115690845288752595896387543887468456399060839080359084592631119507153980437556 0.04172134736549539479772366191207815163363884440369515440651378159222216187082290357633982945412745004
0.27129366702256075906344034882559631153905331722004113775365740946870860938783983717310324051025784057 -1.1645034112854251347769284098159352402357660714054662517757583833616362267489035937279068579157604149 0.13687880194737022146983008944724300207382406358360885813444985054017339486947666334270966635531415105
-0.53497474919624585407139307397083311300693870467063462521810541347505085160776848846657643384580109396 0.076876332503090771434137191146483767489151429801602543693208689835751778187799741820021667859407778865 0.15541475443693552239449063249242517883688949986859836969585877557539855220474636109622470080555909591
0.12098381015153985488438201071971713111470849712225148346033372408332723918896472486141337631281334499 -0.26848191038618092456964903079953217627140262953657396369162627103552056639781357178811725930143141236 0.20321590567941982504927837571029623694353220936469890574682416468912922382229321200082793853726593155
