-0.0045681250466670896227037515845685589843075776817734548239830539049250157977321728502119716677571613872 0.44994057763803613736724753616180972312822978070712239346750003325980602015300307321031435219165286983 0.24522528359975532697748298245587430963114882142989528820363300176461084124889535521055887643816575877
0.47620972274014527966458481843950206431903872262560319055456902843669737230422355007027006137972617635 -0.33362242326148821738623882647003528566263394532718955723499179350209536699836923603970285511125516706 0.024925694411274235583454419560094642737441586498550858047766226179059972218551161664914174594035672411
0.8084375262574013367092523944292690088938405310925238034809542849849548655013448683491174876099748441 -0.24029887598633760693893107433696832520945922762501010692375881964924202394850113464877312397265998453 0.29610144252395809639933307235677890490964990980746383520215854403661778223878306025244217080895602878
-1.6034566279623590644268824787230915288799978511682729491230835825169455121938178673928944158067387047 0.93275731932237617997398749295476107256674046698363080525010831845053305405153705157988864283056767374 0.32231408757862947921568194868605027527256042456421924395261477883326899048367166966402194154008016757
0.78727054541966729603649000048697972715154354520401457563583885107713144108752321885554911294845983494 0.028812861079218143349963311398625520228045732916177678695720580736003938119370889497240217015618925168 0.035154179006100676316122448959271670983190255987315784663918462386325014035445980138232161777872986649
1.8051169798292011457882764230641333019411833033644880466849729363044959894257972447574846123582104379 0.7804707342197910883845437888704758201985028852775479885914295777040439559197270300349117414823540403 0.29903888199252955484846901509754177889499639901841094430549053443022142272616224029643537562482082206
1.212046003614103812738177501499996017381681059808465279621365233162275098738662638069471470182296051 0.35215341154787923754358576254883385910385551440618944001778834531334306271899842219999385386994225165 0.15100895251913085953118872210460848372012505771838099093080752444398194286735248495062919508074034302
-0.8832623747631941087847059553092752583814443717675562676709223806730318828965730425252438905029421244 0.062364325894558179882187050877322016058762058789311341007366795932394346101362892098103577572533748545 0.020533039593507677440107931029857152913728340034949716943460424720082883296091486305605719081419706185
0.61305167147423033569693892633487098152912753779596223292120012544099234308955821282242395767614458098 -0.6382203717626038740071520180243406346747903906412227263102901076170772302833765180090858283052134492 0.18153027579389445950918177963029918780105934763968484404117579950899371627230453944209484205987703078
0.44723427439199880219649504286527247870047573917515979425352325308732733658340536683762677698511673872 0.12528763590394189339495315763535204797797460733822688444288763388729937715146862313546337596756643891 0.17494268531213943148530031805403245847970781882346789306679309119881347990503512964416731178837441088
0.46849306539847981262387042890255109938845418837326077827555123241673859853655316531863391956444253471 -0.31371511095445709242807911581237145101722560445503989756110055601402251421154763507699933756657402828 0.37479874697466403369132783710445546407838969495909452016714021292824605072201506599407558433996760742
0.29645940720115204212444799926223826358604468537186733565210173009169368029079360579198164131036726198 -0.7819434645897113024494749967285565134458564348665947220983313415263278222018302402360700657495228027 0.40340122556408996418825447509091070189814308168321414314400774698260013313421574730564678683924692987
-0.044766527069495002131810632298929374969783951366487553383446287215140908785885854505727695046918140186 -0.47176559523433105562915923195318169813469018226636491588029912735748328236669893743293250181605721738 0.35516127647081479637939294931887933601300271556813620887822812653560452285203310998955040256280553808
0.86055309635547371937337363680723173007951803875838957523740453543148421753289637924456518173557095351 -0.34102247815467259156671143616488787374719306604520383501155971237988092530715497078955610243476302924 0.40170040864024261021960481030142867944329999840997037016623949037924711027736403031744781977010128033
0.046243558292705682361726914158468111711222533667772158268353768893764669059767061749393681145705754384 -0.3882754997073793386513438178636432858786454113405593771035466223940476306968881643555654550572564106 0.16513548910113917477205603245095443308584201686954918213616579615077683025257812496875601028592426144
-0.40701352845082514913989189917262996979925852856923524807370552180408002982432841247923386394305775852 0.87683958190986053669051405379924445218269233723443375070266332618086048897076727611342273695100367416 0.39869589074694764649839168180771638551438559204676709040815679705047984535312619306211146533744433592
0.16566177474061159658364363154528970928385107403193793329419844631631142398111518632884291137339704718 -0.12828270431298354565435418444986324007935751687863333082151442519976227619277035600389518576822942062 0.37095980550171793495320607653693813980038815301346979659818123166249660484943227030720583700505946589
0.44028894908469754909328738665471083281756018220044672392596173073087236760854726378786078813072827901 -1.812370329525250552461651935283071389697567361966684431545942655467673962284940218404934769756399816 0.059922788799714685229329481870725263501437097965598017232718142421130297991905781541467832658274734037
-1.9436111635029479852730567077063503213278528104616543304220523550128241563122132347699816543659548751 -0.27433510278983210441837507631954628764753215283139346906097012069553048279764911639786341391446252144 0.3627815831194154088707041195587142335270056985650061636937138604392496787841106844539559704326896061
0.8083669010580425424330353719064944990879542532342758941984460953535477540170327136630915125584904595 -0.087086454884620811839270545870726654533187818914966912126304280274353615205263144964527037385961430014 0.19067179629285350326351734229736342626775282169020061576257777975307268373093368182883442193111299796
-0.77724379005808422985489784690747782980805298681043301404771940496443474919755678607760432666940234755 -1.3073431792106699685558825152403554437316033710688946497930717866103705098989940157105030077373410465 0.078935236005537120228049930098616081179537160320505566532225341603459647657937333373333326322699038514
-0.70076039069947328351680873196182546726777286341338107488567567604120247631543094838053246916746195847 1.238891162944553138861642997498841636484494697269367008085833607887399382558601474490679123535694475 0.091828379184813390179715019913049212105686980906302529729017274983144138152863276752634614457932030594
0.3583257327448819870526742435116269506494651437472294200370595420268791002885742192940172046163167254 -1.3093655005635647747998647584356402449187754394035159087632354797623844737825311495303058701080931015 0.17274463023341467770129673360788329533719954373971465801161105271439240516525501498904969159882656176
-0.30879743739714226504600616357024034585622129258032741156185948793708079407408280391227862163854395227 0.94102880861589537153907932454072946444004049015773683109881446078145999862430769495313532024174179548 0.26656719940244712657757001109895697181065539437259382798351436709821811725410856997692746966731568697
0.3949598430067388164220896256206797280307281951915912536314431466883170208272033680868896074323692015 -1.32882908044374409229108229185685894736324943149886748395779576817741283793152223073207485501938201 0.036998615767952170528770560958738611811569710682692442955509273900356211927280608304485135689612472143
-0.63642446918581439976335840938436282671752898977943281336638520488192725401488537621714874594348913318 -0.098255338786540663349389844060952482317936364216073388779324553626907723844807343770780659076660813049 0.21811613436981817856625284377241547265350391761130138235303698165777618008196015549640331499438036022
-0.60341554114410917149335371230733068212175138433603499413313823236945606645330937650823253664980348011 1.3949120472664251938162688889013394755916594685310539221810347459852528012415741486805825017582097429 0.28856544298799201887576527150277507511490627541796527961313012983216556146904546695265480053306567094
0.14928897619118747631207602796532905603517021945341499990367342950764058325888442926157452702828929984 -1.4283950607362009118426315000745496308157720575493462537727823577380684128513712817061847044663817243 0.38575685736796763329741865229996828305715047437759031393570702212054027459314850069190442431696758823
-0.49850990177623910219430697749557988558817537691529577610784185568986448529590247662528312152413725225 -0.86186002409376108368441571912734843067607765504750489135599608185460278933605826786607228011983044899 0.41550210827443671732383039817712620006911674138102898148621199225239469202029505853912689318460943355
-0.10247822505892846302643127190526417385719261181944627215797036713498060590947861600735955480099615316 -0.99755610272151152554625849144692909687125412596153468029820726276020501991942521133941989545444035281 0.12037619492109557122089018197723335211161458953180779115676764529532340461565008475767461282443181976
