1.4199773344746229658253277461444971467066021261511354451773613302628665532417758296828167854231202418 -0.98066239407231175147742983604516368172302656877172747194630770307560849037951227246634792661832015455 0.12198220381708996445124670316384591065901019568636193057621683614791628989453419758270570629782415492
0.029952190301862460266203603223055885051144113554003055205014474438025940990901182185434170618408671805 0.03957546802369202994087301150856687186089936941921600859932229822678552431797743689353974252072570709 0.30171483524146631192798820984183791414274161169111992199226618833615903285515900798051352224366407333
0.71360995201592251324829512756972279842378650834067855140837910711113485920718867632278232235628378182 1.3001418415947428245133183173390951555972337915511770603742089821130263148238645056041434126614150724 0.40580244165565979179405792829092205850855180030258261504013166223818216169809745904508568000593468251
0.14644137707221435868640881709655250898117767873633848090884860025718916661363339232694723111326117757 -0.057639883213148919082297556152124137116584439208536191667744274807428662538733056949106494671047786929 0.22723828754187981640024380788892344103398794868830920279267398540320111761545546989974977553192821795
-0.062899241057775437272181400687569277765868353455440798107051123368906263654038767609883977253475397866 0.17935267104854631380541969418673635916185510633131887406173152758477951709355618763566486709200871202 0.01469605535821314107092268063703739080673303364783510679868435089658600005835714752095185025819925605
0.84101024540140085734480296222778302503934540139098029128391860833620166150665360620884248299274322907 -1.5974849588561678279203111499424242762417540839886359950729800782988546801046015640214432925046769037 0.29632203617628962255192558787451490483460118552154622579535829954252643661082616829130416161227728015
0.042776634662956504123890324300565602288499611036035962448562581609596491068668396707116591966168837912 0.03137792013412482931106762463989049731492696769013826434505751657992489161484828424605338486307244846 0.173745753413321245402522693803752311104659976069948536358097871262877682122599876453528740545848192
0.21755801436073967971810226170998059593386234531707245015532299562357529866926987843210004806097767003 0.81875902130231085630679659019746168314773061130758834449273830762012836586574292617821477709307204192 0.39341336827218143872988404751869269475550960838077926671635747477008922522700611052556497834777484607
0.49115736339966750611862612863198360131781938824297014081426814998213213787263262479927126111663585812 -1.7868187217562963536540772137499014510257924037098352003640574055690984823416917470624676714245597188 0.31016582978415894505677315757636832941839141398079749869309863467785296005733927822218868928640291786
-0.86584809149023389458426487199399247259230807604258369212010696751590981913954813300725322708259556669 -0.85571514994117700675166776950412843502033446333914656054019355991972176256934643297976406589809731085 0.15100534166793530010491084652186331436458609065253983847780679322932442188128564016921211551059635804
-0.051689267679201985138009673764854407799606484611214093890676238573668433195235292599785981216609899318 0.025305030805442399107691302022342606616170822869159484093502897628919588284207593949158268113785364593 0.24074061969978003120359048275119978699920038509506876889168397238654810525253115377502144521833756073
1.2678971558359616183454802427616053841538762000412181229361499114005372948464312332741557848718289167 0.16106901370418983627244668512633292683473641234572584457528666657712507422854357461563323537497029041 0.22541634092804530742562801132776072802630581616893222965138341591149844659793452957660844443538244333
-0.27632076375571146623698676365342089744422300418886510518707978578110479173944539221664617351512523381 1.0731370001990237667755709321261123255210418586896957312452140078870835616046853663480812065665151685 0.24492593935858999579610484554231080395627478540063517592413787452598161402333151656842131861172747209
-0.25597422135415771271143162170371865538793316407395574995717039942887809141620226681312995732192824179 0.085795697876845994168366750682943464943864491881550298982354002525797930040734627574232739475376497685 0.27427445093841275382065884042729220636649130937690028993041896777487660139637110957567833707574096998
1.594615895451643156858592689315623618916794422959117158331141142646120038993314469284927296476275167 0.67455245168902496904268873469659765516841584087842348993757001993353353721052477826278898461643440622 0.04632985563951755262368312822259303622623871665886298829243753824979905104653694992080890636732794681
-0.83383549414033417373907585630549803218607739611049575194040587394107361168430446931054153033133685625 0.43878639065142046856565142244142612584127766748187291855675618304158142171562996333899430547482934397 0.10795185325672599353969810500717255574496412391174227126166040342689588640046375792523110712194517383
-0.11129708446075937784603536714059376193349225414916334899647853586329491666742892464575023926578861166 0.99350940905778165038027693535135995867686907647319014540987595523034596239067858630928374847822781737 0.01485330097185797573211116837033599050026711678309691302855269141676812098913256336372928501702084405
-0.12839057965162111267826365522049996872637931050507906087670275317236587612675460410760504792147866271 1.2979714574287027488809920766844039653291592442735483324426209837980167673457473929354365596269308189 0.38100627104130634821494307236263840443584847645898514462648643919029080826185698584137187808696649045
-1.3062459215929158977550376676405849999334351691148833970124710868828627487588898123742241423609919221 -1.0395705603318008004831315367997683948281121815787394676703396256622299572333148809561231120069966224 0.18860058056089146060564862165313774570337874110048263153214170774289457575484024920747727235581096406
0.23014561637415792517604790832666061675142441980351865333985060706866386337682524614423494779874301643 0.21459337984802804845120013882940513206830923100721067958911144521661326552640280024628648928909085303 0.20265607204042115077580848139816563932655724896602702013182113651667699310171216234608680272449380646
-1.2210473776024988815076291956874170543292769651028607072473164614297676838425302616174248146834694818 -0.27417867004545537959577493796390932988768801595732254144198225546935795744428729814259568481547410906 0.18408416102632174537058538633606302662367969991759697305329028164678795887779875005700232671086639818
-0.053963197138307263435739210689297111427446819861425677307161335658086868239811722705507771329189027961 0.58335953820684144194435695277193204813213554606434566406701878850675517005609761116108327214511324435 0.33030723072978017436101744219569114347920360815488488161806525313728725642994399392052629080239899963
0.18228808852608097669808730450973120949706761567396669688772600365764749391554305034455145460047692117 -0.15989278321860691696629677334149771249012373414182986973530534296737700651250537125158447056408168681 0.41835175297179289669607389948187525521597971373859271684415717116381786529946517251133705410488488172
-1.1888103422490332509582989654026274333330083174729267533502546567255550966395795390176489193147298706 1.2857111370107843066157173129047002846925571449191398699691316771556618817092089140565835087716715358 0.24364281326376639889057314659330017059651190287829630225256626505525906454839598308928324584743537158
-1.3839528590606890209963862227711026746735197423296287669557607334903460067095033724752993156643689544 -0.96489703819934087717874645834259620361313121283914710896950117989401937859059817333225566516758947011 0.0036504807439171075926980316172086144479866878423791686965074715292945847629585332159524393484625796472
-1.4579052312850511781853776945717112674960205267461379680245624910117939163657555883876785933604665599 -0.94378255337525571053002760956426663569519874137860802833259206119380302211161771551890966637726753005 0.32091286366679315182614094529101400208898640275288622341706489451086489474735395500969595954285839645
-0.1356090213887265756530784551119505335075164535013094329484726743841175766194306882917669961710077602 -0.13888119274131385475433645044995869081665529393980383438809177485775535269534121610898490807621711337 0.32449963498229769410000855793287813257041736835772951944256483477232333968971598026349815808283891779
-0.73930984935876418419340108146978917187196639318160417827809281769945548611158990756178394961285505368 0.50881267164160020616236059844887190827611312031480756249836646978087625630655580328355298205544613057 0.41394008110655884558040796285197091329017507542420229923160913357263407228157494208064086817295711741
-0.64908531167330065259396914434452211569555257127555881618399698387523200397054998022288244603471298779 1.4181556592802438981292347531686558354152796021363868984539562904748293158719374588094515154758972854 0.4157501660383880191761596148103646804690767146775716379692839638777047092782111613028177052709963243
-0.021521968703365835719932524360509797263911851380118120549113854625748054238076022312116074569411748028 1.2322703101553853648097530540289885586676024108954654249194146943729461074312690032691792944492242067 0.095196270116207764999280100753171918374699689347984676177341366228559921893023489528230484385568494241
