-0.81270885703128260397318616145018208262196368033889126123240902865499897715098467196373325046740948067 -0.62687706332101976030271131308755514194039385041087443005657826647800594808385628050450691587157831056 0.095987273850459902622990642501480791304422476741166211680689958088244394810115656265853727602055727708
-1.141184760395229700380135041323198001456360345325940534382626512402485484799655137045425845416008229 -0.11493501133064926564633829303039167510194091373375304292597763163823228749844609779190154728735234317 0.16886420370903304221134189367208015539576044819955872247771857174481111666642514023548570642029598443
0.48468883652523487465367246986995777184047460387356175788331970173381545905711935330437763334083307993 0.99968839313994248734374628297963721419292357794963158112091367479005786386883584294397634746791335318 0.35429166173174911852140132415795958920240162952687089241985074571046285482111842974740492667534702159
-1.6590061445377382561328180546402438573707645012793284778550700398704939101927865346636145549709573709 0.010403824185957295288594771369948024938694961602583514616304859826864961293813629505788934786864730334 0.31994522825687036270899109239148709687839750654750471413624258610643512361718971875704525687257611055
-1.1673056552189902467736532975832052271887285384605268704879745663851415574103369916666886956692511327 -0.90102350526678666251275980616987633115917791744612965925794130532265793335612103839723637287111158 0.21721978600740470524939834568816229781682298564148954355360568365700505960136842323883060196956674439
0.16672097702666855286008691076121953748930583942298199995158411915529450688450963361966453851990403545 0.17435925329618478901446134668922160482483402484819158914457288190372041015215935018854655906918520527 0.35703015613236633926719983875638571776837059802048029626323496279893148499569424169606085039821668903
0.72393119729982801019206442395134609923904248998484982211437467890320587234403160446909125458211768485 -0.58676705543238236153091381788107065158443745735532527366381774964968186204186698220670968950069634781 0.032244253347207237699023105213142648008770484485911523954391523353793398323656169036804878381296175689
-0.57171168766896130455676121005953042670531674515896224216771336806519385690574308663977558673615892812 0.85892883397585617714373357096867668132506817232790936141252405925146334157334608308312179429251603047 0.29831154322882507983645287386825364108566953523546455186752676095744955190937918459102508639448579385
-0.071923199139001927813213031984988411031607029988711455561706452681303524549787221277765058847505266046 -0.91102054505776691821558110960140618929255771502404885895513484939892241601165774850678160072817422161 0.29897994844540964682476733816339313310081579254957587472939251270171240616883899346050684519811655456
0.18355759527017368141171206465020837129627478920904217605668689631769437310569796192025797096239724111 -0.214749540076588187281009379954253895106898506542292055260981950408683557026040548761325115427376978 0.23591953934360589868073848401119378684026390841795990782897626227907304520253904799089879139301462138
-0.16518647879827005477576839297162149770950458756765994537368951100883611755794081167603045551269579619 -0.84279818358004290012275727834608252452537179703943864554609894728576571025927134153747881359023341937 0.1423414223144130004485593257041142459717385211020832547562146400637744505165176450482631102895501897
-0.78735706116974390731518384000956542420534338139869253050170509580978665406261675392970961090998039485 -1.3442819682878081509094061239320515231495833082835665499066558826344164285687812225672608402624487981 0.41708347813183776609269443238960311403634148717769224590384161989450517355402652384426138967913081197
0.93161274762824609989807648858336869715150876643702285113469310166042747506301817464783541405231408768 1.4264847760796989277439580900220815523323136307674475214244851551377851039146067008031136452771499281 0.33052867684356361218359462878310223658237919762191620966875589181695686065741132307495086866941168086
1.1957163905903453567765995910628687337888631972957802600285058280624089966616095413972080812808610526 0.19110262409293794542707825115465373045261386061470143865655201591748938986224175149570496354844003328 0.41171059480508254545038397732229159226742881561532578566910160344618515160537860424909871435200804867
1.944694123796525940726826693519487749828131900161818136409344878014409829806095587976248809395343075 0.082470753531716711677942632136875667817897750264229972973597669819883988268994509916280163448067859968 0.37944421698500389319678119407889623892393625584443022712639679202714688213968058236949018090177360365
1.2031389661606265471883395211656569842678208300817746442280625381228608757597513549944805467566687792 0.43078231391213815407167319958875455280248219940934785384553111861764191419142065945184284880769093353 0.060613957808922187762819328077143075928798110059297580734796251897095617209429108439166791709447422469
-0.97157567928537714879439420055165751142636713181191957374446788310301392517290986690888722852867249843 -0.46255739564592673938569924180340882563981961864204518993687343892855883635541346981544810026999768679 0.059508389258852824720625565655342103382720117023841696490950150969211983654478380902457693863819891665
-0.44557680485157289770505999514849730333804492248381703433722226529021836390291326881347898763948408283 -0.20369646377507255962401316587859788328977031588775964424536713958756777788713050022460419155304510058 0.39979324717980441583425400722356807442639241997019282605774097246918694847372177739073850985370385515
0.084968607945071600244699158925608615280377062836284430644938594427259148403290213838290656123996885433 0.22842517647047696714119026159374225210156072560575410428039914151607593257379637921667770448247273277 0.35354335000634965871007210957827244647505635570267602800451500679169043643566839987251890667377857321
0.82655785923960198838003538023896769458576652347461978837331745993363824535456396355544950266737856504 1.3711387230551024989256794013853406927325027802263714491000585663787153231807435064415400126381655624 0.14407498024708746437160088883069482923129511475421883031290268902974230840583341934103152875128256109
-1.097932467394333519228972208333659189297922068179925502724995658434914508522685317990994356121150017 -0.62126012008687324284624442834237407348687103090140813994418387016787984226806885446203910466162110614 0.11093576188037463863759389677887057002524066688171955754062542320518198911582279482166022656666654322
0.19200945348441699596206113582348614881620474865539135130806226620444118096909623399146711867403562303 1.6600100190212702182887412735838954786075866509465366007295957400225065966848219138044281122385604692 0.0033087920123740743123164508143071062396433826059814492685456770717407002556056287449142294339837584529
-0.35782356742401009429525651262830122711984933199648476579566585908838922363114873571937487342428109463 -0.35019498866170084059825099531279206590470333371236467420066845065309860687885964740054133281835103293 0.021512826725281526003476816882085562570212423649550592109645131567420472815319667803899219337353415348
0.02108534655145834858741642978347146451650120483141173312196225115410536684719014268002021811865389047 1.4630728853224697810948344502453574324698569646902430662816694136210819710717994341238417737104740414 0.055691304235866261211477194663545194891524057588604759036627430809517689677853264670640078901049531886
-0.071974848831687229036187329193039230487537643978120875033005057492957774299367456825441514890420975554 0.15203064363392093903272906414973085141041208919898497204717473063257923128987444866108630797901330139 0.34991338679441311934137910426440976706213533602178257200648511945284819110760683362074082157360093963
0.033301752699034931657165622016871874027169946033073816463055251906881920770502167550184131646107061855 0.037067055812799961700729437996229724328097086873585768488617747445851076552477452311086735070123190145 0.30003656585611253692439635907564248348010837816856835528735711149590022141823342821940600158252242695
-0.11292943260349601581671605484098514967166757954462698014587534195870830930564384713335170855038128259 1.3348909253809612492310225154580321976056990712184881739107228203795894173918765363682352127399384376 0.2356637662258305089525769295318684464147288879960257999222039907684893417154111517193440905535055303
-0.83113931970738135044885311156308869848421036570833930677729393401867887211155866385664543139757068221 1.6155418050622080052560289404721247193108112256726876416837982394872228437552099906382079996600247571 0.36521773003669860885840736488196644720759641412137719715432365103335008852584663096040807466134555553
-1.1624496338371065995131817030097919186484394093030918386848151581415819446587582400872634973508424934 0.47866531079086013436066828843111413010127733767278647949149817326606477035696491731634198691962980535 0.18274437936280896867991265657610745760708693099436986026749957638593966127920628642106753746723436089
0.15857660121429838212572788757042616478546811997966567969959653598436674746151867985624382136437777287 -0.05957332160850981416503115221460534738510858590983798367351334712960012715141573414735857999458768193 0.4008935923090456215453086871403910982452173418027080916975551649114007026374524978982112305779084224
