0.60162418234979303149115153600638831738554052406441067623278921477586308922526733643928494303654014784 0.96023243537060893913107430823977041649025653051462709972621146246829041214955198581454682749773672932 0.073777807649992178934511975472337908518741580743451630505755833433286900668603219391722798080945108741
-0.56268322234568012444725943058179505649931919722786553421834733932983573509941039765209608689989319115 -0.65556532938979389606303388181787716733203572275169064965262235676931395071334989523353617135576448752 0.023299228540499448269861453821461797518376824981759541851477626996947574820194749477142946098030908397
-0.65684988496592232887724829606265216437836837697985877693196823494617310142894988751503035584051210055 -0.403161782285758647962542293281564708254977303795656240346887012610518603779770245862911020538643611 0.20177250567554690354291395934616533482762541817742496604891392178781301832908725905458586774049553782
-0.15832792002369228561026741012885842006289606142697752888900549493328309939925316672365487065559970495 -0.79154959745810628635585365823458815156082325806413850463782576989507915466364339329531052914678698908 0.058179990533032174084460040879603641694406233735253071729847726587560463916213803703282548852075481462
-0.33857329532449049532014133788696597538547769773040003592235385190033745082369569453192958825934632653 0.19501365264486828189228171981329052288306829103559124522192497794995736032245982403769861865208858031 0.24821769653217612175130342828046636523948966156270295826861001576262143170676740738006752783018999616
-0.1212834607801982165619428408499874687661127650271387295072039751378648533297729385304059311134517857 0.17340744536761055838080638964966603175424105114462540978053434734194878217724333238612413545605127225 0.04532528699673858629719741259472603636740876658942748614701302724606314413574353961398621612787022856
0.76867434769004418392822015950231619250604619158755138285035982130615171680149812790965530258044346073 0.52925417182943916886100461217594503697626288780444606605292389215867226155653457532442630162056152541 0.2820802507363479837338180525276948326434688317745618031607859342240428960988253208066961173414591873
-0.3147435729944837343798493405258747477643857409173094991098663914546440126624283565613927503620489194 -1.3475968068071739519542862124790420607407911429785054838812494227015070376442594518242246478244603491 0.024617350792521009304746462861841073965473700373516202210151749937865399328609259238018353964013004488
-0.51181020578527364940430192260914656136235737287504911279875774356879698650753032908503088080208360757 1.2416562705337283155330183245747429515514850291599012360221158175305382879975103600515752486171817109 0.11471712624467046161001256225082498921123717327390344187535506336168364337849037216093735656092013546
1.5745311790499698539875298651828660736151298954539809117405466952334046774073673354391635938033607033 -0.30622023021136857674847200310045259806135460988235647287676374902697818444969081420623868476709095557 0.34804005760472468388234552421406311266314106230628755095710754026199263963700482262628238794720561568
0.89104106124995778974917945558732644440491946383137516298821316495121230602673165637350408274219558748 -1.1436087122491887535313663997165316041822969104632948830158241530252297663430001812893404055917832774 0.086030153975654910319775272216427649862743348776509608489367606583785731119354330665214784807297138507
0.46065170427103100823024709116399745128628193961844640889505250133268222897579294625826086555801870663 0.28319649414298150160379501666183524468147373851456977414796115779338473454044994949388444644945301162 0.091336741396900241856884823645605851714947943093587260233081124424110507909474381528494713764125882638
-0.010918722461259039625420048337284727266519598194659114590964617510277255921789966735756467095599133362 0.07276175543657556847666787883454108124900743802307483353396085557599249526781674760434939564459432581 0.051391307712451836105861399170732996756486072776696206539230832118888184883657507683663626887610357538
0.97525898483858741108376226615131762576452048669717353748886425691121897412898101286812548670722276111 0.89482628262505205615756291915441888516827630863105195694274552037851289574770671617127296282685495125 0.25337009319130814854991863779709461775315428674202320195490252674026857222890308788717527976473375177
0.0093522210283423778753872621209709769726432160368068978454761115467706066349145451413268680464315881808 -0.01342609157484143432197569097431865182724469974523044438138518329336324616871447184083744513323102646 0.12035283769152941779280935066912953557743008065786139850578043551472363265018249135615707297492719397
0.28300264274700441231627216227968256806065093692435707825265282029422429107913499237357725359597021296 0.28250174691412237410638355251723153152197736524625107553071044272607762777497862964507161049183406188 0.098195284192054442314574338727282884388335090048031904138977839404193690583242848528083685686586296624
0.35859713789767890294896492538492466653436183678605929423489638085727632835617981503287955912458448557 0.60761467526658877380387979951617523659787046095213004395312769330115257560495355348100081559230557927 0.086467234066639795497454198145143234883975086600367802401090111591890002034333544793062207967773222767
-0.6747295569413692550546618528034368938191013770752594361790331892931991063343313758177603214457296778 1.5603540499459905756418999555771810552470104070980271556611525538997017584190022019781740354487092841 0.25754803450164219214160643640536071326427905044217780605456313460685576756765284802622508361983898438
-1.0847215601156657060610542114426036012174676692228912935434472366712401682992926854715103698538452664 0.058555747809233120383634526163320995421995764172105995272351135702938010499765740471909505279821162985 0.27989936018070825873455962027129197586222362742493347176914197554470578799217751371314350155247535724
0.49580926684788203847894347015753703851268645376400049458644684308826648457909604570431889175223955802 -0.059847548094088306992461329557424949170845972050596478971721873020408589309466703059284772223584928392 0.14071208115179906141592584735390584186867687425838306642376463663145946071360536803497322637508974834
0.62912496415484869715893999394598889557841907841480000112748157989975540461785843002312375955574390856 -0.97909465191794246587940238123971295336435497973308821848522527665071587874644253711819717181669932426 0.094601916475549458277743623363781714775496381552046506968333795908766906889789200840742022109345027806
-0.027962912099697893046079292833799733215499351689470821858574356997918165032018877512777880292277654011 0.2330635200111999577102274702071098959891146759234136765822321619869687706864357531008809667464662017 0.0064159893927607988371972923031290671836288023539340394406761763607505034393303550783940948560195415496
-1.2775385081433818042376571007506750944658072836299358600394547955536986577525891357502506688512395134 -1.0050276575692797428671471277104112003130557100284939753868637790555632457852200761308969591352727227 0.1694020997881804687408114318171882723423188339279527969016659839156256031127356177057028554733299761
-1.501698971702315371996181933411359331472779113558578727500192165389564897065668220457984878885564389 1.2558478249916524217699188660353430337089349352281964014379359582411021869975808480708403699451538954 0.0078877678457488117409920428977357056886234779233530946367468633130122933295015262718382309229354375489
0.0072830252416383593438762835361124502805369457507629973995229555576624879590230375940507278030009427047 0.00091715044447182787855563740098616296086875587532939533087342824587141302986282898632962412722459286268 0.22438734531490782092170630391604599633582016345114753699153054160089450018070526675931080370200092415
-1.3459197311397303312849409404796422499534618775222141987015586702425116925737583613018739826212971372 0.22098982405973999469706376691325551165397472042628399202903497887144696108682607411535068527960396553 0.1407635653706042711303390771651887571359921242667509078481239705363781445101303845533809424323543564
-1.3599604839336790113554357944874962195888170489448060474558519277365899548939249435125060336034589119 -0.45677922438120910129796599333301757612005510572126501629577908106126868396827982196437089813989582527 0.32084906863469850243629825372392502606733893884482709302931310750101955180481517388693720481441626804
-0.39573901097060290842021456297055092351510656914110421874007801497343001559317898477907455317303232362 -0.0046971403861302718444461078322738558482087254132590914540472354581637772736253539850189248845932684869 0.39335051951865556003670361054638026068555536360645540532366463593849400492793773416805823639649554723
0.046149351558372285105945646396301039669860288693226737934092308263034078763222596492294197461928840789 1.463499041908918184514080538753089904730954339789985194051379062117611365330652093710637222953903053 0.086435088815437962863890184623329792215273864460707157552772220610735757916022491098540003843002024388
-0.4855910693766242787566839649324802321968819306232115971879237256137021824591576621834736873493022343 0.17788660452556147892210979610043862089804761357616025479401905457712896380308473638848088298291042269 0.021219411949308909074989231574144899172117083332641879150478128629732774905447034272379204518373222361
