-0.3780642768243531654969389739526306924874574319559445030139902467712787046828151306154252933668945321 -1.3261120290113965478947613863158332830847406506608852422353608552765531605520726617230663830774870253 0.39670918432678022252199303462430414699426257531421490937497689251317565666051148071369026871130867608
0.19119369179027774818270595431061393578422996711178636260279466536576677684083446072960418576666377027 0.22972498751322266479674837972798452953785809909592532339506795076106586309963226103355030721395692278 0.060075109958513678025562058792579404474871247240976785997942537936133722380805538067245576696973182264
-0.70051691749612391593730011209561815074810179149981238662059109887862231677511324153367431452703647727 1.4762811852210865978201386882265707298840667901259746018819284715942029436167356682591533241441677938 0.2220721844116066412700740390677338412547671584371790193701826287986712624275723248130217471079804517
1.4565055407369584990627739390680837702871828841274166111856402536814811648375336961441959524897004984 -0.37144165717530705131102162104866980528329060989014234951435186331235176358289839066342986894278144027 0.30330851949869634020198557595265215704564755644646457797475251313535495137506798495521748325379913
-0.96122652014703507509553856744181837173462457184488509843876202723924624818113656067425598397125055103 -0.66142508565055318511304045823673119364307413259917770460099631241264540332708459425922765844765258529 0.10325233929374570199785645593740686683376297424945815992320219966727627865233531513709900888969097679
-1.632075884354335197480715784966135200328089535419309219201124692411517841922510799746392260215996608 -1.1143647642140062073740406356171350941620355085238067989801305945485663449675356046158238733115469653 0.18362475373642175870828692041686197748294991588037888936763824785179612482564796850109726729996261217
-0.65588027058375991482753779776176496727311015936552053238871285305091921591637363331350908118978418557 0.49270127574896947967769075352067915918473999179405949472899380772192396684282727375141440235440340262 0.33486335879292924460008543719904115960741443469445919905035168857666580035385009915332954824034117269
-0.12740149971598059578492768919104559290805010471636938551980072818352558399827792424415652236606416035 -0.99706473882181996040295202704141986288518532887451180696708803575377269657150341556377851788480786751 0.28384093833726838543953249533353044300873967590320092486962891644158895872990734576672241850165794273
0.2246328609590933249003102358556486674287140205618040323784783818233589132717763159634887040192779023 -0.62516722510580361555842094389014481319755570068333534117457230089548528459217694114410692860290023937 0.26924654935114282919089753962708953815646005562710107462019882265514882464274563035384791073890919483
0.65850372265654313846210853760300792572046903847492788381841784430575675033200885208384513507924626622 -0.44273716896753653469304337288881336635585251840773102313726587326791789625686529616497353839235223138 0.12759101284467647201078421069503324625266848999953388014780708186380240308822519384648122689979957658
-0.063429778959998255731407810853947203232917733613402074897470336963339663280236742833951974678394099108 -1.4473740642832399027785947077000414577988543652909894302272413604855321852864571018592255425821110441 0.15300815442105699374276584251704019957071529455496318649830269634300225254662249454939240299502435861
-0.701956892313217681835176241897184950727248658226686828573803530779137391723788530006726693170607502 -0.57668248827404362830973679944886753664721060467536080344957120898096346187297205782921678738893835614 0.13778677094555948554498090281384747756657817138797405140247852091669307855158375867452173842747280771
0.24207004418929831603245205905497305984986706015814384346722531253737566002835041646179444832381366375 -0.54922361057408395725357680137011061554709325130094066363335670461583904284878980445427651907713541682 0.099519324994873030976882317584441477763857308427568168078705262844443593369081520885431944204604797792
1.3653258876955147049275508227432329700544713552688522779962999288212609589707825447359804778240510185 1.1859936854579289526996920660365018919947106559546783071483086548462817006911303379342331592064452244 0.34841956284638434698315500254109528968873443957535798294193255039467941116836917264089055112109698658
0.99945736820532334474002592326339274110909729423052920879111751482201394363385539495287489570677076251 -1.7018132710132953721203646413701400253843699704231249593496694665104527180147631530151999943175339867 0.17082768487824078696095757118052036813581610032388966888421710408659608051748409124341817761329041541
-1.0452013613540361216045694935830719523065713942315843001244790698189835401818132577021320289260611823 1.2982262795067756377947719963215114272651607292027407476154307034607864290285042778164212094946297673 0.39526660804574156487663806982663378737085236853528624181518599574618542732032651104841293807085425044
-0.20773330111794559220423658610051458012434687693408350167572966574541866070745898141530714687522580148 -0.2036533858775727968160339337725478597520613731832650467007735800711368494975778843164048227450316841 0.014124636267935693726428315211929433061611955808779552322471666715238307071485066793156421715853182087
0.29730051359789496054568403468568758142031553365509274381042561315247911939483047673943186711599253545 -0.19738294625821082526372946539842502407650370386215772862317720083941668718055541737899056871287572466 0.10494957372653410852260601329164796588739742903377607970937745921452857766537247740230736517658988865
1.6376140152243596771752919270313801493001263856122260908221732202388928322698516668451392474222819338 -0.8062790135491572799841745531961892817275070522266117312385295500044578154784772594642938564720441923 0.033393980323454210778641205044260823335470526958918657112746640828957972075639804081329213384352220201
1.82805147118949960727518310694724524934102933049762551809297749808335573837240993943034314998966796 0.66448002089135404826087706453169617433286901748094872476044823203438828927918143147502084518630777568 0.34291969730808794123941644369438647441973831535032353124655008770999858098266050745417070359189064275
-0.40506735051740264378637815199210285175325665888399724558300486984033822165138647639505891589120839569 -1.3086660933211116222574360918811854406261184156921604866066012080738687666453600739863568973146734104 0.32916819362794476202761049418075693661492456507506463697827770398243648975746764267826134720149946749
-0.1465853408712360578872262026241597990176217704331377617329589265474639556851515929933316553435458505 0.029545201428603615947471109286739736569635483165201408909439980836803852584558400882989096627151792254 0.36983528565138005670826594567365349863880208497180125226558288440737480140733148623085805815461652336
-0.23900747228208865786370651604875837074006130526330450367088074722150393145595972196282933471421237247 -0.23280406225455894289346069767770599844746683021337938980458997906353861851509148576220034959804325584 0.39321273128051748164545902572043641332140848717720041377821553597283226810151184983506942438026534082
-1.5292641986339273938729223700219802766666591794953435269585839777662002470328432510070682598485632833 1.0272583456998807098684097398246227892552105068990691793356884278470926860686907347662064426315242388 0.13684513274211107976567117213661918772190637142193430359849594231584862942970193884994226304808570025
-0.19870894549912775736052915667051833841360836948040937816439756495475380742520755449735951211055116105 1.3708429161347703894775211443676036687228229316399521748125084690301698495417493105043535359118777809 0.0081177832264308261551950481260390986722450717611652940970573307941803531014523124875453674384321888027
0.3052374748617610070003881442421285763896125829951962858024094861416320571892671699579651086082189234 -0.33459253491539655430195571250484126092844359691244551404821451306005711511765638872468818812912734495 0.35346244103345224770495198350874980769179982324072802937749389877822235651807642521125106897780240932
1.5577496400653430897238396709638095173119609305232770426813822455564917865271600147167335219236948395 0.25639313375501612817822692717561521987412599161780364606446374349655824785026930163473184527552949476 0.29885327461021790522767030210774588324511448414069908588559823416314399031903417673415828688925131595
1.262157821683000398367656441562648345605387192281640854772115720831607481749229765183845411554336879 -0.035681961032556432980676491890746263070668348516218897642280208579401787624810168380224471451200328205 0.062181904786742941210844549826676896004061593850791380422378099824966163732602984134023000322783136869
1.3223033522423657473337948996273621805349376690347441404984777425457674279060949804267619488155444804 1.4108620041908995940765246310265262931018882285372285612334685493315579277736555651183376309389957898 0.022999332285166605156838492892699543776931724378867453124306947948252927559109105019086987096791536375
0.54657780888988270110437027784760171181652334668652686475725828512470854106445165287032748129697863612 -0.044620572092435376955882664702282669761328793334327862633106578509860703647478862288654050092046148131 0.38797233884404288179271935131935161918082461337402726234227956384194050381625570162450644459543986589
