-1.2362089001597983648171967056001853533141260729500953328055488207971839919113686383611429173895423121 0.12791451965357706107195782527258248966222570110390783189365825774531513002077395600074526200209203894 0.21427992040523057462477012007963737883599087569938527033583577887839575218463283346050020018605404519
-0.84586297538795334074089087879137084198277330668743417611296001714991140691956558640274730475387403939 0.061693653355920442621143743936078734153325624884561873631381597241346698530303598600301487335208265273 0.12731546421243120110265970823037250760287085214036762060989046615490012532611456051215698313238038307
0.38394643120904463128320868112543755652659409170732528917508866537416959410508869256180090729106414462 0.50232168916780632440943681336427929384928913712190706054438203037282802891502894582022587527758276751 0.10094181459920092067895455598010441783462586006795532267321820874716503733841570153452448948848908955
-1.3736028798665728819155933016661420963977143712399096557767066602725532001260521816432241519953129992 -0.32504204883954002709668455053162181986874676707650945587191111831700345774995124544047970229695138876 0.14557938057142932193546493036721724184692359500256837836277482243100037918069482545087503079954936325
0.46122842543185391627296315675130020327097532214986964409576502006223902862729074285953331191631789497 -1.2168219538432140149275157649030751201033017670284159578369004124234046141534436652699319298403922332 0.27662982501529108209371004858798361340210743769870169281816650866868473592008023466528537616161414716
-0.17598474755437251706175464223903034103874423002934198010899654645986588605842519008747027253702114202 -0.18764794141353068466359691264173538322740882315092495618578375924034320033059425613578405872476706643 0.3858580996830071813038991242625226996913523695918034599464060744316416008619750217442407233235178808
0.8609319931479365141923645617367604984169492613839133232540301561500977244769040483310351208682073304 1.3883385417552489052152337967579531073033124904697532213553392774063420447795696722583439367749245744 0.22682005249854868117576376291733244372727471767234878974125296712874550678998853970094463656887486012
-0.051735072107100809905033635883416682866095930772516005646384591949883364806226576963275346238415121533 0.34049581910538628690075989929712423751241530525610050163949847057121621165921040913508685065504485324 0.011703129562971012216007361303027892099795077390156144934072032510765475249461958361587609527278633351
0.29219374424705451736128267512260142968615222819431244974511572119745011700105070958095743284617002047 0.96052293646140217062206755832641296436034986340443735721989010681875894552775147161560168981731338523 0.18828194164967340506526565046332049777714241256634928943820311097707279054133734232898169297381063552
-0.22414010148558573194764573813963019776403285195344744752903025765914219836494646140606288399550216081 -0.26003447503617221410258292803299602302397948198619104237938500480676067389603885657007556114224326426 0.20374115668056247321528293923074493073940938896895218888532320066017253341649946608797411023733638494
-0.04306049152369720106523930930363313069311999910584415318022207211015334474076231630565860975365393045 0.030665041930379780046507498666691595567150086948340874766363811374902176277973390562153944572214940319 0.34340605891206528219647711898010355453249358306629131164652154348686883625767577010531414196513418753
-1.3355427447011678763179547266992647938975371395904033934757853766925694238865453033579564890980604315 0.50949665447502006626721891389206383373429216297594015055113637477730042504092752584586465445266040015 0.16260794105980330215386085963076707781990212591513661116744340715972470819281902310067205790132826199
-0.87161248871645511916562812342649765377116361127371295660579954309237453080912797204485039803403975404 -0.66774400176079841552050648709176442646213715916682583627576575291594117324116404900876716662528018665 0.30664042964805856148639917477425417484743881917512647919525065822490177811186846357536808595212289253
0.83853419236683317932888957219955371490502193777327360439465183301075711683860138595451076948298651024 -0.47167429991602674297298803693059793294515086057381377912896552711852405674256587529115292770046717634 0.41307941198655103160411877400857252002047698438232730992874700735545891398310795204569449299591466213
0.19699666736379222818610734417418791726059397741594756254703337586373740394888365506411176883319414398 -0.6071858619643504896929182840888321428091130484815149584310773381647296099083975036044773725479275567 0.1012739446247487226434217813708371932745316941322061512682434002922686224023311983116983949041383564
1.6604686032650438033286753427846914440925641777687392837854040633113760427202816550689502385860016611 -0.40907588589147969253946608855040164600226630817446086164823826412451511113174560430554321791957822897 0.16804063532845741636313672581475466463550403764779988904791097346127619938517093586382555022199241868
-0.55010266016140882234638324692383363159449414230250800850318802430113562228259517123082034634455719651 0.34005136679955771186275667363978380193314498662684149314010628343113639513974253201963873745490933111 0.24593803180299296565113135101446528698598883889447826373632122783844496602433363841276082324213499412
-0.31609014171445097692258033842086612287109165918226235617623109207096297561076182833990324765263284202 1.5047670592932907465608469695617399549271685135939014198663738806463013937772887712120754137605115814 0.31282618241117706502223234627593771866058324646287766509782927638207445071283145695180461638631266472
-1.6912410081743721943827981748866041146774154998931881889921036016835309078933049211474566000572902222 0.16478456886469872961060032907736857137374347775344919870192661702055404172519130681817878014003521272 0.34113542394659802377967566128529624151313597648571045095680041886995965029061964904721641683194064858
0.22279669874421459424259179159598280851007864442524669336000463089033042365090490498200853806452640173 -0.045324031981343877875730500005646207635076539755852919354375208396483789133468622244955378304238605765 0.061286897953581403872462012904407449766540348986547554029104064730354318079881589197797800032420459452
-0.035418895332838340238398321559406344973178411810279538132746837953435428024974328736951566365328036868 0.071894364907036550560987460600380489683834672905467056245463792162901683380589860772985028155003132361 0.082037594490453500504627509344819974205130943797361811862794806416639519657652340060487324696712086986
-1.6180813610269954638432935867980290442780005931301587915222772753980866867303806365366391892720891051 -0.94255223859487379663418554629739647250266189643248426872372012239521338708195862343848467303001416243 0.23500968267746756155659008516626744359607461743011024469058622641596813726479996491698959397009012337
-0.062459794315249773624810939273539591202961583065136289485980481972638532601472432714463762812050292178 0.34414019641586025581110725127400168787068202109472128745305052931583659515444034021501537217841010658 0.1637025396003990809360625328904886226355745891406037040732002592122532240584024126126123582735388706
-1.6225313838753605306435849107515859405092151602109652810208200117715565463996431175665801645361381257 0.72136697732588019857434335595509674533765134958644694004364155392503015653766829117195598751038823039 0.072149649204793929159774868621675938942487352386646638533452527261186173007891412320415470186424763404
-0.45089389929806540192723394834032384626248905336934668161403075923347996634732453459146616590356387969 0.63102720795176250464260311745821960142952791566253143149437109076826623660492510770487132420608703594 0.1579437967384911910040318665438561770752572455130159446564351207252503066170549100936402720858887302
-0.047498038810820643308842285552066887827192140686018770994753879268435398830668794787588775627908973173 1.5964058750970712303297585981961868174995439054502484644129511035856840710827234651904210846424953693 0.2945861997206767686318133035844836712831478601412241669679558095174882632352331677206819613416728019
0.0099339703163095530082815665359226288648254119646550383891144049263980990316128888973439134503596170553 -0.81156675688541038311336311124863318056039425929375911206591528388270978355810936819917845541646390384 0.19175860732953018372522555338602117087956588315609236092165553828865677693604852270027965213082227062
-0.72509830086348396183198132010991843608347697734430686662179748904206997117263811549302462809324721784 -0.099871855368078672764840762502567469152207165165551287968933943332727275472970002756695040708688439229 0.23574608063524143493214091333376574060333537514181001621217951029135646676703889988769677618360970489
-0.39267970606044906534953155245188505932937512422038025210456477948055961126081332853951729864739775991 -0.73510056788088306557319221485744388989961608794808620255831147199921675756302686047265244898256446276 0.067906175619264647008354152690037478391117365048430789935011060880609643152960661179044681832308737809
-0.82954692697997154484418539627440456320209013782266210926845188741437874868047146648923735124097003363 -1.0432477080849560133843307101789667959056975521044865837416192132367958763314104605353649583442555159 0.3029664593287261676938335057023480007594540397691755892293523573947804425756631569336646455181447916
