-0.01946007165433888065661850507235718479692240940959163120619430378681163844787982368474372444159030146 -0.032820383630537940677744878013850605195172263525967043258259617994904869859960655280175600929425050017 0.041976889014889741957242000741237036348774642108524057748933615395895646528331039183037257957410588367
-0.2090045299229894728694317585711175413198657860470068096204315495255437236672808323418920682238046828 -0.8610924398803050029812750390104354410236167623269696432575745322201604884142495271015796071128598252 0.22583083285483863714097204414450805688585192452527185830107994490256961014437860468576140776455867803
-0.63423711398765440950393876164704911453409414005317289359570349120581358369128552164792077304561723253 -0.44201439576315366191451977199127680515317779387948330669330596225753212584771800314171767458569998655 0.31939572774533921724009091707093496256402264658606571251039386110055739512598607522880927636688719415
1.0109336170381941642032073365851302223013303698539957679965908393293030392911482578569550078296505037 -0.4678734230406045352265075430906020884413822332805424730480406974699343927116494259001842997775542618 0.17625681729531147430306665773586195765105264080960360656726356673537663320325395555197428072126784094
0.32682811415768071403455644256708980797515118679562095052196177106671470761184400876485406411617092703 0.10480940648672532411865817334287370681778712454353148392459249885875907084858399309718716255963048748 0.29415758889447629765335576007796058894930595786628898019164579568630228836534514055622049928911857989
-0.79935050401334432272700182775793474989098339341671816546821184513286467430078834546225288331391506118 0.68457575115925460862610567854544006556826563490293484354334831786027288759221247545351781283407341035 0.14749363534558019377902464230333870681230774671526937368443067618872408928112238063462555004377105979
-0.2761004472082289004373378070544876070430406367635837427805777152823806393043553006310648670859663112 -0.029103079005980032501211940396753149158359471349072843211526132840139894953671833809900381458965351666 0.26787583144332559196107644197797687638919702713840317716313057043366743304807937826302460672293520104
-0.67686364399632984054399370774341766334558174163710387389091113634789086695284294327136059510586223966 1.1445313210075751059382206828476931005948932432329537680291973246005855410009656963587445575181847934 0.38955923454631374732914707301914819265390537443268882907125928521209115819354387039821925602644508834
-1.5963449758457423973834245205591840052600939954465263024538966320011147266862362997821321440270889814 0.55837766922397345658437257772685220394352087572678926555516173887603949110720273915609608027545540465 0.18915654806440533892384516492167262387213174430225986558220473873932334319156098535243728927105461603
-1.0358304140460404193859059320742969851426672243879962340378158497054361032227325973482336441501192295 -1.5441010570536935231592856193664109904789151921937685270632869229513032875329931505700796257064134982 0.02477314199773139822415294831012717929376337877969005107716835883841290122945715584351262414404015074
0.24044610541354782986345840538111029270845133828975681212535880183690980792235179086996566562709071471 1.66441191926982663777433427459594217794707372937986560219166990268640907258895324874141784425792137 0.32291713023058000971874373359968969503302047924173104508065122941312362545354996354362827287079883323
-0.098188807596694287680037831836923630437676417667199038935844205651346977737002305930364994792152327607 1.7101910184423600251179495044345644853402008453153797827435597677314725597860945666914338392674142925 0.35792292576478923062846608374752080531831066816296659846917024379025034653719014694999110814044143788
-0.22904418652117957547131059052568965723735574952311119288226196893120123905742773629734262344626021257 0.40645506485807531044820202644595850016244730232094618708315351455801973712266314572950141051266703584 0.027084156112887570186852504149520586429558762069500405244162865416547641503719909894858040245092999739
0.87122402555894484204756161135333016103126947026709818252627259922447526228976468240762512615786936295 1.081361288402322830916645016862348466734901165646567828665330110367355629344251364887443204126889797 0.29937254656944255686601511838551350748199135803774973004722625943723887650746282819890793324160131566
0.48093834780941044337149011536205994549644116562282834397878242952118034936170694020493496008319336661 -1.1343959053225865460293449679812205730133444227370192883769735154677581988144604767262660312838427468 0.0015538645353954691056992356712860903388920709562954652917898691705498241773683106784599858449664217178
0.21855368279594838905915306840824013865264917014396424833459069429998011018046881021713549019540161902 -0.26454377838195214490781068152111313719005931695550488516119966462842485759979395352402432603092086142 0.052377195019828605076251323910663610719927631456255913536498348670494955044067855384141094358486923454
1.9057942127984703905054845731132840540040903488002950224207527746741501019811851186025831282851871355 -0.06692738772432388730064431390299024977060320358013858371912086646892238136862538063096466278148378801 0.28938149997244980423497609729461015410091992612572413486097689059885402756569918753643499154587502259
1.4743867607237649325591921986717068229632891001272094291810566361068065556089116418770373472616320792 0.42236870090399327838806354956572149459580155585433081461874769234659768989147662673239109980327890945 0.23634081250240273752117592462931739924954415498255901023246037481384013924731991043438440742954156355
0.63548568388223052199546595858947439707513230006746515978891035858466401044442170421312614104289329521 -0.51446621490424052965696340998599764156486520051380609346205698003907416933473901127069819937418019544 0.020292943515370505790858607940817353114654495582443097695792902456150816432383722985848855694677373305
-0.045806633906777514389209909567068857125039425366932782621983501883955064781709391137410644271293558359 0.72800575406488858751998555643344896731256727941726300338366878379094292549968707332781207395347128735 0.35606805863609334985864294305296764007848300293465350279303969347312882051252466983709663599119138912
-0.43473713929845815116898967841801006612362472774772815457127703494248493933717817798211833023811368419 0.62802613718366627582226541284278536930427256540590146385872976959076538363709397482094511291452478352 0.13520198411130136173820193046878597446023419551586132292602902951609389419183909526208046008566425788
0.22781723746314157882455174576396660074354368063947086391557806649552156029394585947421383137024622537 -0.67655117615966431382778045236508453858693255820486222639883770436587963656680985763830943243653848193 0.34680159816280840236362674829043733111452283126242932769565203203238822471792856059417644068310381177
-0.55628274161427835372532620969411370205397344175641340947269504960202966185572626349957450511163422238 1.7624035892804252934484773669450673963745657128796381754614521080337819984250724620230731733852459846 0.21967236453370836830217442994557684185096953602481349119746061756864694365192562935661968521092306703
-0.27924982829352791084327592123016936067859867803169466057635917152467664469290849097050145837763323519 1.7066619731650244496177522442317368406377190419755334104523814244980457273461976681763011135754118445 0.39817881222346790207886211584938172777872114820695864295111710286300837640585169378617502785434062581
-0.7107594967324323875587638939491385773416608840916926203625066310600981590210519997780969045490614931 -1.4367722179040246460913468679305301473972120512733926895898907751705295378628984171833818457471741462 0.30028237646139112522096066642805290520153959629404530772999184597903513731751336528723076737548941848
-1.2110753003066423133863999148319473394444461557411657102243682454947599654846547080531144009569885743 1.012709295235123428127240190001506132039016431695700037008967686670775094768510662405342132235755732 0.24844329890606598446291461493808710103949862604146313075948644252165923696246122553694448935280129547
1.9094683685118294650405905544830429052040553554248406748048920059971271868755339601618293333403000849 0.52240806044929526778617934905611339347711598280980159322483955388328274450629136205998517529636754203 0.077724957855138930375388076017410052219427511384589444684928585211148348665915875396403095072074860339
-0.11794299987434167194587306115857444676936180500236466536872850425870613718061323626433838730037387699 0.76375076110451540860474960859357717964263096423623458239890530218257798572567192968745769999672747196 0.092322710084559700879400994810312236448503239727961991968255410850495375127817120008385682446252791619
-0.57944262099750209532834493869242736926324326638604386572662987446038098439944109751331373790090936038 -0.26950590756465804184330627015812368988902350429872304913121978449335737548400751459736095878679910195 0.090816720165520926570259765561408605813595832274700745000295148298064553443080542831725535172860896589
-0.27870463459288525438612087535133773715059295557843788977724542288291462490367263392354252753621245798 -0.12794097497805899996561009483493089935874074020409500221232077708028420349215281567043086465286383762 0.37622308584548698838544322470869199153456171248484372726883239640009288194357275085398094179684162812
