0.13772342572159850596075557525394475074616011741360498863167608058250123960266553601303479174961334832 -0.0011323717996208947350724145201366220467824379729273273068440464562253824794924187991667426048313577768 0.31510737821090827824692798988845179814056271369935599801695640917787113883279414512550052709070505948
-0.86418265706791034355217129463376393667215194707808814106326429971382039612458822622487168571444759238 -0.5348499529172590508023693631737381255719352603535048684515146053245890444626795139301743320368701695 0.074791781989193753136112780386715322186158139818084876439464344451515448396830408868614474050971378985
-0.25033977278355989202635616731711741477928469686918616615878684828780769035975062308892750441171612135 -0.083965870974721056626821443869361080459112539588068958273462993626725008088097646125768364799956393329 0.022452019445599929652134712708280317695487849448879598916937883092599972642259571787064041698792964546
0.044922748794625860518224045835775445939781734055431954887007177501907968561723459218278310802150915236 0.18735544979158463924275927680911092780583287286511729368406222033347337553385816726804313100046995065 0.12660024199521236891343464741512616395145927371480925866506857715757102755002492634623954998578526381
0.049983148335825114052696595636952862308486391190293310597279957762278089139737898134939474268602447794 0.10181820354407101896344811443391863493219572919463713626846349902732982778132279217848063915860020262 0.4102889340322548239204408899625294026699986600641960151918092914243753127262435260728158548868342406
-0.35244285712424926713258101475762592479358976536785984749155204374201683874124829524584583312147906272 -0.082114330860546938515150971578963429137903323258657153034242906297580618518698911143774395677940098389 0.24591318322652404318050569514658738978323708192400304989213694899647675746993477564691670254884208921
0.85502245790059308675775183109735098459456170461802209154083248014086935266853900846226338409417568374 -1.0631304972836645252762864715139161681124046871237948807161877224757650255617466172908364183993654446 0.0035460507413254488539466712088035422449154691073377346652220624316700069968472790069280514991449737438
-0.50565215079248759985821134752362578740430150303817249755653784403945328226825717451640940360107436805 0.46837134121577993847326368538376801237559336404161929583498109052024937484168168414459863670109745123 0.15942151608975990891555222392145146732078484463627981759784506774055216611756302655498982146051832803
-0.10249338772794238350880568852114504636395504259268806924655444810255741621967006888808807424285332158 -0.43884223680688080661215144936292886353262938936981228743887139906311258758173962622412592563275570284 0.27037795811612530143993344998568259647280022130191798634530014212374954497365364809143199701251571305
0.15399107880859569236033192911196298470334138691858077014842267642866333987341161369081459364261309077 0.17040040470477502977242520467777362495652242127518773651332382294308866529354266029221080361765159128 0.36040553692694127488443229372225306817543447753629062795901311186603947304859929649122042738176179684
-1.6424596319320054249474740850067564386390070515894870605272148811824325425706991491864182884502001082 0.97157057041586447700032776430701890378846833184169952811452838740486056856326098772888476018689980311 0.033595187617327019450351782537321230177120595388603112794877721436617213048740153637934387688800845935
1.8447940894592410450536752310756538015455931540188886680028313465536834332244110725683294260209890307 0.23919863238021242583476648760867591722020344394779555277548187755313048113274348367097388957638782697 0.20882013819831920380743180796468184496370691588774731290822707875304929662495770271625938647461858487
-0.48925918901794315138186766094145250299474520775475997974100355526494298526251730237516212166964515841 0.24370561424106054657656078510013389578949315789561831486773629220389925550678170921322889616902227486 0.028017009265550267111605352598225555070054732596293275869962226676832017542325628827234225282451760172
1.3387223391688114296598774044327792810337479497148413775307281792842699637212531315175036352570805342 -1.4750830268545438880981970710365822824982098304173602092940544266801218449952316433590558335195309871 0.37969992475014017811231714688363296854063679337464338516028006932059570143024372210537343705867876811
0.1859723926752114376163211232766358688142127326888837484073652675120956521423301272689048496146324792 0.66965257929233932086991121950170786731841114583973446750013396607806128715372942133750780268036065095 0.35979896560292085597918268708724265791929436245463859650002912466773941717307008913542455270152400953
1.107847948454144765277546960482765364484087230529274939113045150388155669314466479023843919741360243 -0.25987859597253941313748800976476061593419530532544059172621641068669667335211284256162290005154245268 0.28378530511351854344151259872990973045580310745098571053419183289611860746555997945680487763438535716
1.9201198033567878757282989994026783507648311024362233417750015777485122903749214215855053919612218726 0.33142543109784921458646610179240139149345573642020608652540593153895215382785473665988557852376755974 0.12848173545331310661463418082278115050327031682868300276588407767433398970059698742484367254634510821
0.06750683532517667151789173699307357923680092348729850205944427988107799183820430971007663780839792212 1.1622965566413907099205121241034309417890797512733391909611559999011712210348475883955741262188988245 0.33903664698854165190819399849840624166031152654957823923398933767297707438176725828723260018404545255
-0.66585034440537733812502538715759522050480873970662861445383574053741869319628644991798137570994471078 0.36004674689161060228145956328813396614103619275980670755823985572052775272428221707898861449124762557 0.30964979445676284225197659393875789636840348214533007073161900124560999031794809708926965800692308865
-0.092223555993897559034725991077142327316912859973330586978537836819306163332613581324146166719007766052 0.80294778698211539464359184126070958810285117792982436511994015165536617097439570125371293235665881532 0.33941058582008667120524266051559980643587290903413980793069151012326120835365673632499850136121915086
0.43923202714004437633123579072107921751320529187517337801659902370891305543080795526472761411577658269 -0.94148080641224717534673371952168168815564049581348115324575770428536480337289344336302786947773506217 0.08864514571999598483257429640556860749459102790958518926603456716688971185191158548395680045674688438
-0.33202154392588769874739903487446545572346048883625759331597378749450567155478330665472127631487987014 0.25866761205242861839854391497241700816954598790203969910457646566762473585488817454517548815806574784 0.25058516810292556125240289886712808560396522845653171168564627349626433610115409992401071713516057202
-0.18895064319366638897116250130170085104333000501349642854536656498245215875648293718774296384630963323 1.3989536303358410679211493232874767979006354605646078408423335319626725548795138597550029326474532806 0.052309611529363013027808702857652471259894661333581616240625266577462653564174114957152736627333876623
0.96935472142061318187924106714186413994364561088481207313338312953407019045272901043173276565329243844 -0.38705882967901994495858033165480603044269347454108325449795626554698099811325880718317775970074685347 0.01382669162692545073204465461526617751852154544137329256966689738844258057923609128077264462668526762
0.19555205735001927311237985358977128315651301888301436166325366229188058326125404075535887623176531568 0.38558450553399175530942120505568599639586305755006169647028088676939629087589314913058771143730994834 0.31867284987136023524932799349629226904596623161086970172813269202289074037029003119215952016481993746
0.01987812727563469059811338066788405834734033696679909716450920509205309644589517348976819112270844227 0.054839597697989499808640423043041600852546786955939747060693420699991008445009421830978925018361881264 0.21932425081185072883567940891652119748434806012191181867348587630152816448415439936408334918119109432
0.54778450803317660794462049752314657099006430927721855146665099998237400787907121759337831154627258738 -0.1900853483529583553244794459210050815919959445290131368593266823471055186420931486952969080240234666 0.013196459528862852856614768742619745054038263279542811529105884478290466964517981494992289974126680784
1.3829312442426058730673721044329993827557783789518366957518667117810603251315715955883736052858858036 -0.061647389255646709690661540824510976886351102329838050797566487191722191395354387650804026017267304572 0.38266070529679892102940016525417623051653670511820743942166668827700084222152789976251339667665606926
1.0284864416264413760397699903572742320451974338246872431014351916911561249819219045031556812522537868 0.64631571942261338095900121330484754749459098444504423950011447254648967136713433770131925054822948225 0.13333125693059533979269351163145648568559526793736386539761144494254144653041977410029994181779906837
-0.5724830531521148850292201480432990077432801712066297780172922879846157536657769768742536033834815922 -0.33050753890719572065366481475836831499876750420902536912306498078264398790119391133048001866323278259 0.222920725071415511753908174647248452364207252649547617178904062742010373295734817011414360541151985
