0.10755453260385493741222692563714797180234783045328628554610005212529073449301575653644859099734825879 -0.52557559685678913849187152931443221250827182807166786395817762211864032829032714525395209543177651362 0.205507511483256840268015864834613890091813233633307751806543299241813187395782080001210940620148274
-0.85799315959283922099395757936454797797942119786086845813915145676860799011108660930850513369686522548 0.86235675818957835771648425139359093029432012207920928719229078834939180708160272250137294687096755652 0.30196670880227330367663796186711238041476212544554048069718237361411336643192336778749906700814565288
-0.74445855868029835119859571389919284710514018574810078015186866840180633980026120078939192340094430793 0.41818519962797798506013224995044115341127421452070855795900427927393631698721716880509504685234011395 0.31527795011630237515981718170170574831493887070718297658213045802178245644460835346606041612544658658
0.2976916659702820811214686737771956197282412972104344801349859941378634858726208101260882805728929386 -0.17247991692662740484065969221604407328830886971484670467588739894658550061384852248330444323985951632 0.17098680057447287321573201312719314993369054416942170766360804099938650183924063579531619637947998768
1.7977742417462453439624919691668120661828675467279385580770296238319809415750819962501634069095466201 -0.17299865686600707618582298602335727600746417696115144858471233156960634851982245298139053165642468408 0.39142151865363013542592759590378268470094253731295692766624079865625073722777607146163933023495486656
0.53365371179996508208417488701149821865722154766850851634147157500968461575970767830308735183407392029 0.063460664399588496860434573958251009632624625257755768577866001337291920620439240793612673420658157639 0.0058920535856743701656963032485269650723139949430008224708610644619178852602095784622489554247607555331
1.0099334370923617343207165332602198320217438288933074470056930418673061015164036028998317350970413344 -1.3279399698319051775240602468171423649167203497791710297181597769471390840183524633924227549777370504 0.027774543666615234988580144076105271119398322819953470190755072852662393342205401196297981064531698746
-0.51473041503196899363142867054199660439499488330847647827648308710303524808188515882217489964723851122 -1.4708784926445072485315336310166026048418660746930093081455981945442715783511856274009598450666273052 0.054572360103182967408253243740882770153554560669798968199233689224381335591058175897754283420040954988
0.13299404755742871106141911477841158090083222369016018111303898141089549522131759344320388216809520522 0.20500589318253575592247580370983245053074340088392455643518470270393470289841596156465189561467191973 0.10652182527157791366889599976197149729520951069754780950443154050098085864973940359409858054679497029
-0.85417034199901974013879481074559722772377791635717178554679700019328192920529382148557830217988222753 0.32797336686876643660430800299898983798315862495024672189224691851039404058776522426762329203209368712 0.043536784559248495148048068186652756012113971936318047878024536430077611059053459778555580193825137386
-1.8721984435623330646466118413395962654737951323455858822593108272606061899468804596843392667957806329 -0.60562821672190878595047904688337318190106593191876138981351863030938705773945650633738446072271336868 0.13159948640532717236643984792401135791095524342615306004019534799618451998729087812127597118441449842
-0.92022274624285394136735370989041956274948702516670535130303561053149704276524098173016674660243457834 1.1017211464062009341354892607893466756670620228558387886995220036661075324738392642172971080394799692 0.31822787649623543738734067512759064172289948809380294710738755115946868169500086055218411211388957713
0.64046576177175461337111298968460317277890351423156405153843457663524781629337302565174315637312937252 0.26032388753111627161262776131148141858474095685986498093650873328556464681004215935598775693550037245 0.2190235133033583736626638455498947245034734333403717936299691268653987666381840310321363706012798726
-0.64056312066009734489560112153014297572945889629247624785142730837598323151201139014767620332380537815 -1.8042183137683947361438017131783398398993851161639455242746866517823920833453385025651180063522999384 0.15751085439861021637261275259047279673633885133419582215872337194290092836319451425257851473953840039
-0.0047604342851303508098304639829744863608262410288020886270298941201648176894371894353508402006799676351 0.0088322502919742413549346735343510441991531209802247957475050022855071264378633631595489261618693260769 0.1436421421386255828168721235283687710182843893338930238887211424197574703271652870531408594058180705
0.82537485288993778253764122066048986066933057287246524669373063487416448967649172803017038473627080597 -0.59706430738112617718575718548555634986904168864520263760139481171968166053739390014081688823096113722 0.11822008955579516546874420918544262384951220031657669004230926892175746728741153084066732183211828952
0.1301078103020776849635469767631136685722953795862759770365191180194868125268756652730223328747582539 -0.78301922902398921219536713089146129973831044344259227408593943368661511547351328409245681924636115121 0.10970453547885833554687326838315773772139935269180560386888455296701078392185982984123702480081923432
0.26308445657800907221469120338516784160497734266441668433334473218543592328410891708382111859705334654 -0.6480304861308494930986553895450565388812165551877873928784379143208295865683827349918379636347211201 0.40237876760920337122970441247833517582904986841143800334527906654364894765865926965725018260420138261
0.061526473919819254573132929560505379349781842293140321407847839801585347594997653707102254630448660153 -0.11814071524298547774530343127281302821481543476034154610878231505654646107805012673101239160352115103 0.11704681038651515324018955210590310489161691160482336056260362274133160494575302712529961885812626598
-0.44857888373993402267736818413966087050630500024212549834271222716669936294395968154944395455829248501 -0.15985414461217894943120866595441195063403602855504285035594032407535609628528708215757435541789175396 0.18001813075971329761225563025999392011793010030757293349764423280739441720063459306900341532183515793
-1.0006766120239427452003742450498432312652239280817831752651749616949978493124354869393477067260145168 0.50014767379981774960193303680010649334198470347591602663961625505837454859720331991334145020475447511 0.16798154862387501800523785783805304161150933364264160741544827328559339216676062871002708107788465515
0.4775482826060859274139416908885456784703051109279519471009461873312992873973763637714178857713214369 -0.311917016790466912179752817909589535877197046915057077243858052521249081495555544612307827000453992 0.16573092433957826988184452565435450523982433315192259821834339439948522983019242821178607398776488143
-0.41492236138160725721506684577210556262633962483643468671748414253430235169122919306493309288175507134 1.6647100629498194069935128961117088615728766207510094262769377563979959801551846808019003883746746997 0.186388012881075312686582417032311388171611396422323267691000790652388778912307001529879432423938975
-0.12133951652026331095218418632745666943686798489470762579974389758572979889343269719659448164788697919 -0.23326859694903006147971679415640763563818340995429318798676028107501538535096035876150201911767777396 0.20150841193556259183108401116085426055295129496570720119709499783129959860587748538956341944733100187
-0.15016710763471527584053742208431658958885089713989393571366019007448845552839382703697662382852899636 -0.19255361421636614534807036545521814953244932015440006691816023031827747390416257950403369743244286571 0.31027578833153764172083693755091759716023906385267741912637288552017801973589296980052951228461975508
0.69913340218611119886931929530906175220974009638348185095748162353117970237732704740264068252828138116 0.89603477498320405646986654424207961162245098975883601366539573692943598547976727683630838215783655458 0.048953009982386523766183758347918329564766535504534528754353249936256860609109988802334382358632862694
-0.26702291722603324209008238730578799382771302768659067436606291776938857285719871465329201663256611701 0.57995040743879046693551996053501485980450026885843702863682051625889884707717930682234766449055381125 0.13864965643519178579651448258684298367545652667506735123764537689829054267776770835418071164644083365
0.41497002886533280263236441931580392087209230978253389164868363409770182161433721396907401165849582129 0.88683291292013976023296726013059738933927025938771548741032091584527653137658094498634783857406312846 0.25070378290421769558253260399450316971829458885761396882205672576315429392099063227074029894509933951
-0.13586523052312088742531995423983592627183947606479859288565611557998917755913680511571671281045335949 0.37874813510414949164986855044754833816775619596232920494778555366042594915696477982255183057566779924 0.28448668904143313408618943828477755128911001868406190124622484057940001220904350796615271555106594905
0.65420732433586818142967977278680184607706680113882926614336164280096117259138885230312496466907926974 -0.057688753512225610589643972490486621249869011640134799225182502025119131915275502889347735035654038407 0.19566878969777244950048465051231479958158961876331840649821050074694586910574254232721345565157752994
