1.40735520123194625077759367640806351673782210096560468969892994519530736872524276551482121506775908 0.53611490122636103208797598674195186931316695636611748604321896731927281228579158912387995252975048237 0.31189825992827965002162502106083461106430438216091136545626862385854271336904325447502504102658625928
0.18255002960771281278658185855391796895649919975179074302129872186934229714851210546331701415401968762 0.71517176953619712712408300221743244442068744772932688228483407887966400244872865264273575126737128225 0.106831092686221242585529457141346553887782815752565093047112438514712858884983469865289156995451043
-0.1221324553303127355421931659545367329857567674489822191274003599949756199173894871314541850723485683 -0.021335263461518289530905387630648671194711000161019945993818158126911852561970916383221137265959830627 0.34549869884740471059805860179440253486630691299929310247753708629462336070183360674811549759520162111
0.21800192223187889076886602100336211736506439293901310232160581883497465257586021141490055198351820226 0.19476797535016209341865026134067719295271966879175496714150800659726560704516282209623420453877906816 0.40751889207189259947555259347298600316632709834264577726810894293754970601943393819490583784572589795
0.16390883421147985863265898403409738749770819121105882935091687061338595621668739434951520019607931506 0.029226459357785164913924299250228653636260605360023958960894794372961341527833505631040417701729236224 0.3602179981386843869134483643710613439668727194114638801667853316176035729459142292942089867679862188
0.20033014702267891855904308165205175902129139172586724353180731305322653458328519162933676938027753716 1.17950140543285679509550060038135247847849914069446408600829068017133550422012519466491756229169292 0.28596516683907076255634255643233814187065756635501597481059670252356528818900487133869784466523633272
-0.27607679639913606212925091858830809284515627384623785453835837629611371590116625036381823086570010453 -0.61145812318522654384900177736157759841251101865203739843400211790387324331565844377166895268104122012 0.0025785234967809994539003280212133944351848342148534564219696241217372633905025677866490779316290219359
-1.4102912924345611611868463665305348764497087892457561662832898121485491754573210089024971787450036924 0.062989259298584807737862324782575128878853039180619609195135080950513837539392069775490308270539228225 0.30967584124078185598931530642938905277394589738073397234933040811627461154511166840610226942367595712
0.61578647238790040273239884128310721372523976676934882091809955382420748461043202561132053702832957799 -0.35983954363054587440042318533394600686035299907879986683313869147535868631020784836776467036791910258 0.15111505140499643898333089218352867965366588761245011459569458161919934021427672310103754687898809655
-0.87370118757302613859366628643864960792890493158199193525651557044251983108538683625836443927700218359 0.61852671104830216970794336613724543396700086376197493725443122961002515691549352928868014133334087183 0.2880451619906150480852430741777809769098634750347155743799997584965867397118636806991808563586910677
-0.80127318036065237302207843380920573853801979823842159874096072345373133017953307444275455395512736015 0.68277565880367378867282304646950031709292506882429283909615216058669705152790540757529062795541473343 0.11597165028363216402415243726625804747350912769734260696983716917635333691789858806111750452990496098
0.029740991457493968044651499505989985131728654440890488113810585649222446689091699626109292875886547883 -0.023785743159652884390530721989658407692877131310185755929645616416438880306679503371375557278908348438 0.06548360133307496999969965772257674602480115220413376466600866897012046809303920154455980994777277401
0.36831079340335752329695724447212904638393960573318229291117651062627917676892066071314776221410081334 0.3151103488073386367613762544401596570163602164387945853020201290712379598190443744982809352102527694 0.021452725564638424312966636319797147159138188679228345832275321192164410683913624424818528650830858891
0.015337824910915466385069138470976835857532094714517247513655836475358449785231754772063391312830392678 -0.22719655751254924998515767143107322077137835165963081700439309998198459329239498985765653227581188251 0.18551090087877349878787451550129902552858066506599260580293949730648167461843474112400800156746407922
1.3647012687864700307927119770244328187246842570664866164457751558638561385083840505683940238392346787 0.78513448132320149808386515480052005695915449526467555486316878296722578185032538395937452517689377171 0.31595367098486228077173546079074555925700950317158889157183346434055847733823759782301894439941870807
0.13718327137421613401090821561800238038454009412180356205546707744771314543414678980727207190636078629 -0.43123750742990706917457481464274582326177795332429348718311632187653572243830196862257432961236460465 0.1742141910754814118654128008343831669629416635642359275860141712447631992455931876895536965950521635
1.2083398919382259863667132910646780912421626805081785742816919289779461826006933912886375737525527827 -1.3151941374905813833092447723455091215506606585051975332948959208612280417789959165229133764748962982 0.11727118852131319458514388790599828059107627419438531962898690857518024170997238342374305848474040462
-0.85881565083403083733917259319639534781344055242380687018077613942837641913048662998719037425186528158 1.1390913077859339703160395140502338766253039797165681527561279624354175884497415898289443393885590054 0.27477106914589511067557016066625294385990546694360213604901175225225636181651278963747314165665285409
-1.1687173392406074103794885317052598700089429563089036196428044988029554255946539670109897331962606739 0.30279030990029855453643041415753418138073262126598386718708597324433701197041022597154053829822017523 0.20425783450551177024003484595786441602689805365538820018181314344494013088404770062879035308097592301
0.14064456474905222836890748683492561981857346943880185851988938519370376975817835320557702064466348784 0.17267510275010088830217346023685414739481667171727959074577842564075734930304575817995289133947748103 0.11294742020590125585201021668396418903411656266009094686454098200097038905059100195417272593751327257
-0.039321081705816612738822395009433547019284332186299787788153033577175239182791677689012939160204843985 -0.15374690691747169961852989152806254817790201292998865136023983759340425350706744380935430381436257715 0.37974624738531735792742751287276245767341710283668711685999320823645889010895759592331844707381628225
0.85694525586214505985027116018669354592282994405462407574769580836546303649884466672361681204176258334 1.3445078364131465233423677830286050911672122354668027201410597687635563095600856177826812179553980682 0.35917331804897674062188093361287775462514339088742438947543154772022707461521236855521546692479882501
-0.31216189083751660547323467093768464142418814333607742702473970830480329393038641658552317267431364026 0.5312224071751029114622698646668241938999809299702107321408496873072094007754526556222001672873411179 0.17230764034582192482811830902571849469745971995683496130305813836372714703611530679393546349255690345
1.4782287714552990959766291976509314358345858742198896992698550717781671808784786454615512667548942436 0.96870662584008354564336866386431379647557024465034474460398281529633438458090657350658036344290065684 0.030084273653005418284281124013727174413666233491503167521746475260167705810063534345679811912441359906
-0.69772157384289946248997046980283764295216062851426147039712041323644132939451894807990357765768038258 -1.1042846454988174045077965622497847111250100031584707962171069882853601454556609002087484363562696002 0.17248521319713541724372764851093187201146720110783405914116558380216474157135504273635119326229724108
-0.070570090528122118411213302424537401410454367937789949402870774712556099316402761327764587242449822925 0.31919989683883346105183933114041178800729517887609940628060365848446388361965538784968948880163600286 0.14750303739263027892892114076677898687192235038412469185231265101413569112792262185748352094982395083
0.48964030736053891122908816161237267690396474542044990446221237334786072022762087095238408695059140554 0.12305266443677557157825016959079354523500216351808277852680937544400259236501211118365511861633698019 0.3226066773776420992578314764751790941271771275743327558100950597856171582005953184603023314056607162
-0.6069664542209486684769165182915216539520098544556655326520135367180520112739004431366867611789909324 -1.6193798039401682462635752487243322852847860655672262595595136451581674076290698523444425524276423549 0.3113778720224792779384206583081336971267101441710931339594798415336195003492212122095992211342220726
0.25822892321514086519810982584650844957322029998020179331694694976218565023230037996362106922274447832 0.022323134315542366290477333967224897902106774540303731625143970179972218351282923898256101510148825894 0.070809425199068343941541087842450748970942929873537358608608817035638080654068769794316991835181006565
-0.35709229386257485471913104575429406636856678887827599219808885405124279147200431383638011953108076965 0.073804841155501967575539165039717791042157779450659499954731742905650606883099635331293808871085277913 0.3405684166927109256561079021263982105794114731503101978979522910906478920751028839000662120641982675
