-0.45945085944740262184092767344136827410904476468524094128474167492032937410975528108999090278760799409 -1.0374055080271945757874433237453127318609264456291905567487244517190755484736424622883381458526069146 0.10708735981220701630403774111375331186779634797707624171383923765112211137679142473238106755450648519
0.32453103732793885125779172114879904029944083983122283041098079595283265972903411417942828142079708165 0.53315086457068648440557266283665940265013869921977679323295565567287636610688359393756964180402429722 0.1411362349023358452273840494136809204847573968938282609693186626876259247804079769107234303323285236
-1.4172527965625134750201560020114653982932927041671083711713431322782660932669995111418463863720159148 -1.2233669146535886314447480825777416449932334825357465684322236823150195168231717883710081603983202369 0.187736388133548108878271229362021598893935175243363417171358424613300871122893828895646684884971888
-0.74196653303976233645646553767142294221456744210332857341861809892682134978605172645609696400544603903 -0.78653745826579714247071394450826420448040605931411485195134389703563201609042428328046571504024397571 0.049242468939451459767687287307685617693142235718821915882122828511369650915693833773488473656183533292
0.49539547569901426135513965362995762862172446865549478936000619081586390372707752309941293464437497778 1.0633959905514263219740633224910082048541272999739364236613523260152542427143826281307667524367119657 0.34309717006350809244827231197084336192515019562912530360403926395781186905017574925486858187457929959
-0.63866729098604492887749511329801150274307763743400083356505606551627194548119487247497579095082347071 0.38112883958561922505994715620262351134221644972037617329057258964283033210643324528031665026190822851 0.22881277068958228580552069323630040312773996852987788080173236219837738848579970675117610599173409536
0.23126396095152641460759348768986976331675781495912838585829477843074027732678101775736217104434973641 0.20153814438042938508959021884954310194452566459478485974046994056205166388391759728259276778913618301 0.056771224174798337752865464643994634726817989243058969321625919177825333852599490992674526004420661409
0.59539368712834709318152553352564321596064684851365346231900596524849897784364149536935804160663616003 -0.027943138539534013130278597621178263348299223808756834998514356918888295211130310753645577689821507093 0.13572386056168677994096813954096594577663030819874492308871307031261794959138776288092316785625481381
-0.026646111465288859793521171693868562969661958502709312565571366451727775801998775272794009244015083376 0.15177528738681755974501844382001811308966050743309262361022017151961244919592745447748838329398202892 0.084482076930763631739246261921459852653995201928534617404599720742973864334966986842782399898836446331
-0.34768839788283006080656643145609163390069109981790519130956964669877091595114818248505603258978309794 0.028616429620658615606272962260055372989891941655456616757771675078818343796483431536792154046914455752 0.084124487379066961464189386330188725674436956968141105930564057997030024478456248890459610090792285673
0.54604735171407301675245479521784984698915374064039877224541598513127248818170383466495791195603125486 -1.0499887451298179798810240515880848066677979074432203752855024285589295367513822194898103577339976897 0.40788214279399169524821285724302634344261405945206111560731943146566103127656090997698064902571861226
0.17434345078033559093591758578915306585428647682254886061013011291228691313895753245450872499919157739 1.0485148018318974161677850572228074765907702269462908214199313251529051567776321228660239267115956893 0.13463883846489197472791701188883613905331243957933085522110020071673660716879417904539774428232073045
-0.4284502140159992154774311500715468511497456864123050197681074198734940980127153020384100462201119358 1.3514076418698627942681000479977571687844515116414573896074233833397811294723789130948222642488454271 0.20144526279664693584893484938978927626037376066333378919855522626021676099224275032599100030811184111
0.76329252658733680726771657870530560791284022749408720328089784191600985611450547355340667414003819385 0.063794630463073737431535842017912308738507322665409073556615039849870693264655397483975081011738396307 0.25186656758245525491948367491378667458236495467136472346858588565161537488177992903455781449864538337
1.026184782862540035760224263106550132163748543527013044880728273982012477071697813104089054443791952 0.19794257736213521035041719205444271859157892133980870291687748187464988114362933814984259371887797726 0.20923217225425216584314537797760866995561281260866901937263448319776417419365758515041900495766803097
-0.026507461539774575906107839326693717053149528202680930458254659285921580180143481696115698645799498312 1.5362696610976078558241351268294885675040503635363964930368486253683226692365166001449494493355716731 0.20973574029404758296588025441037038092739914741885647562813868947956787874898420663175000612818882557
-0.8989743573689249952204832919434264489211285866021099578288563168025344001055038712139066097628426709 0.58677337121060400657972318719535917594350595092775628987545300854678523943894817223644111124400561985 0.23415754355665676881641249505381744586436603308131033647527966319922357480884782845414122431283064156
1.8564197812145314353923500193637916152773342153571732316879359981486095727685677899682068894677258014 -0.1236469399354805801675080723936923592000495196954414857820178902451857637447961595799792833175560073 0.033551851660163162915346734040367875337798009270550962346003884662410433386374307105153583006361904043
0.15007998187559592642484431195634634433566623561653545366979096531620562124590069916137018672182985769 -0.28579434217820246941026695924090756607969402515983949404447030123958492748110917899414618631726377777 0.055395807492438718487206082509463697825887390169707522960952673311984347139380767324693855581211073173
0.21636171685069389711201747211721204278661309619527599721489491117973524223228645719297545577016225778 0.65909070193449977349668147121531973956771902854414260638433687833711466173494945977129070885014274332 0.027942333414310482762769590670360499431259433198737738651620857873718047497167933353944858326204646255
1.3102515167147748845588604498290675596549686018704570113167604724254724166047571629839610044182919403 -0.47963784483824904802999448382410464489897982857804226016957249280544816841871117458473960913724922945 0.26010340064014989829928525483316732973425180745600567292774219425511228869430992170671163495295856615
1.4478766433756682887290289984833603101088011873231393224311076861502891970654412925655357632191355317 -0.74147569642405907237374630193607123387598715601291081783883119191983147688282920824594930702483476708 0.34879652166555655382909671452675911436078778265357503817279337960382520412947048418429959022109799369
0.15402618466037483260009769266644172608325732006842385340662872249636714133407759930057931433444828778 -0.40454967845536700338229777054885578314869025273725836689276763529758677970864522457281195564705467703 0.044225927744326116902585928626013340949094893337889671129241240369201220359131194447423156088893356166
-0.13845579478473845811846335576842707256031356887245612929269261979641523834910160469496488242990089666 0.62940072282099936027788470134328183868577922169546595037574686458458499109543612991960768537137214964 0.23443583301297331417360341439321693060234260491171329314094308057297168926212416831270275016927563503
0.95551017372524794339259153636237492574544279987846795924998701910794577298885701809868971408987000636 0.419231920706897098913430711959578485004049351420552778872384298640370896894136055470133716155224863 0.20573710281659421536670119745220530974355040121501390677526328817659645883746947621149886949361355406
-0.25307418871020726975572944618822846739269535380238445104871902132628917917096006068469575905946353684 -0.29845757440584823399382694156960176709175930108286137715217689945202962199695586540824188156961489558 0.11308064981897883194040850463330476081937268927787118663545553174602161490740827783220882378002643714
0.12197365341888810125403490775159883679693946339397276932750445047862503744058663412958517684538135488 -0.53779068602380661304625836150928490869694048472838453029443584937281294656151915434381373068953625789 0.33231065706662694535083027281194067315869364095752404922035538588158158137362531557696402812349667321
1.1393865643413086940272054672651359381351429038910856486034606320750414236097874782805813579485828802 0.97667197201504594315433212050271155167315150598782818678982797433675370142154118753242622781974171074 0.34155280220048576252885681491346143824078040000833072747023434505801937540920627076877326726347946361
-0.65268127573084862658823647479241142632841379021137229454248213774224955118156831253398632382625370695 -0.96922787472800039989355025770190666807347138947725436471368577695268533696835819141282922267922733737 0.4106977083144018122725090094827364944240975867237902241880959548660305717570401428006368475638850461
0.016168401735388949768832253669293323677408945298651216185352840424434045905613095974733104594225822489 0.57199522869199930713933085893218991041464237334008691667962789501333504409090090364979331859957726787 0.096012616313016841184700078235923787369564573425089491616172643145243338849430171352037562594567921463
