-0.089473026912966464193839889209157958060812717789017132349569375244969956469203506048533497631453894786 0.064813417208413986558885480714730196741910111838528459355536433010381500802451429079154961852896133561 0.064660072222910169301838612684108820553997027292176021946830151368702900423686616027501602292477871097
0.30911389706888749092053378881597513373116113785207554712805966767919384146449156078671247585748744687 0.22011153465142933953935060344335835862116531342692864799270866179584992504738690751994701383851206634 0.059513325401882176188882860342034916073296741890173834373980513359568497579981071593273294535868723719
-1.2808269010981337374978443557170237114022976234555881799743766984439199641892648821772117268795298477 -0.54025760740190156048135346209835053461980994686483894563834625263153769141267712578229019990533253293 0.14756262300057105214192820901033780656848242683626721407227897848374838638169191154620750343634153014
-0.49204084393500941461466679673880793644892986564062778017718992934532865649946877473768893426269305292 0.75545827092631452471599320206686803786818620769779608493031413075891438998069472153084954466845182895 0.029709579305392314484434619317536155885384592623394288811648296167996800364022669229374864407158884674
-0.17117853093570177830496916733140544274019917487271425819189635208665650987852380421138690423144399622 -1.8619621808872797308337863423546060977871367563029751322578444763752474723268585285598966908880969791 0.062976691225709402272856268769004988610021092033906698092934512077821633242189165026415087446365175856
-0.42168836099038835568104343194380058877961522137360804753702877845312967160503867621721477664264772925 0.19855066808787661749383748456010333182395599769924916937437486910056963509328174941790268459122046064 0.10350208814187269793776942206608668616181692991213117546202925687936049460824502459081190529900774254
0.6002475757315192581211514244373671621163442688568404279595437721641538820664046226740182036215368587 0.54154359797502505784237670118718437938083148748348770997125485980224941864325237385077647108498072569 0.00083424448797939020158021792460860889834086461501960693614084673316527832104718870715685593741999396122
-1.2662567328271449738771242673073014077860795871137188665625942462851759411890752719465850455304522484 0.55217043563940439368960517398415736759024333204500925040868401209569103960151558320409568394918302469 0.081060116470035775494509279107068292279918115476273707887880248336580501116761824273193335274493449449
-0.049798274767155402895238304058685174550642280505397763067214450660465739316667450561350326978149841379 1.1640032688965393288667685899205710156830591860785793747214678723529390383143939737553448728991424741 0.033830874344784170587546408083595058279200904215183031100174761738093746631716918114862893146803665855
0.34674086485445813904705563989263686788503125883239423843615960748118234198722803926453238124745704758 -1.3537112280133476254644287673637064719553318828857131657100371398002136681806402198598984785239648448 0.30741825312337856511689875658571892391299782756566174668884829200282222220514889186175590843002467225
0.37628697154897256004303214023462336499070484704229147710111060242447452982738908388457060750231304025 1.2887529758393476393122719674352125373703931524976988499009935055039033499747802845147114768661827377 0.077054874013695635235009906952034166835807322524220523071813440148019027134962476211481687787340857835
0.1563410685333593098352380530178899822503478966429872109080780314878501847054052362810840743098436172 0.049010887527798351803578391080798896857109881811369052779552829955194861963649324213290096915177191406 0.41873324133214863479442705802510378850376461093199783539424742092038880534338403051232305531137218154
1.433925895951865577678293706371720652533046818203457976219374250480113833995790045036794178528619108 1.1671687066745861077990740484797523115877254979851502657557616711959877401240118918897992066416964238 0.34940654788421727804961692030975968032675749114082548691387153501434856263342269229850302114879960809
-0.45963638748128019803689817453506310511007192692436874921327141810174193010838347453374705767183966766 1.9399304892620938242691336347642239504063057131969433055766510347746844773257685535665844129167060378 0.061573339390938739961279909944120405336590550086395629378185055253664200561567751992537789245459767114
-0.051474077710394924501603092696209163445449355560516753876553398675439822799705432796714171304585948043 0.45345914051625197373091542193296824779540678534178838625292994682128676690601406518309579562062596048 0.18624761838372018982615632241080976429058029192339661243238399783179576820570511282741213124514118953
1.4466948276695754126676837147621475843664777101974873320933121904287503543312614903449788855915339965 0.16783884388742670150392256975295982300763704475264935957250746692955706506824125993542672465638652713 0.076506700835806972266372888364477539407912437718635055243644934480604711319681734150410068915848982906
1.1142495607022220484530273649683838568930480668674368671452100736812371447431851186857328669823929075 -0.5414226066262261220834770976568319628263916290928546461569583903624496980691934709220865985999307167 0.37873082969279645992038326176163286841938704598674154119439894824668706798959459934060579630010842059
0.071807296635849271529962898351214244274024448883514470214089123538709849578676590614968908924037968571 0.191597088663156248479606993688334994937671257620528324934450481539983355334615043985054178580788524 0.0054533485582991332699173407005735669771068354637106334067414164669916568916174414086952901150416118496
0.27979207982674694378896005989085333202457206355430966989820965461627173918083347190689501497331450985 1.8709239107293935939973876861157640533871687196095934441853605430229539442202752925921979680370097173 0.30187472745003073324834454597149248248393613110378851810233721800537317225025596825632672267187268178
-0.47036674498528689965927236333837066695159406707845476074563487456581074459604520332426229226981302789 0.38613881650283267478610676189739507190823190580480206456878065366047473757818253536108047917856296071 0.34020127162029167747392636428367262531091993209713360489418786196140622043440864746424759996056709553
-0.74764545729656874084951175761546507684538116767365501440415966206246668882766754270641455815157663379 0.052445062517940607406162611134829050059470548712121161378421153598249721180027268529745396465211150925 0.19280048492393340131131669081606355094055710661135434403296124177720314546096107815558077603957345269
-0.6018343642387092758608620928275264386408694770215877657174845195402989060529717960711188031725007924 1.5558720993063797679598386151503860265385938352141740240690542979725987862342259165343675202511263022 0.34407365458677542946183149850512760735968459172312927627253469213793593705055094025885695168973500581
-1.4943447447940506255776989600559500649683874119580055722606843856534366802578085145989317130865794529 -0.39738458535212853691849111353839440666989069814738854768398609083681348599564506831420445145987561646 0.38795269831000527517583804356934261564464349210872300984876592406659879951811105491347121021573169974
-0.12196955332609104653572511657853935704588070460980323461031627480536808042249778932295513969232577575 -0.012780546823443628207173697038465612232782334289294246656757617667773210922095606665860713935879393965 0.29691122682150613296838925438419438695082414807132571287107834836958165592498253738941719172558673227
1.6247641387530188163259276473346745006824278759121232979397668221994417165025239243168066120529012443 -0.10910404551235477759396616091930150875121313541083791518859450167474790245747140516810572331340496619 0.3550397556456252720553374276699317713052761041778505182584916746582939004270839707011961729763649378
0.12182496413035352869661530129998965908944411952464667088400983632751003227191246359562702566627528622 -0.18136777582024494520928292841973276198634681055209401094413302859183661960073273409617404199174868769 0.32121827176518609590520320379353153618460466578818844205450817399956667224427982051193262351226400844
0.04734680976317353582488219624622163818942854985381949970879202302949805701659481714093997806198448584 0.053064205405698246776772348684781112514516737073811125736379492078809732551607512384614980639915900367 0.32342008452518720720919279519183087303492645019847509340577914088939607783574261186922918061617938905
0.012547844874434760437981408815536743923453576483898405064617866041406020851700462416590371532138800777 0.034745802958458267105719671231444492246657211494092734084549627582381552456089643182901803564127691623 0.04960434896186949532023131954528577967228488029108998436513991756024332424615321624422286609212491217
0.16136944343179429310842531103040662728491523700478092206218189583580684439234596365220990707012658633 1.2532707954452541693296960595928034900667732976285944214006121901687451399732361714032024471806677933 0.063999937125857628251347361529066194151491525667139420251404564260307081952862512766534654367427678112
-0.83938865522342614227552315250819823584493448952113721870260039539236564160803336129791577830217239862 -1.6426912902664892585626790409109458863297220757839029334557827612653746654525660866977546644168181631 0.17220495037731876084084513573295342302543331619903806892405697947041587216885602554159994810462338271
