0.47228150854062237777548432850462436770442908388634813118023673581357410422170024488811481482926074068 0.1774339901959416464370189494168513573964903789017996480146162777232087001363671000984009655279092936 0.39139763571856069689492948413632238834605776461290771807275041694095519809046882942534035871129220738
0.00053482717367304749038536674267646169141882181171094687972778955864671174431135304172796139452440396484 -0.0023802880343564532836152094557141952902974225067411253547101002010768739894208348536448076384498957841 0.073930609567110745744691073214269675006548554786892932148201279431523092732661376156096027745908325535
1.5667801302895535771284780840042895412380295685440430699359334505875519028610474181344086399342926254 0.62984566563310803282988553726631177996376033184777880219328939305487094035124436111801087946862955946 0.26345954906860210372690854436135831121481585866830604561229280373810265526049483854379054240408136316
-0.010428502595980338788307613099305678641709616642740064648735247954025005265392429038945530937212059896 -0.04522869067189773950541281551846013319392789389475769632331845363579133727751058472158241878606917859 0.40647365930184400905995578814456620278470865312187530063897373222212366818096597906223344107923147532
0.10864767391878921957500126129989045430328318056603626872983493419921605797763207382020866315519239113 0.030012457031729808068723825643117044881631697727244266372148053549435416844903639113515005550959982265 0.40791045131525028081613084668247434932113929614809530103351096690616509039880885013553013824768438366
0.1749208520249292148058999239011800922778930704905149240819460115837423859215757490126863999055770922 1.7267814647360877945541062705020943396419144740468387520375410416134506806771421833425949072168367418 0.16416640943631237449216211130559747245557057862772100074973247762468502949509944437493298507452765727
0.12377215673838536750276236351264790384718123117180295568056423842165347718479048529697650151997753933 -0.072558931925349624775102277459755532005472230424720599899602342182481135074223029548341564776407631389 0.0002625850144480300045059687148728382065701072557349138838301727066306682515282994704765153064651044497
-1.7868912520985151562393387214352978780744057382394214047794459325914864592459773600993013449232574035 -0.073306647378634957933261048771297148772607488832203730645037615069990682602454601057172122604232053848 0.11919287098414700295933718966486915913774606494976196275669156169794480539260902988690001304007796036
0.052097001552230576652721731246855951113588652962647340429777979176169558555497405935016057180425178263 0.292422038765692992166361926034925614346672436286457855800063734791949404169470936038719637766531395 0.19434556008764979934863340016999083839504806109446708899322293451438231072570485069489479286826419177
0.17881840584256365432182132084257372649278124562220746630270780588033457112517470372460755385674952902 0.093870772169839282741308183206175416165636851282248796485620274240361279694713751456146320769348501784 0.33722918165361239015437848881750281229474231721075340350258623525727508158865814968869806787169262649
-0.85104464157727517937123239664949829720298769005347680996694960111075649701240636078589880491316269163 -0.3993666425566646078763206062060792491596712024879645075192717115518442663845118760147799154950280595 0.37643655567419116660649268090443290040782287484329804468732301467246553574052442679523160448167059618
0.29193470829097820485376484845280264019690890992009237845170280940524053634113485963466173905911077272 -0.38768298659682098214751353825189670554877523023118969894909735067439038057919694764940018123859750647 0.11531967702370084063028515923845495220105740014127579233782248928306581114304489635354469245941210253
-0.25504738768838972005243943692338204532938372898352821953611856729033532134974660613301910675861132144 -0.05272568103559932299415068706271210630042172257045131747914085033408481426789472850001877041950769344 0.14048366160441245219527994509596913641074653621185786764798153310676019834318706021042536712731538956
0.22970819684672041137939984049871693307503823051153758577573796918893089814437066744480730878506383379 -0.21853840365306342283904237935523716377582973895895369594471977610939196194341123457434275751790736074 0.21439772776732286042425651720103650186425806903585802530546283310071461222569105793716066996541017032
-0.10314827264131598143609419351799123474738671112076039100262037411462139860754138818817093688060102552 0.26295593325586087983782399292566721677472285178785853911843552613674739843831069801974592434732751809 0.31782390719039315120045445693295000272288534634894253107981638251359898715321239623728907757083546038
1.2386069754500075148919293027981911765511239306124242521498871985379617704499699892993007761499269954 0.79687836499832694676427707559537190949797216639039117657352335904200711654023721510952452402279435502 0.11828418568012780968782824439710565412257641392737466090074318643801404081982572289880603707149817749
1.5080556993039557413442741771652807870230833300656029419372700942071987910158189124844532545158232183 -0.23198185039633624572109499285092722854762220621577751292573502148580081808405591309242618124597786793 0.13140629090519261118156103699777217289734544566436393684883341026370170787057368570969608902323458285
1.7143483997585349116298199275888773073135498285515594820855207168216059890903729752979442297119748466 0.30476951727844212080754392831614275241241249024349883187541701569283781807201640365778984876516033106 0.0039419174178617787587132522608227808558694740448173267834643749796597692219065057007831699099609771107
-0.024891319714266850068143648622339788770121344057931194152510980715356197150236523805621382013180293767 -1.0405003353183643361467252695574228172841887776776561273167427555119235784202046211646889198779705923 0.19639274647588789258157365123889535269505455644635895774252744942119916187874365354652367943723724623
0.27928186477878804906180255000190523930888297347842409071561946074087217823472996626380136345536398378 0.85147735326095721845224598896428513390536394693457833114958522821036132824596126749826374994938025888 0.33471688446186411380757365482134952180784468592577581378521049612458791053125078222566081037331409967
0.040737617894207157757639564574073853663816810566590284298044096516055025430486182420443480050629721698 -0.66809265780408168940026026641880634953437728217964277726110258764631306446505673865179277448728570662 0.1125306257581693430157218830978477298799459157807744596790309363194408304641360797490586134214929157
0.77911551691565998556913340352104582702578164288845476046645733759111396448281067470370870272161392221 -0.4128420366624422664858538150584411535685341242120593990341988341854466037465969444976528048014738556 0.38774445520144596395192101943928977794464965088393430546817684381260106728945177930715782979907157541
-0.12476657330504676619685915692407453121399837404382502005784166151200464792652444171711674324495813796 0.3737422703311756723851478544945397568817898339049871644948666038764151477880780812785551890342547376 0.21278106909206455079334094688370039305076731437644997109261681959839924509036749386698004134221816472
0.36247693374108585347164445929281686710942275423517648096967688960851277650258440055045299676100125248 0.020439932496298838035697700960187337476970703204539706312028151753334151305111210882130737786058017384 0.25221098446772413204664201490708581210073450723386030102409209663138371904712131299202318675730635519
-0.68235189714415615949074670449874040555206766022039519445337355983592777306620798342341563599985010836 1.4417079974529504667588262398625636669772814187474072207574224521733043553272065709927292497644868775 0.072953112577845297101776673556080935225682603728279814384146704546773677081155616801107684518964948127
-1.5538694437238872063852438517708924735198346665168046676599624875515817999703899059753777796771841318 -0.6063890167774654203005739381270788213087388522379977886578750964496477714838665373520334670857206393 0.119212084371796687808994026020497749646049780212040689762732593508533557189267610568838505096689473
0.15721006590495182683212404758952096042125641462365173649775454739487514015108249598139238688653832163 0.041335556323366214069721960278789114333184427581720842277328636051743975498327542404288193197249420345 0.29676834470352145558882675252012696593633476171688106765727061158076208756461743467857746115779639723
0.099549936420614740319687840949830328682727045784939933153026457590041203916075371804624732521118598092 -0.8902425613146053485373113889450223056627670040435879319613977185296930834913244997865047948915899352 0.10600016040248007236256144028629656538125636259424354979662064376845383250353118605462016519736254853
0.082352994600424194074636521335075956752690616126222561596319833275709125741744237050941567969813078519 -0.036612628257695357726421238739767981916341481597370847726218791792171526209171767262733516686545943727 0.18068113452361542202723991461993433667832897809454351073031796402846755851061820130980293582592328388
0.50124413595347389482253797994566531050805324630264681372842545536374289761812121433960099708992911003 0.36088664159974224830643126336007951765160802623026706532660914647426604744440387682794020495531685872 0.13840584811245718526158840698617477382301778003249844055716198508114876616945135172138122923207032192
