0.13161402543897812348312408842585864794706196279923378536032000285731522756205618512818317104664059722 0.33371514817112055423797227290088074972326895792409494946528230084759352188522416688155622487229426665 0.10136322145960027284905225277039013802191351464421817215372567545596914223497930825670563960529739057
0.1699783447957214081797217890457205489804571402178132596916852882315288548562081521038116054739250972 -0.099084945012955909724836760463902007801279704351211283396052736915532921086644911594029841166802249807 0.18779101691715560971219873360455417634830394290450889577160403319827995240969525771944803924221228081
1.6492086062328370611840280926103747510632346218610433675026538958559907470986253502481412265499295823 0.35366175862468195769334682655297019442255171386581834089112158106637773852378900950718618492192073296 0.39286058535141453945531943765792629995318243445992575334721857974131263259686557690755709773296441385
0.57142254634812786556020980541283869014282722780842148676100691396432134325060455717276345813638623561 -1.2892022835537310626549840676041515153153091720484115481174816982328732380394475507669356391294164547 0.39366955167851352105570760143706466776104761940287838682736673150232809308767272579534847980073291481
0.27851043072096243061413262365228766975484693197835091859470075655969282701291795785893000378379197908 0.13474186926920415834106705243398511091449687394484309383045394634801124183237729667598506272181838269 0.35969384224052527232694181073114435836963078838197789422473702198456521857783751934516808605395048409
-0.44138972079966417031708071691436790454582343739388626554680122774187876382932063811764927202038954702 1.2299793856099535723286651207221108876750890219950836006080161376825525871021687856938676517566188355 0.1917488503724409012827027915416976821689094044015480337910792621030057394677010867663874343252499066
0.52668933853436152817934738213260770631544259093999770243350627644878970888441110230124448767712790233 0.00057961130111592368153279544108120628700290277658475784863421854268247492857149878757196191737648334029 0.25932994527885906490071290302418971564531035523867490757422023014321968951692864895120326696095389354
-1.3495334821202164968422565202544493721130310286301964470463739768414960043304602105186116349986171482 1.4586307777305057103536689722733728359266634558687606165187607502185043863027530393472682250342292248 0.26298943139647727061334502033897984038152951356056661674146194709542039423272819271327262905482412887
0.47980149327501183552301012256619277420935282201350841096483849019796666341178940156207042688873572716 0.86009436338860426511498397132000988870490780399250003594547665526803238329300849880738734173935950878 0.32035149356545685953622231290080319750909522749318298067074533056870998782013887352163035556263252544
-0.6101539117771117151377467107073545750181783448366099954851428811611355003361076898046308739910456798 0.53613763858127298835745104326845903653457962854080307469829262018332821597120565806686985456351579888 0.26337670845787295063803686597409013176912488435772717434187299395392073462745145787008558350283509306
-0.2236762670841946566875418134782233746194942940669994869840645603140381758550397530791515572219432682 0.9965192033515961347798640173203768829828786325492074812701599892716191442357602995597170849231193004 0.35254719848164370634135321056707565397779532425544520449763629298696612583536785866450151295658824401
-1.2373133889047467854512463527865724344900179151022094957607030905832136286905084156100727216305732059 0.3626576991485875284322141406519225215592943183968437307372883017591484179114036196031622209076108871 0.25635901571298036245654283702776253699809532281929108546621710386870827824503900529659697693827463144
0.84707024522737274731491882373944080714725021231454795119747385445618355060308777028874159459447903235 -0.905951616022201834155843230153284772542840505252976756881395135344706523086833434557970582275436748 0.22099492054929040169353619523856475936631634432686976123457186294327321559617165676912830327427395925
0.38240968545368129219044772776626182103957381938665541837125682202127219095976922486980719837777069362 -1.6887146940002472326006718168103568384405392946521391058462366428029597340602581327632393249738013566 0.3306700845189150482396234717689680661485655550406182703849149707454512716612745002158141577571880987
1.6086856978207694347961795002247110816951899525738181096377055571474760836720531705710023509078944293 -1.0063008352255202005010465976045216518553194524224643986467391711467623866665119686889848741025436166 0.3133951911074207573504594498949631553656842464725084422349248085031288128608834362909457996823404707
-0.40844234161619339818742601074037161187790953790823465555179680878318781632138486706388595799211954696 -1.0506573954087666542138234187829753414484141381604737046586160686773889538775407356907856250815478653 0.3550996066995270504293955189064892738056246813192284882037825872652659321164060244931012082193665556
0.090231215008883227511811453743950241377146790531361809178223293728816457344543662269887281486119142624 0.15965441928574367082559606298365681243147457434927356980198596328188493578246919099203673029630050097 0.22138351290906696355934024880520944635704841793750436425093652015073845292899517050036622722618492537
-1.0564681672116800555078692481929615603966427423853721386863889572444902704144529235618361750184312525 -0.16358539102318190822822573585014829811983308052459110773948819890164387187571935799106789367058960301 0.3136364337988732832471536819185560474766161556181151773806160038028507387957441120188926360246235827
0.25502486292910950125460417363573614314668818673528018282400409347355866027377043295592539678985947442 0.081843488789007661783191647875017508910115547225804658709822233203611108168963435152922211212010309683 0.33329562510300304588255694105953326091070553968451910548782068577868665040311919518288319177806967929
0.001061447803001474841262651423179782659091466834690875954529629203716263323498289752297325990505295491 -0.01838666309865344799865869486551117345713916243004824522067048193805344811217957242951139427074777358 0.23275042491750917249071993268942807032559710860159911393326704448227844650249613461705338184625525778
-0.0095356913749511945475906727380357004303194769502643820510311586121718706406143134096968657684395066195 -0.056254421093213049489479020676432162550417087231741074531893451231918817860928798332477373228729897459 0.20224130784649787276710359550313994202354187837603059059131866992689129387432596476305759196299875265
-0.2668473884239199906039932854062104947707894698017284623336569706359062123603771786045139114489782325 0.66080297459097476983844477742489656591418643394273092333168913651895820362319699002689080293611940115 0.33637681650896158572623170194762046737396116320074730814419929482425096292228886714850511525718754527
0.21871366714389060787533731286879624095748924759979805847734502671668805931530612372711513598136946785 0.074452715433428314211736504583475834034499301653184548946470151580732251200495262399413605318764069063 0.37993261808997049385009424474935307445087336398620244026824926939325015662046871083251628127562404166
-0.02463553530078925508395541892141286121391429764074227329406192782245886567426465659157368875795740761 -0.02622937853989014015499182251666001697855766054899650509431355272858929932284517343526338924369109978 0.099417304563220896984498952338714851264663489088327098273600551377090524821938514602820598613977101107
-1.8186862696107223686223460075309475263589509112403345800222723603835779874881656410147603315348611279 -0.40158471987895947399351420998851028655379665502719169365065657285453360791553901907876639141664992535 0.37118412963545307994043723849474573454499700636603149318675554631721039364057979216692527827904089508
-1.2151284938465561572333382696579379342940342395178426566023731482367598471314436501342285081043683121 -0.070182595715451899087548775300198555362634502963623731253287347615331324247246465182819695261884094411 0.41303066995519576393326017403127333706804168583806815496003079713895632661156796051961091892006187757
0.33125951203296785774234387029065628143251618047828120287788913924419809381726325078389980306270534515 0.43604916446062060785475657469408920287602825329185299358822499503540057610555468475452834096127973557 0.27498694945584773488440304236502989475162088596829055840029530437063383998865836404896960413142513228
-1.2906340573085080005077049395871040231545188362672164593412903261296561706082874105980204604763579374 -0.022281367721014124343899236865748548082932866649522365387963299199627643620773476693202071249324527734 0.31755983333544997000940865385955306565702421332966960523929914076165568240432110685055236093935948169
0.12237501452347516940460129502127803571295740549633857146670127885607065557943584690797882492033200492 -0.081082601011148732852823848905310819099344182926167446718358248026399314684646980037643077718522666026 0.410811230620906788656022086012280443881609230520704641577950182454947129840097699482809354801910397
0.26461449801127886527161987296962787575227350450073664073369499428127250892450675986792413977240649551 0.77793695796642618638886569027474596909605433065306722014233827081966543957247472069224793977874582787 0.3528674109640098397880206946724277395093289739135568926256316459166755257112904392638442106800370832
