-1.3552340097482396716525765401878868402738927596317432294277838303466755471922218328886052196146371813 0.030516773227758370514227819723877255054704595480480029798214506966654941340642446121623640045797102896 0.18066116011478644436689228893412525609210335128399705137919452416663136627373443259329966185671018631
-0.046306157405637017749239265374864953784520483348436746814982426282029858205391253072415902332268177873 0.05669629435087231926424870285866844080851601107365660577393122127795304483686006249930767128258908848 0.024329557695805373394434563490365626741894893108647575467179316697297386149561174251855136307990003168
-0.60261445065725578972188571213802085204457397368258873097317498812826831726189137969042714351630898743 0.29483647202756051732493593598841794556900292485675335903022878435479688454055862065610869479935957102 0.031324758300161174171697636503313612846787975607046330159597487344445953353701605208447100189596627726
0.74012122420603553981789645354875406658087990845389414455416883789452196414907221199003445071858571999 -0.55877789247828808804380899047954415605128679440097664122370260156423116483863561088527015431677247445 0.092540865525387410070643166966500338359953138805759813354175021027833059991820758273929818354470188261
-0.35088213773438494948477432409777654652383471596136555844025520869579855520548780251972846412022494759 -0.18670049451278858016297177729143392952209057913229481625979656681943846989808802110578176739209399539 0.1254331277497732832793133756819539298655284595598309363990891725209893159632579388669998047202998003
-1.6438326410495315985409226990924860480457032498080529655830063475243085858353816309270250521875155564 -0.24794922397619438116919842884331034349741898646340246255300888082713509192855125021880888650990370882 0.10107801327094078906659042700751224976111213021368697366575589503281397401087473751053542055394121533
-1.1688635596244365271540833230890280350655329804921098175303040826197649023975785135741169292148500255 0.53914028524024404094223151127973245166412675134622917791775736176503161589934887439210089501838831269 0.28458599900791628641285193596588248909936576817366153138326915224047404572924282702742018699182153594
0.11724669933027115072206096079984892110615814843262191737458957697668805114066501337813889856669389177 -0.55019245933492680083952223259159421763941363042347294171708725116551341065906883557092504987063841488 0.10254271266330843809283934122001410397971616664354594090827308030341113238148288801896961590702489355
-0.081551399682378204187097734603562666671471173821746222923453912944558118503998004435634931970373249253 -0.41227063952602756321734621104661107278778914952326497568584690913073067678359720475512437798832249933 0.14724030970094655063337947692824549948200376699088324760929466743814399712466769221713483329075398225
1.0282556912722168862867426695499314401570421181214871596415929970916915330649372074428591383725866746 1.315645787194128311647213271459580156949255018346347202521703557743116241657690199796688090669791138 0.05191758069364341669094188105060722952848261615013428261378598793056288161754336292017512306355805381
0.038928175172409679637264623785131319781557018796719350502960791149941225597040525505486098089369086615 0.50353238505728862666404488806320109042680118441992838687810384811495973269295438221286996668477227184 0.25062952530489709097534856972929230388770461825444026056425388091076371111585200347047599368868561399
0.71786835196187629276723269664811963649006709148845801788717317179088121355946877137640985654786466288 -0.82680192905606696120556349734326107897058112174078913447197041922828000822905165381881619156183693069 0.37485100896317226488388089702207286238823037937407435620327432737218272141956146044163480773959553359
1.6740864023818786309479411319316351452026160684864162692505851045633077803049790421022232695058168643 0.38909838274915573268962697516284293309166066834171432973165455873141498953058879272577406827868583816 0.18761922469389964286673625010950009393053205758419904544609483719289057796172593415984107100358793658
1.0097011593611531298390862007674689310306878079923548671413858369332288722077007288404735286157160345 -0.25026111216333578830057650630920041805881828097217042796507841326534699561614617182603461469899137066 0.20944101639638378581363670274814041599567456630164805007005996067194684262687531403044512952072114971
1.5868161620329620314974341726877151437491616146559220524479279272874669358486443202282564158526105191 1.1418570730964894852793370904455214665108339821074893935435605020793069514641987303892447725123768369 0.082291929743691783093012751748452327367140208964101749495073347712375046047139707833068584371739944603
0.94316099173078248792341413784834169664237131190486044420876765782940670404768513660808684528610407824 -1.0792712504437768677050600548850097416605225228453887891628352194694988041566345349537883454137694287 0.19365636734992314125209389385622618282094523408014758193203663725708662942975810730927245273467992125
0.041203001635256358347979732528734469950979611306814768879375446561767821078690498736906556136662989947 0.58068154055499097880231864202964230535028950553787620443246435853990752364850428320813283930765246776 0.28531912187431948127492242936700764997267917440256264600080559218586885952069544517702120943312063699
-1.3572424605196079303609040920066909888265466437231426186424735322390537769383050314876533060243841416 0.82985221020712988026389543755446673271347387889078489125545544456340033544723631067804581386202555572 0.095456237933421970580466846393492484831866349902159080506803128150146242487720173073223568721749276446
0.087387328864970016879455278301907559017473851548629476132008773997838533296981181780466973981143334322 -1.3068237440390208000495317979298718910654566100043995448548733985227077420900017934332950596850567315 0.17019188441822695938257568161098964240236373385392431071974420873034867362834023265430654331567376267
-0.10220786286605936738029194231840205235256255337294727566070797705208742810451409845016102565121222776 -0.0086380993616557478033457000757055044471948024382994888533861836064051683111156201829747893057127052866 0.16057610809340952031576871597763083374014744638378940694681552111616234011288672621832692531080079268
-0.085096592411410731871935114113196951639857830320189684106302708278123160606463024771540560082760147859 -0.13253763885287344866787033401830810479821513978206398273146076258496023099552381665764640343444448485 0.16177260047512322466190410654076366594087303716509728927723656028245805631937164246351330404991164118
-0.2277648425899240500157352080301883690202906595043643868909258824488464698866010362223850712494363614 0.92502073257710332668357258210701017267881528213253412761913656650262512567721726042546414200915883264 0.25089459377181091034705903538773945563776529778254472770234644354473190858186520605540465873333230245
-0.012239613412086675510923991856638252603813755888235439274584026734703017356886234890000974142758168213 -0.50606432204231203881076485188976947224050961452648309477280316569372005526779347372124224036809339243 0.37948972829547941787436758559984884896529411077805918528159519136633489870588533978377566267796120966
1.1500685670417358833524947291539452021808928842280768655454519457529563203301017247166218547007587917 1.2101496384146949154304811165373081332669332010890233634014915050344638859943096663089807833325173066 0.23750887865401360660469702540665165580610127040368875734738529433821520824410947059462731154377790793
1.0179215753147447652380504739603566168352035496713856361241685565426093413256763576433798639548484867 -1.1992643373382522023219638508512949288336437944552019024693446477937166573636603435381451577711084011 0.23788612388234744414248202798207725061088223531586448576625799848195397613466811095067611127427035806
-1.1354731400620840357503155100073169805343190401275564471072373388925190680850926897664497742005051998 1.3696922659173703073771471953455670336635676237342810428178882425321190714593938330238733993021798754 0.095888356572010617352000160531900005347150986437713739402490442023492234389171230935587286228380882915
0.33388531416848152607801478355925250215099481588175780086328391626642590254589591525527371258818643587 0.26471688983181479169614051336966730271253204013783584588921906991563993899354902085838884470894110825 0.22800306430838485330052152036189261654361105521731145129535444766144024407294083452145537863215328801
0.82035045577693382671813004268765641304536062752336564303877015542999761439762185679234386746817677972 0.52054919223944010248655981243520982283112715957262892429644324512324126772804503667906273416353438638 0.23110600408126761492344504688433520760837983492228215893005220764890855989159219837798051122286455784
0.089339625789075391085800499474971529509199991857303278712906841014017902782422488446810586308297285518 0.091149050929461089054280441435774005695200980218751434750533672595620301106487581359480967484646712177 0.0053382409247338704978801892635919024272670637212134897655193450623213339197116488027493181634160675791
-0.5261625388604407927568183585292730371461363406457309727842376928278325489431086755281146930173417824 0.80835531620016380976309466079916915379880925233931854372004110816130500691851349028835440144030952841 0.14918360108097618603396932236749416393181412070801944481468789316072053813156277807900644028420663947
