-0.48193119093634911794266509370700237399337562737305931293710524761396296445613407011299980641357966129 0.60655122030724867764955544789439010945676441906444767616226545175850601040363468318592527285591103544 0.37413960538597423021969683127423137610713529204109053811176699168614033105427703379146435835416967414
-1.2178286613507379055823365897893983956545272437433553663110467326675358835367730881192432801177050091 -0.76040113019087819693658902620968659155525295621429143731970148314039446108918852668586595952674037446 0.20116340374371048316844740249517162052679373658601671079081970604237971785375047717003176520577455528
0.45583795135565668194203497029551749599842867105489450802906237666127440229570376463509270252457264123 0.93070646910166132966344863460913260284441749862151228889165053886371761658332238966682490034447739821 0.01748453396391736225664170395736586986614808913867727933652134528643313326348071544205245713225740882
-0.22867692137399899851125313771542657839679065331710576128056741236669354384072073354269490147281198068 -0.44967632917508713079222515710539315761673877594040573749990301209589063719848627602171903245312317221 0.29842899045359507654595596196278936929554035508579758844046637137846356707777104373735681829446115605
0.28455393320463962920317254131186444520088934469782200842387653385369243821721399064076614133963817285 0.60681531707789531388278462164455719524964837964707013431013120906183733854976557462189547090213271019 0.070921424795526542047527622842423867869248360190261474009336279199212715436933884860699790171237110633
-0.36597612412674519657248511170280058312248033046981375240603280503320192572246608367239408150257711022 0.63039237503842756286674761836539330124111763042680747156627623768534217397438097933493574667496920708 0.38281397881017460142055853641959132819823807923336686998816287246089744828831899757315868629425673628
0.49527548329885722300244446226269180776624326692855720809542284828346955125385812877266158685421477902 -0.66582118334914364388147014019674399669861759629902535810539903009651138007520106896582443469524030635 0.33288189249503585612333528356710618509204900024709571041688368176282827519500610830787792546297681247
-0.55061763902092395746423635522669971189435429711812863872678609716959532918406928403111299721512599124 1.0098806771983217836834011933338540183508059295285785168899298202396003554637911144803159071955291209 0.21199937598947358745403229828457527092157199216571368266646209517364801131906564260721588518792468424
1.4847695593147691043583416062282911750541707617018228174450948253853905479842543743103308410304894177 -0.32886958498380598846029281395668185875627281067139184446781996814687610989919921997232858407935569308 0.333246266623487533889126004217961595810331903670499681134483399320480719538472923281337228850691486
-1.5028786538483577548711546216047138903397269289284891351204348585962303414694339116456163997269506578 -0.63240661376271322527641983125554271550387887791154197960929116131322476550312912053854975495588525469 0.054739489787109240253114114639285690071704924736494166127957629825602627517511279981304495580862884509
1.5992467232938576307542850159557737746520501136106489364705825391792797622456368576049737169847796547 0.70247507057652921949254188529895989165737072077752577818321178928605649359837473805014005226756932853 0.34720584610430655048559728814269948477094369239399145001352092289884384070134300476769932768261333181
1.714429857841776780458874257489640863780229260666667931122004060330151215827409156328710847870556579 -1.0068037371660838268528132551977486675680383216932396340916764901103552802211847796934209255445151054 0.30325716658928812475118909552720091695615801911741235458989539465430550207062189891111928295773242244
-0.20470271035243159460260684198753977616242907088703183184660626338056321440661404933719695651234276663 -0.30220481322884204826633823074082634980391737181090884430657974435232642852567973734661317282942898408 0.065629547949681548359994099886607217484914655461904370269243062301958306340973884061539562797239233914
0.28923591712861755978728209692508844652969059738633220652785091533591628109484749529960134791768387428 0.38734769004996263350967017346425512705729954838875482581580884543625749694351797704225397628082742469 0.34181246051568067326219825243696080812450795857770078333760818733710720340484468099284455599848995638
-0.43033040317255971152668418867143006783507051592726563999438395873250697180920544670951032785757838412 -1.2202254868848069571765209388306288367520225584469671323604456282653163707265520535548433715192432403 0.26220269894222528507316067863081708814436226567899316441922100410800002682680457799591517963118533684
-0.3303714547699270386419091385643810538085214608587264626589185300827100072803133803049883649725707495 -0.29273864060735765497163927866257252870808001207620792222679700518631339491130182803680435074190194924 0.17435271157043636037121901474954534420372331205369180722045384145088341522742420390359990459719785046
1.4529887825413107551203173373425965840763242966976038905927585585450999939292195862708825049380389785 -1.2759916327899598631787842449040937138585128590519532109109495467720590281043674317929024623876420386 0.20495363806849313885756622519766031611948807187020933389885877724451720787531623862142125390727208626
1.7973273649179331564233066624649620202708738585296979576462114190588537488645415039857257481893200707 -0.7474801969706570275922392614915196923798497874474251674459530861696554169275726084505514974547212696 0.32743860847888475388541140707492274553537946636885431248379703904097911139653048252169429526718713226
0.45873023205923802796361601153580010282403130748104563174096541546027932058628673030125589665942176548 -1.5738315843459798153874392876560910899546680522133961042084148107005918182361370756389088885227973731 0.1791211412438207283236061704303316111932491780702346943674227149234111190324008481267173113580216947
0.95475027387863032688472897588035239017646783187631500457524388482871223470417136632619975899761467033 0.10364146890232784002360820022415858846130369097356413579117546239252200142055620610563916387073558191 0.40125933574148675125612657663182249049371424399629912219691559663326050173049870762415653682332204133
0.24362712074744130100727677230306191884398901393270484864245220713170342454799959029104181613920703226 1.3497185015146533340485860912842405650932977169593031222615634435747761285361073636263943095747693642 0.30650589609434246753804034045790530117427046400304741030843273271676674361117898543887124637686522082
-1.1674259857360234459939450563075690398813568458115009578673386135855571243412466039570632544593181082 0.51485564019019067472314924028762476791535497808983240968503622335770737995467783065753153324899208977 0.20665519875893037693333476184196374575559896684000829103915487875223218207663845389155832547488708994
0.11995840181450369314334277318186488588056374021151055660240787407273988699689714607436818634223751615 -0.64350348862807427430630174835791692423725221524319210402534974344563140123246395551817365863983294417 0.029100179243404701728554662123817807378526918357177888864091099033524827466103395820734872294212302591
0.61389581016004332831103902074670830821615923241095549997317738422619612983698769445195416763330572561 1.7789466194169227466755416091421876424534598513096318767792317712122718392151305184453225555492989946 0.1371889086636713571406496738905738386903229131758363010202114367717619418920141905074872580856883069
0.13251755529306855552638702883401157730400090093534598716555628171381977744994048128073068838212413244 -0.1998667932968877666416459805315502751429873922854053971639886437567781728511397284157744868914588508 0.056558659852659520929746140483656197875040649016366175079403239020659852229419660080502502738394772929
-0.27559111334618594636696219074001663766416724209202332144224034747186764469087170085680818640662668664 0.27323059051620723263415094040827032040762539172834213074626124706089012750746503183750158267165565455 0.18866303633765111346317615050228710088792161081504937334573214468689333815287573376073221848699963038
1.3329101859894616699362463127835220059944561259009729221789929784761400480071403669367593476714540159 -0.12468418476999196104946617293236350417936455468497801338135814793143501049312685305320243577346561581 0.18795903865669866658964205554189877428414275095919947130364014135401334432339228036838391797410453884
-0.14184723220294117946782972694026999359053758379604325960575857640872581927198574289827348731564114302 0.1306163371910147619811862911793053749922485501857026057425781406605917585436862691140596440796176341 0.13265532674463560759030253627273921680132525233267275148877390074758436428895790370916187514575407484
-0.049048900728294042503674176937140079183411150625233256540004066874717311969131721090370998237078958731 -0.16972100803359674711717167580009577179322604263758211435091531024774966504866417771453621059906365814 0.1465247172981446821965885949881927338449724031188549665354222825125257186222677435307345798540444967
-0.17213945034592018918681640911990579356613462506121211581733054604103125816526407133463940931185304033 -0.39042855770255728931633799881288383932286364397684661222973518102509825294914022825767940863923313134 0.28721887973763484918644686005378908112968029042747999635731219983479087446680015309689257025575473866
