-0.17361866186511405973186680634346006323693010592512583318694032794525501352399906285975474940558577703 -1.1040765961228919063826717746082173201015067699492633494074686023005893237515780353946567820473509166 0.1060194871155973640814147253351418786569825197310824603626546401839222746140015734096544042958350303
0.50929427215678737494901446365654436407941436420106852167835612984615788410715667430235839508506628459 0.37868677063608599086554555170087979024613871716548826357658594666240531866682212949205150121424198969 0.011005187707808130438771456860509366829529999806567598571601391561498865670908819651056262495272119892
0.05096349753312612104222662162226908052394169508682587043431008020984464564780246239192535825482914129 -0.54394379851203277952767788723717915068904874658225523267112972866000055907134542520882864698021726453 0.031473660074500512378092806015188280235794644284273274240768171437073199306176476668212515924834951783
-1.3786600344346738522577048714024898857770317965469201974520924161486009186515779134114479608317724005 -0.43239991261439118989731993730218341474698970641921833204878678265860197772517845421535133678942541404 0.052867061813922931742760430314814049777752910227561034406746735215566925856357344403965470266692869063
-1.0081147594717820310997691591807527013554336469130284227006837130169327974960983201907596471544642298 1.5705899245863015898965315162636680244091974285477757747947129750431527189979998278742589925430137406 0.31783052229896650868868919891351705393608568316535141015211682320404842202439606957465725775307937579
0.41184642430933853674581034440831194530607465815987508037757805260678183039283974439268692821690418478 -1.4612498347274633277250586122490011115514659966460214950612435847634357556347794537872451288981312908 0.039982092792204456064783604713577471148274660972372049984978739783477898170625850135729440677411105982
-0.56288699063888253569308404319168582962490312812944015247714817802034799654663827497562615579422754563 -0.0070274801875975881490368205882794880540627961331296602384712100573393665279945986200031223718515843399 0.13052119234443277356000107125869558215619572330305009007150785606432184026956741402632360068210509671
0.44135247313643577491686529258945409062812789799655393286314496041457562202384012238668442682714163839 -0.64098874043558919024989062087938796041693521937691503908634667998340053444767702978997257914646727627 0.23182321937047182101917762242120486755825959374709598929494361957650625033261622419558307463983584825
0.52258381130056041617100746421771586457185921636810138164473193791407642442072267238589893271410559288 -0.056789563802069538617422752069741300136543687524531161066212683875024632571688247549678465393263057238 0.099326480712194169473092239598668697941205568665522377540697316913283405490841367426706464920187321519
-1.3720926615726194684261828018823272885270901991745564682983953947129032276411648553469556754615218896 0.70660671995490852884334915266975773497055841786906221040492925200898635376079355228566186786731485959 0.33933147548715927394090961454821080543947750049022204484958679898117392192982530616480974691044744577
0.60167719325478750486563631414454066823488827962764048069747042749042352149052988089372734204544202808 -0.31441740861110790886754136542073557079853527045223060961297070094466516788705106572531688371689469446 0.10847090003499806138740841097360727817818214446471420076866169057967939829771040534478458018932151184
0.91080525252517329749390489470132471836898219354168250335770006567390905803628831925137209083385930005 -0.71911587351323129104584163880180058519120197527251795478873523652203578338910473450772406524955112269 0.22079589012537291792331439723745889987491443582477544566345464950264027368882969277825046652678239039
0.37611444742404852249529521486523848494938739148724708240317123703928029359495363049652603121964506507 0.72874153239243183595675790524464013710020579696487710162379996592843083551074348876313810811001839147 0.35811095541775265661037596848571924336091764159990088096994030084236544054215684290773330805759422777
-1.0644207239091602818013070021132110891774975388323237289369801858748936985459861184340782971689490588 -1.6861909032052903267846985646627351934926692050344537221726398128416889053341909183187499745524162274 0.37692238493601687762952229811079378252505765980761571945936058578560922436181921972161886901750686274
-0.039968814778821243082623429503027993539826572129954449340396647496658665829995133660645152102337554047 -0.13136451784287583733122936340796440743946773791527988346972185038967687153232723452992154956170246087 0.017344836024290234019363684280109559921870979766147488272738658389724398641109323551366077571483939482
-1.9652866587392787544778581875710669896037751427319431032435215107123364031606106267827721699146350247 0.34704201812857513665230518528202753412228475569601601962976813135072184115700180048120528158853492171 0.38861623173104622122853012229738992135801198459589655439759962781176228638850469633749928642054715444
0.70549071948322172794413578040313825334135173459660977624726937952629794975419298603102447484498109926 -0.1948784797731562101386727686823195920128294307491834061773453090148018002822754810890226032583492998 0.26244452143866886825618365370151134284977246651222312460720867502186927535095183579236739861327410666
0.2965232713677132295226982023733920729311752761325060641436012934528949273577747122202615932480112399 0.41256346313359535682169127099672317543070695463164464549936789324615709265577321115739900453919138676 0.32261067179412754695169209520674359394122762247496518339917538319661275974631097007438427256978740622
0.69612879168706966163751447212905499248650587464531119884391425205556298574407604383479493769395421396 -0.59563494347127964922567311626652317309540712708776603306952805423343415550455094344838187292439441846 0.34632044397288215746142049566745090965495777283008237987978339921673691089071222725074116730410391171
0.22796410105975079385680932693681794946859173401241313575853958972347976379135505377115812376953496638 -0.0138832571515686581643762285778654302336002906152025031546185865775293319621395699138085207060442665 0.39294667273987599801076606209102479748662195131488252580612763127076243653814795647794437146261973367
1.6643557850125140731647031205822578282446586287176022312581632218212024323052608475282596512339141169 -1.0152129574092260308100545561257227989781565366470225298609178805174110572374978503951372823018318511 0.33249936169588611424875333679052245117554863089692022723258653252034140310208952243871472313170734553
0.96475853991597066702325027013637906615941866816779885761805075374734295912709865586524615763477065993 0.45732617262553384560812585049935919135797104678163733554813729414810179026273409329079106680861952414 0.26761809867649649061285323615522119905684516175802611737230682842076206332988332946198021969509654521
1.9595166656793656254900854373463299974389349613575299206176282662200250039904641912488825322916004919 -0.020409906070038055475130539733689647400909423084697018582270228765098017124086731689254053746045310452 0.061930245199040825521867408463420199129681975885200518120605002198048249385986806318318953621631695318
-0.8381549502761577216430212573865472764284948426341773830318049081855922085105872891159143704029621778 0.17683225572975079589593954293266548508931074997440422649522592075043638368242704712156174464646093021 0.32887846720591745459902659184260804304534213087773744537412944920699571490736838124304032583618099249
-0.16381923261011238928016372066557482199919459775950382619095753631603035736243177004840781484978972206 -0.0080144787927905261974822189386531074561588739409488184249010694389910953017253061274180616821840347844 0.28265585300865527584372918773802131896639411171139977845374143472029394782006685215373651096785220693
-1.0573743999481878243758686113221472725332095101897833794753672392265511707174607796312347107063935746 0.20883061783845078998492906911868267305826755477335811742739052545269994867226914329883396365159849796 0.19657597782136334354102735227938135820576307251299803983322784403842418506934401510379279524505891646
0.97013295523275042924829749321138448678628765201942005026448062214781678736806079639474823713400551504 1.0997546383012027241301017414493049099112963430009933271033423266132472419949458409750322187708805995 0.40973380728534060311387223504056652774645877469842748335102585943289534234368055674426695066043233619
0.1696051559342789468915538815321430932078125840377000271897432749821624336448815418478463859296573579 -0.58699388565889621465295281599936855828754960153992912952813361894978346607116133635594187660452955953 0.067325862402531123101109874654322158165280698954715214507956216366266450096132277943927733791913488411
-0.33609457391853641035281583600021564345212433837120635011982104679495887891794636501291973835567308013 -1.5908711624920811283532301660577503015661285143673535996672772927282260573111408437443452487559084456 0.009673560599711373096876202287977539068771680508668873996640389074119374697825862683598147824837901559
0.2034235294326745507734468061099773225900828539550750860100537506153769861890800465452244090628382975 -1.5616021347345764139346367071490707978646252076854261701776192832482373037861757029649230956521161768 0.36729472770884014236583050245119048187129871718442211913552740447600405699481818038638578548705410311
