0.078721321397910573489503500284313232328094014512082794413739583816649500579141814176259743236129489816 -0.030433409213444358509139382424436503954300393542768094619079948143618248506958360275395748666349373952 0.14215885372325311941946202203528115553000380240481323671090131707494384838279219944039459018106955748
0.051186347751519653517374369758306711745316606166830970582797213295934330708027225275132064582942005821 0.46844787177213670748163765186658247897289300328954704428579789184110121632798606868873288014245832629 0.34086554038684528960017118069488498316725759731845893367884089865796198635173516916135131429931888912
0.041560104486128709371710005402147793185804239759560279343583523011405936504761449460237191340042556912 -0.024618878314154071097758890973907955679134561038273879331262748462767774983600556114115661458168470709 0.10303130751170713372344247891327452569427864147074859675921168518412443751767251112975681718715959962
-0.89563460980093595594679485425938945723331104146363285441911902896620115428210255366881434181887566047 0.38225249792605366045113406260784325944744343056840250371369439214766184560987019936635186639482684429 0.020678453034601853749993121718299176556195632385290338794359965209879332314113204332370412585648028722
0.78711483076981883358721429447137551614128812172398328258631606216554313086957977262233022204006039689 -0.91668104410188961393490786379553182911941408684660651643121284314947934654893940997668660411313177236 0.25283289188609723906924850503181387625428633240488043485127261183161778632997655780024598289217329265
0.059420490980787030721256386629229617404337841622665064732320426471381264123077627411287000873499930951 -1.0939858554470817449042365924049200933670544751542342079409652656638170115328369747342470801574609094 0.12609595076291582545558619039127619717079639078360280759320941988754436240222770062846678837304132531
0.52946068535769913647158833070448462412866337811027669901406132475712626008584680834333468859254401457 -0.71944733459746314473285606935323982405153251335871639655606122328403722703346238669461527550445300654 0.15441100478783296910151624264458757352344386861456969348092726861452282024324698933583016190276369348
-0.60604086462132201914039573132455765288995558074262997806360293400376051306513801126468224638730112727 1.5480883872543480261412423952287260077724250056711449111219362235419618827288928608735319055446767678 0.034825484738907504964857979773249032710428817977821223634267809939543704932531025912688608336554460187
1.5523957584849162204363060312288763069744673627183003834745704010934316073283167161891629706784478554 0.037577839786630560801685397303834786216804401123194033760716886866374316169858115796737309396839221263 0.31562258649502138739723295441654884239477979998450864591651357227478501569781392223137098373183397122
-0.18991544250950553972525737738767822820159864770069725373262077404761949939927685680191591898552380049 0.50877819937506306429104428273458692680162261865145764649914695272175955392695129926340468540833475014 0.062013003231175876009327598341212288545253943079535962312766867871045548187803656043763936532802070313
0.61608869134225877786530112128329882652219121228255526546975965511963043864022701373472128752278379386 0.049888589868460433313145992302446734237335498171498767626158905079150941537686281562171493412735264791 0.2429292608080577617627915320500476397459038507543075496367707593981239760360281194058256038773579233
-0.0099885504500933724032488550633505148757387014691046589663365362143926580133669300009729499826030964534 -0.017310647648548478419554944305890555336924109018457006095242066764519761178315535324934984440429948715 0.37125895667058802396758848168217902943633838694421265763778908696353733294363088691811977026700106687
0.16750079074026243676962675662595289744819690821527740634134455003144916547945694926011074959649491926 0.021468696126176782748114129077955553720641024015703957085801619950954965060608731295490169587227775225 0.27396543160156697059418230851842245056606573922651316648416518375405279916178363408352840248458171192
-0.06652312497921392044689393158339889097361628541102751137670503272064297912060006682268157662410161113 0.31321908668550258646717931133899339180360635379754469922805022457740194654886943599023539491010292366 0.22751544261073807984256865286670060149906594407000382048896987380150854798170872797113411038782602012
-0.20039613041760958838654999973770188031988867903522833859552969910050871838665919399001282127576533751 0.32084374685958834156042758854557058971196561414547010382897070901796396983481990743669228451191084757 0.043904937033155130329311880383938733571814602589561749712561774389304161953790620237695970249380349572
-0.47961881872443424087449637202808672354885814964462413942575760382391978587669100580928992576199905536 0.39373759841176699332620693146293592957598175467088298184466377962431103450658737285691920784417518309 0.28272029001399710600878346766511949049406242903482368734505909185114510259061351752507111437395953703
-0.40799903544013439035052381078693550658488854715184631442635160985045594420920258246793380003589831981 1.7341195849981626462207486616375475617908108772741070128973851780423299665558659835172598889490716745 0.071230429211365690270280680626572443842680906654732930468194657827237767232216100821313472930585189977
0.035915105956660866166671835150393838275342024024332500719778322978943126133577761256751274791337120001 0.012710615026615831927136118238090381934440130983478171134300423496342332525234100135967342794743776045 0.085029883583422449263420890206476820381884272161767666404795061634878807610770629163069747430624512859
0.98449959646640988095273382399413228974506856145326653643460767129035532264717850298653966566593366106 0.94925209196979899925589865652204589524086281040552526493848857539375045191737453502640013326857217271 0.043190767620221665787970816874013501301496690343042453576575107110248378177589506886091546533252722632
-1.76737596941242035135812053201739686224234969026048347962202893167289596201822194089086632768573738 0.1685205417221127094514639012103953749839252868298049885447008222833218269581238509155017660343259539 0.042518931207696667922143956414237649923007647515408502289723397081572058437513299142086444065301272445
-0.70335214923642240652182578658978007787321388031472644686519741736296527372700091818762927514326327695 0.25672367331306612066671085100044235621504173929620021905256290360812278566131932618752654960043540325 0.38841330143180580019717888363272161290046987447366048772753529483523875215017561404063167353389807564
-0.6456169035176863366816542717668988548377517020836670366664040259855204136135742175558588788799516443 0.60929758144719352244014592726779658583982314299986626891735650193037576697957253589987587753399896523 0.032855160841618249361431394585725440853460117341720601439065727541745296688371606822703032301544476629
0.73361647742724084668575954465850481577543265193829671521600930608995685820528578940670149966500666102 -0.55744214483586003632406290739335977966880201351502956819791434160451041505537326308948500880550416206 0.23702714850728322481391474209705359305670016932160336974095754600865154843215645723983306815346557519
0.87472906901880659219965436607706395804797348023942059398409289781042138797646878895955501498638994703 0.018713441672922705323047084255486940025911574707275437304171319700308367683938971907801151792877926431 0.20210499001508868269597451082175682926455546161917119941986784205298675723778622981649969069106055733
0.78119933043703130259783301961120437702665965351383525959586704402962712882757709002657051464754006491 -1.7085730124086667629683638235303599256109772158976142855619589129567400937885038442320195205442040878 0.036950228360978063973942703920612120792173651455965167064427193650267330080636491047748378794007970878
0.37422296358820986871709344848978633055092629456139556349519997611565364269068888074943878163793657333 0.20336009733088752227328914482035766194260971659649900398930619707267306830345891804255850108289370737 0.26644097441246969685186745536543489547974910176619056859828008413037906769169887767452910581636330624
0.59619761153458668142332139551112747936281872284795676676541179447127919254247444716327093350389892036 1.0108467465884322008502728586810534159521629751719304994792461988667708969108804647282269165948739034 0.07325811239215026486866784765995063530750104933305527042408669983481976807968149893423124087993898442
1.1247943963709282966654254687178244634550618578999499632658298995363131177123153155619997048055752368 -1.5974313270373704762818754788572207252598919460433461719778154885788686787641666180787152696432602766 0.21413173625907746409715514497801725227451633496925522419303073285413411967777500015121824530238615385
0.63575548013109982810103379822278961358196852766412184343786082004354244749535009797101713354904153292 -1.8713482194567626267923529188173071250753994061807268334528006876578147671767615357556152107304429085 0.21102505338570756316915563336945133839219605223432894261329984579783471515408996084370270468309505088
1.1988877481134317594128912790372059294943047184176425875454591131255773182690349925064141965737027128 1.4340233753296405568471573150618212267554660510427409607659729461931570711567839760940903600620558555 0.2737788331109815446486963404234473482832056963715814814200585594019443234984674784420855970946536651
