-1.1408353496317393893506251493552972948537036740138809270702375702970119934406438474680229364199327919 0.26970650306550057319530774444212356863105823599570288670206401911041229414160404297687853911053740805 0.21852454185906088536811646097341848243223688232690866760399618928799765463015561387246575250842741427
0.98843596440601400333198670839727141712269032673439213978787702449007821886867547139436557022360447927 0.24096161362300269099842617408474307623748956062799220755628201121830747558913525586431485857748297754 0.11771419580360479989055337675260706005859349189147640511132837961691633804074766902290189849438025236
0.69879082887082091843715538819585965556157575090945288820497313430843308986006991439497861896899585951 -0.16713809883079419282862875030347894575529228672663855578155015373493231462506347420622494927493729076 0.29709513765048173622709612616118132150368101574909445423263802203568840080630346805120197139650173554
-0.24050756238657370547958477251618095204611649545648685335949094736741358482564687218727728964927535205 1.9402900272014800845143374848893340689130160365039736743752977494723786603957961145493765968390258991 0.11708215317998054045526395052693275048467114848968641504498904024333822134930129606300713166626284446
0.014905188766973403498956783879028081354999983720310868438571729380620656306993831279154448441595851053 0.061601418513485974201593501717574505418203634636988960724715110195837192027307264344831190367599940573 0.33611744833017327530700782309871568357434844213651328998479481936117923035454203025907570749604563227
-1.5784026755864862359876591348318341604795424543178081226235470648971565771630871902165199703916921238 -0.47753659671425258414468832282613298007442805993888992900666475590342085371909301081610574629940467981 0.063887557398118617230714296690024784289620092824036980377896258754694708346100242545826576049541933678
1.5128318547965596224551736628966233169936056745622615408515004732403543975751872704804965429622842513 -0.28885569924395350176655334592348233921888486051181235121256315397386834951188817495586052111854415513 0.38186452510008378743929753482700023922615161693837079166982687098562860346851203247230755546383818392
-0.047109847782881533199757693642698462893187832937011213651148067497421403412886369670205994941269662302 0.16773595148795121575165767699051779336621451867539449753600361420279416180203689394203848497562306957 0.31022118001739026254121483441880383411210052362314677539755713842595990105087906424116801228611906739
-1.3452424916789949571744503584726726108969954547931355410671012529232944883517931110792152988719274097 -0.085512943295518608552138199550774726947400341825465443406962211453971791840244537631843216435693169323 0.18745787936843580954155566226765852690268082783597627580914950863046539128101842692714725560711546053
-0.23585137203148783207260484153117644771417041463069667322690249375876055421398255107936722133575364639 -0.28525211959781293734014342601214483636051024890811726588618590533755129535285443214525773009949948261 0.22296946172336218400142050323870181234717579895330447995879772382072369194987050698993621263792117041
-1.3461993306484498511150123211960236316777307883731479497593715018281648305300453103553789305584014466 1.1117069102393703967393228785918083044461726841916582136087605952557997802397251728492614285035421414 0.16311378322674587146444922348690505755318736526609778054008493686097647003126819848599601903056245951
-1.3189246756345195779089802459083970610965756533923445490132298163747794660489741315299607847766175894 1.0982704314800510454526887160843320089703073895106426933014402951141984803807148108047954072100692042 0.099033650961336378070876018392703219796784892357478861807450403427112039342754965927704166537674688666
-0.7141259210602991697902020295460358587279270328264477721899634690824328589932692098447532513351731368 -1.3263647527147593479238391994165346971994850432507013501927890750076140061839355524208494865063618189 0.12673952970889507921095234568600476661437745243782921589040138270503291811610650101961753948184288564
-1.2568986530640902347859881860859864736806758482095136427609393620836469135132942692883368652202107466 0.32421118930541749165849458780281697358303084797789675703692220244932299038084909770133485917996040858 0.4051174389390674194817396195983305445367837545028291389574170593685365088332478099015466166381989936
-0.76621271461468584647603669495940665408093711904812614917287514404136294397935072082932060342155253371 0.11886092755671678183145202151951833023027104524725055110097142403159723929399016863359639867602653555 0.28967213252926896351137328968345272400040876280856000690554685931025571979804474247364219236789103241
-0.48870184745018211940341258145510018913842180319427712996342563980549016801002176736149734781562148305 -0.95928956741615832478585027950690456860039951268267723095568986273209018065938094390758787612531050559 0.34944985324570683174067224968301607458982658986776491494255685338476051833859396012432398856156283818
-1.3286833801498824695322874298625177984442781891525671432539104193696425782816181488598890493029725776 -1.0570288892123085209645402145367757256378879636676575882273110348818468779643517016949813380484644027 0.12319314493613079976534814193233652414963978115717163816829773008432662257471012391332750339950472582
0.71352948879343340454036123236107013224832040910055844192122073163962469491245896995187120558339394635 0.24626822097094984787540383313781493336853167344522862772574442134154773700170470049768115613882341926 0.15778411395698105022239023824106592623433542842599348393656881937203724744009267805008503904546999166
-0.81542184107314671591339643416850512907603452060723449244494940683945035941698176745252642422705473995 1.4742193364855799795164789581037831767883279251212413862736971033076941584969661659272638850546108391 0.27800407061278655932499124483118403743418433866752025728734147507175901856649839064040146135897976014
0.52589872659354090874866993519832038074612749306135152252181744823320920194852673156493413319877508161 0.13444234244035070173209071747326083024558904945424693579463349003971137771136717224031870476272191661 0.01776737389895364216965612753175246685886963720358674413468939175878647626078425198641573918143372876
0.88010241404724069058901542857155938107333338653357321373281106046510119440381545958195433667422631852 -0.97951428958125638842157222811020425574673370268033466008840431178635470442054957663646832888290663563 0.060225944193128139128880740634639155423047363276017511301995338746248250185997362119533670977381588609
-0.12674604815307125166095148572463795725982011405200660887802388458104190649033012164884544194664627823 0.14351144879090145322701477980966096245026018865965689423772588355053194127061014800381245344962779559 0.15890324891541351961349117078682033476188116993765548423133221685659562192054117042207597884950292428
0.27091935463547114765606858309757217686541763389346424159460199011283694741230363782332392789014578537 0.34724763648773291219342430300432490875442720190390636780501593402509430151228001337908833456623124853 0.27424209490915010518184197023322504633025406468198692143433444323467639371911951745943536367091936643
0.66741434740755001944391115661378071673158874699482565586374334247688266867271908421348287291100258738 0.93441557530275634637909269918824710628532502584949489280564947353472098113526749688576142670687061019 0.3757859622151111233013698443214975765081132552616109055290980321482335669728484508798684136378813146
-0.71191821457912069590552919736868050432083258831248950540215421086937324301322251626381485928310467843 -0.18566740528174923822042261954383640330624889946313205476545365690237936748683395259414933780675443835 0.40143227196778443761937849385019952848604192147522766062251999210477467918767974594745096528304513243
0.44061239104953994887362971569803363047279123747215094231872223611411876001795226433140463671591717939 -0.76146383708493159755521454959228187711476541738768462705886003468762510569019567761935475109565995425 0.39615586403767498589105336139088997111240760701439430995876662375706893511074005891668107130481654878
-0.57288582034742942628258758367301952675102303177112133374167704805908137652417540948849327916217761449 -0.57228440575113508555489463659902465419056467869730486087378128370311035856533193021395993229109523737 0.14423208313070590978217174181175262257586866134571746161808568860081581619417238677557236623788276772
1.5129283423600969910009563892283483876706538199716540709496875275365508471190679222789364034082883438 0.33009051742486938935729360104260491808184769616913744685154386473150182070539791269605577202939338638 0.091541669702605251155062220470947876496562216296254086309360956433258532793773578774282461314348804128
-0.20878892153505656025592759322445900792379079557382768564044442073040710246379568641937977788205930276 1.1727416225445202216124465185566446140538030377298767786923687508913398973414011481257318854724473721 0.10729187317361326987242143033576819527204736247964474845664397340120001089996509482062054792654870542
1.5980824088579951169923180180146430127223943837470000447996331113842668809923009648011659458763489528 -0.42818912958344128220151793200204111677322975707614405571289796322952388418910878226829183996829132187 0.38384526891679225539856474120562471233879508451051062497840775349457858641596885716588479688874882874
