-1.6619778116805796594021847388723035587976788218077383070589314050196371708491516859543264215354049749 -1.0235876570981408991984579635768921365864542505276938248913448478649465877555969445724784403280671989 0.23619487903781707844207274747652522222760103752634955905916833351549882146219517861536313480609380533
-1.4028482162950181689820496409772392355399322909545416646394706629934644106611929238362227013391059851 1.1708715824118874442567312736238632479892605814222134940237056767878534442078322424757281564279729393 0.10110211294450383561110531048735665257578136720363844188663260311808656865897705516763966904356753608
-1.3705372964650925234100498745399091841075389905813405885414985382939866780015860796293110746588941369 1.0558178016713484429304093750535611058968443251611925732451756884962725768800126581915901145559813147 0.12194245454085624876222784350645923505086880454838944232901809447901185668279392778757518493004355325
0.69838612458068386740003447620315202789192483284120229128600266179824101236895473256913091397692712448 0.47638903996913449678723333085325293152232500247271847009165825716818717685203841273405780432029703498 0.30869434688700106162697041093450873449531496142009755334027417675457897165444429423580452418917912881
0.41445439854334521572386162853394122215650446974546589604431331846816980292744734422970468742592779409 -0.2999019361240778939660668567100743904064726724113626689942916664215257489637341685760550181452344037 0.031456135831213352542632865450175143641892882870290334990018927022591015233077846928650153684149658499
0.59958328179253070740656188111005408622963488436477722893876289208602537925110248595479372051486456416 -0.13405440227727450093569553926058450147419008303531438693846502363896536678990379422502781903074720673 0.22198325069999023636522277171141044114105124918236362822535624921443410779187491404625307703624951521
0.075137290915870630178033119340861693766458455408724523807147603607917333634094418267408205455705344792 -0.33414528734689315588554007828142501769011276992822326747701673916208986586354627052896668132933459154 0.37612791702465869330018535086736554432991767727131253493502883651181208044252844886666374058669681779
-0.085082668316748057578595321281066364842249991765219677594433132628448663486500271272758422476341668583 0.50584487867822784071064436384255309488094938680784730616256375522009301631258772521988251940756444424 0.23737165740980963295046712151354641065900388822592995850494164012701978753193673145972752334728057391
-0.79431710265098016523179884998347091592468561418961728655334651593558763719998834973382653344417899309 -0.51547398966743464987565451264691152357662428480845863360301137281460154034913479483672365778977120233 0.27536897287589051454526769711390196753467460982916395895514253476353896115385367130837276550976361462
-0.74098998086831236581131512508042720739864199144010512884848700796590648727058544987866377240111206638 0.44642682466983676851833920993286383165826031150911592359318283250887242702012543102556058143500371551 0.35892729399944079677200017012358145607555482134141189936385266604045397519734340215859429888179267535
1.0321209572303497186290301385785454127097111867691000026263717405122223958719461272805767488066997959 1.1232941025531008648573555143465992946014789531626087244273326736005579551013471160301786381629454005 0.15853980415760946162952731938611775849627343452589648052793879891505910081551748961768812798362236347
0.030999777332662517281437020271643522316354892078203918734551832626569504398186478358155554067309309002 0.15196098429162593657552296643574043493837473872266403004199922247004260058011859785010535595326785272 0.035911387894370353355098074886687868242039996991683967065319354319636995662324511100433621445828274346
0.96793456574888413906039147093896218976095465624328793334857283671112572849700886728940513403088748063 1.4091249148762293950907336736673657830922073425070761730542309519101898149553143266438457008914183794 0.25592805713711456695243981090030288247697090895552178348018005838269183189403702786508055943314652576
0.94117841646992139286775932080419070173460994680434614900797228443032859361501365624128945491819594159 0.3975210301191611679908808201299512835740298908592049652105720485246362806880105786463507294288176122 0.078579142226002559989295764312746495363091945479054002371413152490730640252251045873825327028097194983
-1.7624831536679757722695451309306091754673099078871123505164353342311965272176031167842649992933639838 0.64141609200579451665559798043542606364432470081614911041462822130468834057837734850189041185861134195 0.1712507613658017655921388161920729908785932337805577096090991807319277853264951361916011597055439443
0.18640329191948774321554457034338319775814392650040414827662784565282837377460652341332685867992029207 0.63291230035417330764277939825638183236745340636447363281780066325195178274064721834187254111379453362 0.35751696370490355110838301162080014073692175832837952934178259459124923134356891319273758754066974697
0.051598302240765035171809151949596703169032848670457920955895152423315201659348441221010194227725959343 -0.10171776248471750207866567504766237788082353727764067783816786022808741811913869725181999267360155188 0.40367534859676897569757770004709934474322606863173980556998424717569896973613380030680722024945379888
0.0045928803351136123758636162292296525532103029425881737152517333731007116892921658726865202546218593533 0.33764322370037233064969987391580011170326810386642590422825493977694625518840245042136935134341412158 0.32213867120824418970394757488978404274013374996179022407042475383514559599219436409405507617431301761
0.14635434629131218758241712455551711939473163885568472074021500672969251715611438000377639551841235545 0.87606415496948831454725482177372511789478253644655339205429888425061375420763171197948513651917804323 0.4131637864069091032677981588005598402116599207959992734484386208069234465564152196557920296351250752
0.46613214086727599580508740506240881680773525335522866716174815125694858532352402157473388927725865401 -0.11618242663642931634680998113091535308697659992941637123331395903005581028524136511557079832031665857 0.16850869112118308983854879878922075077067589426617505810254691364101497142142656905848904489697719846
-1.1315469298318365931160227599379991205764056517062662600907478661510060129113087334145488190016952541 -1.1196499773664832396730948510493687712261514647468001113194998080181332730420203980791755274343552284 0.069273647639264760988435014444614106183951720134069292499636129991481551789676297998875067625792827236
1.5487649312963472324673843265510352681887631902067147539226077332282874907698289142667903640554520333 -0.010501603606320258505319842697848057292500602947169220402700118831209451877126639333907216252555167838 0.20132012757564151257122011285302456214801484009476401204746898092138412755246809763495985775410316535
0.72716355488344047925333204199518124114171597677887114223896751420345234760604346481994825465485592031 1.202740422113116789321013935582968994927395525964406225943001719222650097725184119280681093622281447 0.24456791856676785549502054734733243230234495933995554260616231769119200472128935284471162252072474628
-0.61531302023575336400053633688018434601767790276926879994176473342450225390324648904134229630114488025 -0.050323641132286405127181098819385326295921908535727503138142090482484372094460700241232195022841437018 0.17410718354291670561541365292555283100750159791178064878636496259428499422905734999932555021583514959
-1.7293752153580300251478433567561372701973986652156008459088863235509096023773337454283397816255226528 0.046260091287461425732359106779763058306656626578957002153104295437006957272137784344256552347801478662 0.29485577839744496988634101135553664678574820011385064572824738475152084013238003742522286152890113966
1.3288507371914006966120767472698774866531043850213215219584940031577700122718326741646599033431444056 0.77391971136382765443794201916959198939400744995929638322285958840263424096755467406961085493230528813 0.33372383976628380610534644825989738818201783116708704899055355941630273798465733868670966308497875003
0.46694951487497649028116743981167143471501013356445411682521642244471247431508499776288484602770635322 -0.95594792630596778423247571770081409471014538943518441915044916910807474162756463835242420626296725552 0.28353823758362448572389428899206899711560968608144903852719656356197346170642155673595118098735398146
0.26686051845979829853312465031210471133249505719248637892017659792554891465401268097621421954562805675 -0.78550280177384273234898096283754890426155417930221277440281147957915006474338417022535996326387245058 0.22778617256260460336709628960182011781472767519566714172512430439967114913818493240722543518936592711
1.4103539783734128652492368092929551323657661469844315558662048377112441532128524750581189889202073981 -0.22422798088253066463490345565607586068290233584230529329368569946335173629692991971612937944654324634 0.24134328812783548037013104374995267978513406242723781907367580380706712549706441806840935894961917638
0.39591927467195597037974682470882753867805578719779268777262382515904650093231138607303701997695008386 -0.25574145657448382971338168868352814618232930826909890497392497939879480188835758588234314981341161805 0.1080174645657694793065359732401064016967147689307896450542575856529205484465597536706102893316972088
