-0.61274254379672503548365529068691766141040458091690455163028393276180078141124225918351519379380564133 0.36358904655716816517980830558816612053785297976915218975752191402949196673344656098124932130210768898 0.15763377128960922383644947817129350702937801630048464427647803113358044964028014053399321548644642403
0.58720479107245064661607081193355361882267759902086326655317812299556948058178900652646533206380375755 0.70658824329746711703627659756006013610984507585632272525250039494401841642891932889168009498072953424 0.2762920167261788000369423927312802054305189192397143562467544185013012986266321625022718125196854144
-0.69574931784400214047123266648019126514194601170012385615202870018876149232527664829540802195008479481 -0.069394386716645949337258608468554253531839114397566358318302976925506581870103867193208042252860512635 0.08254571749248088967689398371274193549654303468402306237061837579633642866821763457088509990513653854
0.090450684465355329658426432587476117366729083848624599809946270743448208590886906742367178519620633993 -0.062618324752343254670380082907821703130957739115090315404445251878246136953758516057807578966677138071 0.28973811089312216895083388073922993769118926891428508869432237305965026945749691977862864193301848622
1.466911680097468648630909778548402659589055915980454185753033858074980893921676570930524403284042061 0.56619698445050872016304285193476898123833022815510627250593136438848544964428866668531784306985849356 0.37347235922777291599523300630296869127238476785364525145575073272993742411345580766452452394968743796
-0.30901881759555667767893589727018218868397128533798290112521610341217796273288789857215377073736090805 0.26182590100894730404019226891194957759410838291676499478326001540894176002739873800979983901750539949 0.11799067973266131793637904218773222391130032121946240043087893470836829481398484139572066624485294352
0.89263978762106369568442761139534427840012602836475480623829732499603190610883382560861270493591710782 -1.2539251813298790298060479289111458701496193915983380312789171351339724770956183418078793798965006253 0.17220467574666742592462585322225558399167566166426957167143398192761581673580109137937239125769221441
-0.071383601841418189663874872869188723252863215664087158883196755745699397401958387697375266405133037814 -1.4205773209271762854175590633671164736812193582439006853816295086529104967318071805766345632574243946 0.13078150879360301931575126886411114832692307273464609274667682607289004125163219916982367914584554134
-1.07876717126260578144350782258775941103557031302590187661259072250651569509799040891521367058917031 1.0740068817905932854144298076395537642293728738591965935249241265734972247013087631856519424258790757 0.11418680180177927813619588513108486021993429714493510268378693134753626956224397012214859521137405391
-0.15952240799523245768774587688569369617338245971249194071439078943426846582151131981092642498487313457 -0.22442804546010504287123754742463119450969506036789649445191281167073365142944273765646150543705755992 0.3283099686062908648840732058218555986932608890030109464242353110427883312388372303742724692769332822
-0.22392026978661129177812751675827153631158588691524782351995164933897715444558983275216834675770480175 -0.079690568699506795659238868282739114132736971536378670547168416095506125228416449793801095929217535821 0.36193773601399096788250775595547024965715391710365281032864236575184932483871582776329786536152828657
-1.7255082621075563560951020994152397380464632428397586029488840888044831375598250437315792174844245441 0.55949037995382276252829530803443798880817206289443013482590503881624372850538820608755936808457666107 0.069974067531441040717348916107036298120100349876805985177391044490232405856334437714373132279955764935
-0.84592477620831271488364277842050566305500749674024660775800341402460906364684872106467968120307670305 1.120398614325335268794198067204836034589498687750079154672038415878058597044870709538377719800586459 0.23015107789495236540943989871611788258078408698181264288812389168272647744302038516375037129121214956
-0.43353554964448021048030654080463850201815896758580913510115495833205682080525313655960058572485887952 -0.63427147261446929678084430190502132862189891044932476184745108457094922572818394384542166610453042345 0.20654421624049629574350453012165961731249485302293003048305422782845073177177529452293304416583964236
1.378209049342122110989794583851000216548028840604078915515989594263864241276135517350294826377070936 0.031928928768534047447491213867642115456894489846704923690726764769415403403184922788838342337415124433 0.080923331038325463769413677342960632240329990428888361316506973910841799388285812217437457439705067911
-1.3819441215980490115760990205230675802937809295489398735771133272594080952553416815956727316258587044 -0.31481435612496213941959510685249121893423534224951561858787247700034181583714064536696459470750264798 0.13016886898917269840868606592055574733490709828043352944798208773964505301524152551718737379625295579
1.913145383360676977813440492197928158289019002420198485755030782913034383589958696739845048349037461 0.080672720931724516322217620947363156203069807505767683632448392470610352328991760464906823335746526139 0.052588850166832105413345937709081142978680320711115006705258621501904289578559971823493441106805297183
-0.04690604212935595752089384743470398743557411414990664441943606213547217821998244634825561629942722042 0.092664115535999605439634277100699305590161795799470838662810793156352864131584077353494283385790404451 0.3648027798330402981667186426683704354775226426442887470462659265099677454261464482458087441780686536
-0.1608590779780078462229982332323047553855817652002799869218047667356551206718097393600684462537733641 0.65417193894028503650304279904417715973505961695442484124118224510519315737878687216498760723938323945 0.24169290839438424228866343168647016386647399293772736884760825987337276374442758991918052103052812657
-0.50485005684468324202430769236650847947071704119868218763329314444284152799391339857158943545042369031 0.77576619774101733283147510679803489328523486766069685600904315160813144849825579886311045425928738974 0.11924200654874746597958309522721304399520917163332948618887529469607707313109583059724398852366363104
-1.4605551699235846650032663029438785441255058921958686969935041421679679633648245933608737368050866634 -0.80883973346539128860728347378157249949963578198704038906051590264867273906068121383024113661772578551 0.096960966036315863540910277610348818279987401983688258775348724377164878337126974138667027902754445784
0.077520334080204645544670404746920238203227818017348273896208030144050120094716184517492533796359602167 0.68514826420102673458184432199788070766930330653993094476967561064487829447038203176754413167931059177 0.19288174642853482821309608712533265748690592062991350769890462887234050167103118860732401649463652759
1.445039392868880199769291570278831165105552527335952783903218285235765491730515350986227974203227913 0.64188128835222351831776746625809690276754633157509714063267476666855164469596408892728770884486054831 0.17834616116732648169466863734058921986578188632108725687049851564979463537650946135522745747626437213
-1.7079713847635949513658878462095235714652224321863903871087471916148384324405056983180550049656659349 -0.83864458873191695337703887783462855598818956714377846422597765571431310326936526509363066329307408682 0.22469577990204541440965289266920944988409363799792787631973184306133287013601581003180259087484923548
-0.079105794456153864568440181933574862926375154498263341720568207182611020253926086800861325733973988693 1.1556215466489604657914635331113650308639827356752143290872417629395075693125869629289863621396044875 0.29091213552655833728941452575511561064340100317061925675319968936827593179801746160270844811669457545
1.3836933025362303658043851584614814709287151436809274272860168494019136892503593634748633746077463534 0.78965702144030615409180495984348182648128036138070870733193257802957024328038015102440735816670740134 0.29200978344048540023033651442825274600984800244447605271514033171370418062200519625021449181912604887
0.25785097702343403275718147603597824713864489883785743844506825940695489962027083297329939961781008916 1.0112096160525271968588963565830568154839353622591923277359515601640700680289959220040411250227191971 0.23444846382065676682019565538396897447805293954842723912841447817870467455737447666813522418099808447
-1.0797502908827342649451162143806859883456348645953598480866522001875931611405513892841456046916102719 -0.65333111115874940505396178785538704198821147273636317759811502944635924847756387585294408133661425133 0.41240273242577645963152810204019377965731676092939736128793654202583221907513222678742082959188683079
-1.9573430367443196161127153886653252823865140445824964008311870584450385463523952450424493575947138083 -0.11106790644865727617270637099734687927399726106446372340114882372148289668687722112843188859980558769 0.02988625712899103242342788330298880710291843067711657260349250786694782652058446373074932139668809292
0.26724779279286532798018341664025452826211646134272815471930320494269425198016970517165956212443174708 -1.6906257968921172168837865294936258629745057242987268629545945525352959533285537407942648255422917935 0.3509912636326324015628447343380896200159335914620689325382435245799568554155569127342068415821284198
