-0.19742816227954900862888426516751919869565603770562831728285042430475487741125270102011886771293826988 -0.4340630176430200030514464771906247737256655291259708849035458504249577551147587365839736367435083457 0.30135333945888433365713798211364728143792294950818028678307846459136963454707950141868623166101710126
-0.94941646231494043822747034330239989106443625113375657895913743724972786008083874647858904242389608134 1.0767506460618051658382727318166399417549623384464963239414616128571663379786683057157607840955921988 0.3829870899584564450004508930115798906338453817437562717266753477409851276981955010695461414690246462
0.73381630939628955255328789256832032184144786147426870741705692654121144299853322686081409902625325584 -1.560005818815336690912850226623646152134724876017741305072886664362195851142395451743330238644380651 0.27702446373172915700464554347844258091404794504792128363149327067840255671909134467523157368497551943
0.19622839386034656429134736849294793344317145133538142786855879959307513307276926953228482733945510959 0.25628347982647519309515705987490022701053306303928884059092759355758777065888133957501542069704374586 0.34177683747298636327030883313134786998545190270242432248335287841424579990193028347592915095563457683
0.591209728866755162208324980424091421357871209489307135375702351727591686229972042595798959482836876 -1.1123814638377965154093791404196217041666710996943437455093182063695676253963387491609409207370918593 0.38234998510005469807975845759846438127239816230308112418039913038988293891131300439584688297734367694
-0.97745474985424381027097580172761608746899776955871537259031723873512758614989952627574691869024041903 -0.15885881404729841385805900743642734754658114628809885604135769347807627340280042529603037778927753896 0.21599854872638689766726019110867315145328750565811391998775566323348184666698006880344729158298933374
-0.11526300124695280487491865608782121957706564084898041555010942957473209103378707049679556178425434157 0.72457970447336899159090884657258084289741988151347625286485247729212696631503014515548870068754823413 0.27295334079388100930214377309315117606348766724986684720264666360124717726277051996518119142698143741
-0.070954007149266345422076460746734968649995484494870613932834731528480555849546800604073661444077521581 0.40531874889230288645893089893153559102934630801653997759987591388808187680193488514005876777536532651 0.15184565744796481871266270157772998288378736160540930180451393806026948861897952309797583987367198131
-0.014556821854887640790533498364561875720912210627169158518615707849515710547889645758916423112190423823 0.020397755683059435585590536256891106597843292254302707338903601781304686314737873805466186116790790994 0.11088245796295364013155126926958543383666994745654450943576481113796666083613450046106817058790090419
0.2268381237853521168523287179759602687982704375388797097120545964745037623392112702987248688148078194 0.20919069739162912696873523160434164698677756233827542212829223226245489274417492062521577389649295785 0.39898973750136168199108615539056833614306320309769831645230325585258161964854708152357631178150770006
-0.080389527828378065256765859148522936554348875697514354224585532778431588118953957921929535078126666838 0.47481366565296713321442945574314039586514270432720408239073215792357625254380505903743287873096284944 0.15782329410297538912976412615249246382671297980381400158839422767598232907210234478678921104485041976
-0.049748093545734851993109211208043204293934548621838472280818929262964654061113547114984260652142001642 1.042375802093773344218732957111826398435957644037656865954128017144354783662702963467337831145417589 0.22295821376539508670636702173484851537825859120130793502077502962292353126977857386026820840886538062
-0.12528301486626620820652209431524007447490278473132687315595172203053454840237804110260808717950152984 -0.086395392519072588504258075184337181527871120423320541369849031946559308820927206602074879589727795922 0.25070562462549412439178237964243654752349243518810820994003306534732211655912254402431487404140949859
-0.17518942495805529261058881234872622107755042693674906189504170101105493397498011907075820876716020753 0.80158094176331371401401318268913632050215479419086850744978458692891978150031728731048063849989899647 0.37385233868907455936715442508257764718633253296141774511881596615432973375741790643331273509306653429
-1.7230472340120836438892510398794556519155944436813369730737598668803871617300749593156522501524240388 0.13110416413590773177479590351016388241345981308034052916105972488677583655350706406948111157096589737 0.091512112962558772514647097896081011693684808211637933605493636914077958469514201292877168365519178821
-0.92270900725372158791981052452224300435245190802687585926250107669604062740058009010827469798488032921 0.027636587187231446322996275836870837269347862525052904491521136458607569942560494830495511747524388068 0.29977670415816917629482024320742132328540900423778339825468989841170347781397742185984595220848862115
-0.3092861415897282659083388241895685212908028635086863680807465922261672734164106678288303854173795045 -0.58793608502930758491324726987614018864756990020787364559601311910882401902107342892375442936790443716 0.23318973858803597590974552371435415883447161814514330094671723704303841506413017722242261701872251649
-1.9731160173054370958142577438674960857972726504490176395235876230300808693210533872437398442874208628 -0.24234564273164042948521770158642315296766263235815521682897173484876632955948879795711292694505191775 0.29991586161485161676689641749831613063078491905683032683843621182534970983942261370548703941179342793
0.087576915024928255755120876113605448862368735662471175309916637100749923266188245743149485972730271197 0.083361554684546156190540594716672460828157193083666035879905626653648836322597168186307237078677200995 0.31091739864279463194388101438521630297873236479589498007546976124611593181302518512493886682026935543
-1.1816522445713239053480537059103468647046281223682967575522731007195800992282667282760192341426768398 0.52120275106720753498055838953715020158066671010805148733996313933134692696650094016888301818556710198 0.24971679955990493211381670432652131093775995068804311435131013623186227041261340926310079853649561894
0.28038790415811505606630659098226790645377981405881636592183509748294648833558809773166278089319521035 -0.11694144020928275114484906355298478390663453527319412574933850510287016205758364737036434909078746491 0.39514357448991841696869791737500470638103548251579929761935852388737947758181319775744322788322780557
-0.4221015516401611709493807906719132543987123442659631115778346726098943866879408521354343021489042911 1.0595325715756765308396316746710346218575080759256704488897592962751939732641901779100781731885679328 0.33673417657803601210876578665050278407713200976463617190436862716111403822342959475281418443674753706
0.15972910295982309294013754493605683371876100616171139898468477199732329697739148214292732545912943771 0.71125587736926770246362446229415398456406161240620368101645349699692691751638190558449136197358951075 0.38403561853767248918862230600110520341566098870543123959082292136477755040738911925049098951124928979
-0.46679060187246115565304591809908912452914851199207898903672649030895568612796889899988255846690826842 1.2143601700522966643182284301344356856483691852522355667789022167594304528447225060595644541579267392 0.3644136235205040358251329702712869439566435737361430837272830719480662774775395412923149240040589176
-0.45756885856518029102884263543212735620099356673671527855303669401088875545461231856159609415654782195 1.8841917479391356735039843069665768138885487100438468861694989024915689732876864573952746038085828903 0.22830158209621082818831596049837677495452638007402230765744881622583105917819194032312220241630799025
-0.53357068641618459133940475301622683147823608543108591581255277443786401540726792435033368775063014877 -0.53794838800350559874708683856441333464981763056085721524174427703112924167156310772931579249299772958 0.15937545452482720148263366568029490435062209111768476695207026191121290208325329257622880555374733326
-0.21945793212390772296072660046716356341618127436343437686253615263209809403620945861182177639556915772 -0.82880298918519822821558977647314965028914443275809246075442240738290424118320200317152075964492135385 0.37873072058045480844279536723760160414076115798534862625940116746996231145344369171503036610618544182
0.26237602391447080557827167010554048734909014656931865465908879758693536086580163579135924328870633652 -1.418019731208332129730330705477702607772890373895513015413373581611395887733929997103419629974472766 0.2345610954611359028903306127726227026065230646960341949906983824617294008669170608983181391662601987
0.37076225040925972621997041987237318400511739740834200751176969783473400555758200878058509808751331692 -0.038789036532336741781489102143623793954117868364486843625189847045411531768188268290685390510061889922 0.13297596175853397298388458770185661467239444584019568187667606016602306302422428081179863607626112923
0.05369591050414758415797550933625971603010201645184484854507469722293942758356572478108119265313522469 -0.03007713836093468545282473520656812842994670095422605668700742362987751226162038746061708255856079515 0.38459683623328918453621113919542720286700234284791648070558001061882364829215026830043220075660242776
