-0.051373070263623001202836011156242421495854125545758132084121426224155235009991750138132466221864022165 -0.11205783173201321202733522232374661578325508231341169157162649397269634037185372127397339059822097591 0.25096000848830866698966871974952024729748686543713182161849155098185089766758386380018970813015609859
0.55082299276556393225832570047312070030853397991076251281778161650779243298870349224045107590195790111 -1.0575899762959014535473720075606437925832416001220064100336229388995485365424728575182055470998927637 0.091524471831093011628333294034846614136651050241269210857893850327340488879194754880497610938631335633
-0.035972904157024608349581489351217056477561684831071204133153135431341940542461644859383955817261896441 0.5173215433946963668605693461385135190418032065342493904983507176357832738827963668100726367308927021 0.41077286563319838078729032342225469161751845181982920547563111483228637541237676527439107180969553083
0.87180752675799620355994634727885366520855398690591028009566000013971847084833557813381985399096025389 -1.4610637729780660167985988031228582096893491566671777347363301807367174159114005669784919219920875277 0.13497657090937075052927894983904425767474835202846362146549903984722952482849937297228515802511297997
-0.27099471375670821445455868189919122704346582483065827926426121010871765914578969603226988138494440912 1.115936781307235509946573171993987906104665270490088054300794032102322224556761481864962035518987605 0.053862823199740220846282249799144018344371163718958013704793285178885721565620066584428166104965374338
-0.028679039264589389250660359435490936665020928669324192470614454920869683919780885280632159586107899649 0.50789917447795372518816253040841736425758985731237298798432228369056205891566884511178812197238679533 0.34909806867026843099703409422009893874996845759025366338328757895065814826955990330553018302330442219
0.34117583188023249545497194313371919630367021636015040084519216690953895545197282027291070430852107959 -0.59273510717360233487127623210123560293153984281738440017113543508238267631418594855938485911629824075 0.075254560137732194381555817416635149906908547458274460101738653207361643552668074527238674344277575214
-0.57130017021599257310665423706157993290654048712763308672039726908094678923611828825206548317090225372 -0.083043552812739923600445175154177789679096317774166714538664935138687273254186222176781031062667403755 0.074876961410460745375014019723131875688521546189373313708397833334697638206513096010662659817136471652
-0.032793965228652025793264806212155823920996359370689790831730514860686420997146134522884227481596599165 -0.10017558767630891610265654099210516097569111872915609776263952197387089122196054281652891658894222438 0.094317377103490903237871885588712715579894089414737749253658606176666070885982078935488024900173236638
-0.028417173635007734528119660622340297681842387716895729129728706321450224982854796645834342714301158824 0.6833490939199081976983753947125646322073688290536535736617174900774899053940760340551760258223398489 0.19827795417802243040369170615318236210034682451197803924966104348248757314060929079356141160637591039
-0.53570202761396631813224849552522646196455600999683509446050557310294762544693116775907823978701692388 -0.38889884535861882894614705201249947421095438235393635776650968898551767366014230805941551622015850687 0.33817004496092925317410877695635791235181731686755756114443742770558227053454707462004486861947071439
-0.075659248665094969903066127591921949709849056780844255731918128286509408025731184542774869378941554297 -1.5445395298602777542656670766476257015611405405109692873484929886286962765730101901203339474814842488 0.2660236506648265453470912120932246116575026674902318694024741429249121051908113469877477746375032953
-0.17253313435135443508783099861070324078398254016117589151590764422222865560938480388048391740614504671 -0.63917006950377640179961189433648247756498374408334594865932742730801993798051167012980416978641962924 0.26465923528899849229335920273482659516301339356353430012790941279293871489787659778681103340106047178
-0.50281616038238858934637182848644541669287090860843732285944086257629503296577217608854918335354616056 -0.80462189287216817528177576483249623682725053676406497489441939833541081952313296868957192526251684289 0.033694189373538580857202109167221419597784488108712567141291717207338305554352518228021071093999823172
-0.1637944289014973738892252101598882533127458558381884535013650516442852719580100700305053249215740006 0.019258698008442921572533525079771173875171471471674554719930399249882950013590298427115929875916717497 0.16686417893931884368584804443588876887599017410969917818297720960264233504535726384955102398457418879
-0.033403125256354052366416315016887732022563240718414376271053523028964474676383364698117921931982387503 0.039656347254500683254828283242898253923903193843368048827957401430389670745413398061048325781687475414 0.072521710735720583576911710076050952256065301867789632106539450490325979936891076187250052708770905913
0.85342410107767220266551242842209848463970673683538764939258436057698208360247341032954451374392548085 0.58916297514281172336576200291387210453406725734481998018135912778145197857417434045703094077395847368 0.14209929472638567063310971339112874275194469005518121066307501211772524678632527070780450269324632745
0.20560065840752683779482584786518813944193688043239413417128266106021810049884636026686871155713612826 0.53785404259064309421266603612144166814208469317482051966342392259577383841695725311530411073530612307 0.23644073563262343606772539734624887640544866719852073766669219926479171381874841971814063613779497824
-0.97030032037896512300155044861648310176172269836547944589451726762907962348543771095310048241861739455 -0.46180603625850481566288461637146236624908988010374460001239567207866912729353341288437097353981918885 0.00027515516618809494504244294384389724188472069237529200028097644902326625891191226929689751923998982219
-1.0612514308438205861271410411377975102665009558078413673529511743803787935753738452583080090737650156 0.37349492768191119809165859348393020806888464020876278589470445966160387959745303841111020643913652353 0.030352820960485068385372596637084720517497598733709167971231270155671104337612873288830030459220427238
0.28807066541181552855676830789629501216550051024312086955665014088200395236193987939789951402103824663 -0.38470477264163887817578638940659635830938772686725275039087352475848130206749359247219875462133189362 0.20095244236967909450919779076481502867423293861135293372989244892828740110252706032942274951332929638
0.29606722048229864601997557496207420996238319778293755535885684250179190379596515526174083316438874506 0.034834073991674203524383699624310907713737742162681742197437433650604128196375831704895541715809440231 0.3520349501715793564259310160147548170344943817492411933333841163632578074407591500460692068474191729
-0.56837524095449881985716409724459124820097371996071368127809873996968564936289295768855181855047188798 -0.5333507205523102041457266711292263372709475730685682037390688882821220257889365524983155285286635036 0.31817502914531311012604573713791928324215363651897377203055490384112668196054289746988086893127294299
-0.63917170852403564062041716088905602213899517916871337719295849415481018082480501966333976457912573868 -1.2352828934885574801535435616469940669497326103260005361815973244171163785637206427059455876610942113 0.39576160018034196310090076841916992912302251250845276045017359471540850028940253775260346707847956613
0.47160706607391547967221858549044988251021309765413296291167633680759390531232632235788244265765660712 -1.9206035454725754821335930719850780207699319143220774115091285037558949694050691618092932097092643948 0.36712089121410759197143368105500550772671223340583819480595830366972414433788928547293349705552426124
-0.08171040510799308833994897631066969179081111534614086023255763397984831879003529810093563620560561771 1.2584945429084924905907532649072318855079826751232784255875471080206813021807035045699521257388243912 0.39479888937256374548470117436934964126680724761688704537845513697389310993255912704862468412432437247
-0.04671635164277984221211434032813196014590746022603366342013962539181082808346353033022780422181115288 -0.028909009019625799742683746237409011086229663132059711003504199640803919774451034118783045051794805019 0.28543480352574968675980760060455806672334435357617542875677329878270714431974113820084829534269552905
-0.053109525149567444824815541544700042711499128004714446467402258937677855343940402084724657980450897215 -0.81041772112548074701056967164095612277773891330075065354734778645716840099189847839366831161797827245 0.28397195037015767388372431753825990615470315210612394866515416528577793623267418304718953867250573528
-0.068086202545125313754612906313206146522877970853042249678350529212640427347677897215044392033629774006 0.057262861723290895885125624186458004841867729654650054151893439554748019916863822647206215583035364337 0.27499412428625237097549857227896231785909191709331857495038355175157692231760225031561124087092004733
-0.2178141195029910616259770897429855756213215595758553130368685850564884410115377568031268415154050087 -0.86311857122008774943219665825798798201575455197616786122131034133831660001453809790645845564124453212 0.14992266011314429098771458951183617934880267798405924451225593143188225700739961252863029176820605082
