0.80958407988123453100724872854002651262389094901390276504357871315025883887878860809430419977794889093 1.4735363273829055467409467148680281825967092326088875265141819282053745081551102753390537977884293515 0.19852708089074111622982502512711169547383162065252342319333425938783591853454728215643889629485876151
-0.74382734185624021586664951323674458194792632915761293422454552390706138908981451052639500386821471667 -1.0589845164756002249177557626684494062234981629884923970011487306135312261998083545611188726353231264 0.28280194361944415686803573724234381893836040819148743689893695085985267610800830100510345404337385607
1.0091409477507581654459857610518111694505237271520872038108039489739198943234833706789780141213295223 -0.45882312601922448263996889272151939902999492637740912603843516655460970287204794893442024509339591475 0.14045830484364160057509369408549048528543008544804351550176442704922086292835514862293695647941068095
-0.60523225649411362321086467080392097784060153156431585387535073566885175484247332360627049185051847029 -0.27751663202779133919660454109609085354713125815413254672794868903020579602054465158004434684273149646 0.21011279400175007205040662476243030996234021298325329210626577777231405599038687236240875988670931906
-0.20677551924140721232782840187057427017765253103976692643573499326822590951055671430918438188164028322 -0.40968338796003314883783802519186003103979867846910722922615030667428418522412230734160865790299234361 0.35636181413722030236623856657695281971147409022222028669844108058839800714282199088738919285041441562
1.6021327788563215956609235399492773214009880259799539421120898356396612020345509417605125508484596347 0.37528790190329634381598593064337813160416557437828590167609690881343533888608651804948136155209671593 0.27460150851572653220135400108377464613097306330730493341178033105368305146964361509892078319366497797
1.0974277376945494051737314243632712531190850388509823616787884120976032853640672126691156186578748128 -0.87459035312003538241218599916061587844252928230632911211760436844780223511819607768439556282990211123 0.26562432406594347235141080930940931209945229609692869514751873959959120151597058093316211085870542367
0.17804994785207644087737737408911747222434940679401290085383250504054631705815459086238339946141166022 -0.23265769934403599624473744403558598720732711109252117102153476225856286127087033017668324508204604746 0.13134240062250609150392070856858266946652910761434165184984719010475056198867918423265369830405890018
0.40829585381840834635047205335147871944553702814453377679442858835394127812980910903488590332610320145 0.2411206005045869154780355658988398363949354048221914436200686037217642370879899181622035405448373027 0.3491772204020929142835552146999133906722446254961424154525383599514411757666065427296620926528827096
0.11680514498745343700492126886726842161351103634655058041025814291277907082835657223581800371416558732 -0.2743764213894073717844262620504619786959265160648702750624191682582252206593496832391108623771777219 0.1373005289925877841133386194514946676812344748648987528791684904842517728461641953992101380794139293
1.1654427728566552630127797151114304781285624862448604918698123533097343856492532958403675425382039253 -0.41786195927457625865257426712081403366556475118216569955878416126533615656447254301781768470928979252 0.12678524717352940141391320406855839767963512598219383024070233428973360134788213908889153382644023276
0.94317605364458059810943634213766018510333483569223535070937235272923753865698431527335700606933090841 1.0580564863152889767513721557501699989418677612810560587799084808949441786215694400277974726381726959 0.17793533643428462955277609372249183673596587461011703025379194609205163541193817999391050225922867554
-1.6967831256467288810793861467466141798258369184073378638903653346452106664350549075233083155411181913 0.48839942443310808247179055731136858509111176452725704093399809258130325838879481716722128639285948542 0.34234768952714154048855682260359271444863197740375816896090772416299636003504205698710917481362254541
-0.010585962799406037186791081219715492176507823685265611109982214244867980837574386553637645034810410067 -0.012483519917272426310714676863904911116754000268710237765610030292851900514120952904446473617063669232 0.39061469131840452416240818668449858892666402762847584244347674039236802076516458203578219749208481791
0.3767506860495137282757039839592892443445500339789157735930158990112622490606105503158979422893904564 0.44545421009316300938171535854407132141184612934963852691451278129401382808602730105732372015200246087 0.14453298449334874687576655590636810170016202597529880952850738498659979907670809784604102300167226973
0.057353685036307235422598813068869169524625766348263230911643956200586030112572654458559608351772343525 -0.19680148090440736974660285960941515713083544330884647383811173122185563793313971336645951278998817005 0.13817129250035401637083137093358323464371115403017928210928797767762021594383652068288632116562142416
0.19891795322788449357484844178491867973983299147251571090216505592029904140265945891867448216755685088 -1.0526774280687089752933759560068804888534732845347364743300494870215615635562657231104353067168108274 0.15019823559534972492977880876867104261114079602922611128944429884404533374649071567888560408095276374
-1.3268675138155892259560260684227715915236594556405728415807273071600242486164609069998666488732755366 -0.44631157695426603687997014743545981463611449285984543051042099401192334141771675378176230000400581075 0.28629948964389891579165768850541119055302968106899954619673203156553005584564076963065008695837481477
-0.61353493187799002582279090642590283926075502728409680287632602983803062158705392172360250617372391564 -0.81206140662450352826754203629061733481840437567017126033624980688274151951395975184501650631218753545 0.39395895827917821575965796163593968529613301789492916423879440471808503583344014110245364568739490366
-1.458807542942794367169513605412648862410146717785634356440381970108852177598180981331434846653716557 0.30530124615705163702117160434633936353872472961680373663383654820405222541116291925205093477008697501 0.2837769899129618304122087219202501951559995226062721378906031183242606974369393221581704910243193278
0.26182502030995216027097171683134274669904809517298769162008624732853183760529953557630428556610967303 0.0089922336406933983657202063403087400062571860367868601341473854128974723567844158237092567793549782988 0.086540497518846795384766490291454000390871881701198311924777010642174471921986626140159666152557658056
0.15206788746708223870743838924094713179454314204659103737999432577252983911718907137480080137215066338 -0.75077801598918528927076263303841606635453554213619160188632036758170572231063229867595998110535366499 0.19470995062756803523855107385615659480716048229372045114645323527856911255647230141999117387454951077
-0.31260779874718288141627976220356546431277094513344495227105152568873717788482776744197865009307460707 0.53527965619105659793123587462174577808587009171153171115603024423105352008844756699368749309422124541 0.28372100679027842880716427917363900723563882649320044741340392532150679082630551635866142660700303044
1.447781485863690852883281707909515203113491652872953008489055191463965103287832648149910612760342675 1.0276596127851749071596789261611384875439891541585493938490532227483466216692586878482425630868127489 0.28138599684287780236230636953869951823640859748524726086130975585567806141321123293988528286728059845
-0.038890499495158397865618973662789114003355662422336133004090503896470917301150298865955288325797836496 -0.05516811061690362902972861364974741162076092268436183822131055500957271034609107188793018723905009656 0.11280637229374158213212256959844032267906572588978244347644972565748722236958805637702581499961453517
-0.24388791951106171106285540384867292779416523536861695729431400548489637900714399220731522565893321572 -1.3261567494112857617835965689942266145125255638740584199621442042721659825753327607070792766993883395 0.37659489960622209396930662105122991134720610166679062201108287865894654568511543487453346188354046158
-0.78371550249767915248974669128757916853198787819763046087523265834026569231100810227294290634337603947 0.97393511129460464834707156058620780140799906076349972492262102476039102054712722337302192558511446347 0.27586831758664823156049784887771166961672488363596374189102545104891115149741097178658856935479636151
-0.95030468552151174934562344894343413680153111849933237605627765313867763626275150500525538944658422654 -1.6988274538919742673310883446588183705099035519251541464917344738954312264205730680812216790939098003 0.24869596265004980428606705193158373673429652342333902456322438009099416247925322841053135699538980439
-0.53173428088907249738574943451720808798877240641327028320194249496691294713765492688484342484655442264 -0.31657255946277788882622983026254056114746908408023963827498041812125217242797317501346470621308090283 0.18378627365798784144912115146096040477081152659921837054544540175371662067823988316349293910391003115
0.3222499536212045782103722150377689303055159284632399486147044420343946613044474613064005597541943611 0.7100446979985939990173008739309409573241165929523915458242574154905004444711861743779407135675652005 0.11406668504881479309173514020252245893813087005653753203107524972457602971464621102385490928149016768
