-1.4371858256013313973389252642857317813925889130625868803164428526352344162972925940214887408494661458 -1.2954671157091258901908597000635907120862189480121894657347675334555184445307270367288176986130408294 0.33766062982662779347907196278090558501308964954534256894222015109868489377276187917005604526580132258
-0.93751549984447614393306700598386981272670210417431216645388518972419591994049686877729142486002625416 0.86099723603134338255216942659980827414378846410493925174132146184945467096661476792876863938493026841 0.33388360791472473105054390418018049856789990685797482350513636506158844077894851138897993181833596544
0.78052596028772851141835471452164365791350721576381851673507638848422930890136900761772581649467688086 0.6918273669600471780482950641632898271458454686218565767092348378668592653458142858348465636188903715 0.19199885491319054188329959264464099798884036038530155431059588448180122198063386291863678442694798328
1.7916993831628742292261383365625808234857524883714954579856889265091624785217939666439392798574473387 -0.29157190775691187131357372109850882011564766990562859923414662112344266267552937445460520701353015296 0.31804449283751009972369002862082624412654909734853388911386928152257621820573897105072796951452005374
0.95955501359455721892284534518977433045269286151413308436078450796714566301739506874868804180057464348 -1.6441699793351160353150425781410796158204472353527594314130473971279998847274866441704507022889034047 0.10258328425928987375927167268784214846835561213595010119809450413064561511180698033417327132610391849
-0.74674587721867229932533860175827985021813382084180343216820036435691668522238370807480369702543995649 1.0470120162176850407694721174062947948528980939099730423932138669427868139398925937050211670322595449 0.11202051092278751434614661813211508310855371558134265503358302940332106666376037186205145085765235248
-0.66235922597914324050598535717279023795056949061346136147362631088643318344321429654941293603500760496 -0.54341345329823776167050780143352869870656826326034758425388515132998471287848481120534574518740655563 0.21019302768096551391883296613519074714636585320851182113697344216207666849796214849596205947556125897
0.26195813920002356323835190125290467913880505381574510587580924851373748684461625131810986974209904892 1.1275932275614147381182735298895136288416401571276269183608750481343277229470067357780343737848520063 0.017485125061002563825174524708142512165959861869117344926861954573261567433916146999445514791087855584
-1.0073952386604751261772000740272289248236292628657872586493625569500295255732319803916624680527565968 0.76537469406133930914670604426257992107410364038702910448602032167544242039252966839347171212104511689 0.2837073702690167188005735334950272236774294584876312522601686015743737033158238380379628960602465379
-1.2002408763066210745271712455958513603355719186773221559813981419663295461338162675557404389312231877 0.9185410540152059652703204160844032382353698146596794055200485941491641200516449721999207463616233849 0.23653155697557407329005053975802760263303302629805090129744162663681050865525569007864131912332768514
0.23043553855090033693768634869650059618581316813268681200375048443859858959403673844782087063077148266 0.23439442915809274185318602037918320002188377383860767068291092891137150605435275504724114090576732827 0.084344959316970693988747670380191090969958903714975812143451324825169446490365450877138375953765215746
-0.03801303120465050541864502882189349902968497567684247579181286823375760445859133432224823044308730555 0.68981936169565523007218129527415623311804577294193966540554196002351804448315120286516507527285479286 0.20283735361672188488818582979906389373597039387167712873285108478384781162547127811673975444665970934
0.14937653862431503295452714167441625673789330597644057971248878583345205757674972550166033511804469187 0.17130897176916986655112412844822064195921329915683547284313129570704463124199623613352821259295186502 0.3189045655209066718097833726823211669034719535549866943411827520246242324616039763268214878899173032
-1.5307279687853277878229578682830165190841836587774971362854383638086604001942173038451752275327231063 -0.30235794235195281720721700701171473090110475524793148759318704247607345265297280853194279678328783693 0.098623379678227005970011839804545703541771900002446400328569165933206479467056723452114720099337459385
-0.98132304141050949029353415863292949532915792567185322838015894360198969234842298662096907821908456896 1.6889512500904355002555215679479469619229448150234999180348965873571907279993146387312725793136689348 0.16812746167563542689931881828556060127664834699288624275258272987131420324126800359889152200354365953
1.1275864469432822250693970548053991127009661214573209814019870270290442497610728937286322928839288195 -1.4345762802301570710107063473556080536092935394627988226103792444886501400485202218103848412114177727 0.31884597795271250109041825181187181254078874087288124647938705146831574928658060053558517937539489852
-0.013534232524132085117933328079056663039269108260694191187970570819143793050402721871225122212388810153 0.045701838343494243519964621297267694774040293039186580975244393368571975185249138986294625235886679536 0.22350713084956329914739475615731480773245958686838078549379409389692228850801502615315790134297552908
0.34897852109787143548184200163231320355635532458017169631272653091167388295883989657553222123677831683 -0.25460842955995338819784761741086125157557031578773341086626444241321239464475096297856293511844596307 0.20569766248872158469668742668410686419404038098552492323908445133585534200357286088167463787490420084
1.2726541828001631605301425382774364479775089529476501558880726135120150801088884151095384361912227284 -0.9592528419061842791795936614501580030220102155789003063070139760810788549016272500464559772404234081 0.19915727689582617959331534211358336184062294064880886619713285518111940046796171237977044252630718485
1.0879887903642204068345392123237106053489109694950055570580808172447043751135449086290061446789461481 -1.0262404305086654383684383995996359516926131037885742172500657888870790866428739019286735017006104259 0.40366882185002491694374283092938297119964465533701247478292169717447947095326988484522942592005962706
0.37317106736883344462123320505890450693534364002903881533700361073137682110282137994249888189949483571 -1.2727449062731488790429103925567227905392746545009489051929922547407044701145721552803726490593184652 0.079827495060847639405830562531539436947892967694377005750073584045418174252112520076070014925485821444
0.32388699728338009099277937464616345843829816965805595904040830923876201726607956169393382892540611412 -0.12435008232549259907169508907963277671088914379362746269331519207913088259738420890183545880313370909 0.21234795213919740045566900621075644743179647462387003264066040149182922109884426148776633134906137754
-0.36059772649971372543920234840570130110105496876144369566390647400295014030718299135933403460298042643 0.23260592752157841584064843617305534061610824780993115815280534586918157615399469586983252640895678716 0.30915981308598028167778601701574050081149831133302667135263699203073241859991588317926131712259740348
1.37576374894827414587640746712813908118558896151048092508695484614639088699425078801054957332610375 1.2262967668946685232704341488874429745627467548805496393518061528337104728675060005263661442091255543 0.28286680625804439638824502327967013605684327607042312321400846009196897531410869290397918337836951799
0.070286560086451278899223874391003676016606284479171762455491394577294712032057072140090315496373737202 0.063396431316014750296696597086666393945358481664209262339123923970914233627806046901438427014805862384 0.25195057130063070452569822412813528185904615348916107733174790473810614730933445698931638467077444612
1.9391136821314300459231507709627580831965072785812325575303511398049626374223168877334638163006920128 0.2877662599440777797682228248689438677601310114578798472100177448512317465591978480550851586695611713 0.36966640905965073424054139661557933916784538309999834046063624098293149756301352961345682423833667033
0.55064312761839792436517511550146204457514495362209287447105112189217608849770997693437869320016151054 0.40022046224684410595017621630674300186353387519569788668324177744825167813498959494990952136852339206 0.29012187559164899769167936362485667078241287965387752181857882807695885072762249326081629740421691106
-1.6849669276871190863276853783967663549794754350605822855244867986930348185726533717745427220955096824 0.29872732816232494301773074265343322842226147257178611181940252818804586534731860198775323632963393055 0.18527335209174022578463588754495753861976625038861529384059331067258379440261879480274728485326390223
-0.39726465737811542721375741147780130781655366624039075530496036790790145818527558507644942051713697866 0.16556347663058140741562657880972848680342921217531679973312212808259108185637228802569333763381313027 0.005512429214456326358419573653123629981721985845744684784232905761062277887202900385699573507224385751
-1.5208998293911026765423105718337245807471996607319370384428421059178014914974332889359428553487286503 0.29512282697025418112403444039762387901169026353408389175214111868997696819191920463645646375541392703 0.33232684731482645653537510153181276582759699641907133348046504138538103266131052399846615534704966154
