-0.19737029611327226195357583905435512498150276229090907601984909437170544681835709727815613492531945931 0.14625017323403019079174628064655449187049611488186082408346547733105152773379959662244786130538757432 0.07122645063953105896311026714053009467022915145864484926662234178760707673148890853816613409040850745
0.41658756842802449350306723783967824790222690896366292148379109829900211008457107986964764999711451824 -0.013000310394976792609295119282556500780650897066111884345123655769649201017919355772094730873072815181 0.0087570138044962227492151427053267936819424971424849027841655672890229907755970822925112904363755585307
0.89692011382520176778821452674975466913712068025124679480002608870798351892039427376761995651063655644 -0.53704256241426961962793673449437688786206240491744661477115927887285768460927179332307512470677472603 0.19989585726809589218651762432967046470738107090607137023247161999126783771059454881193407372254228319
0.87153687767496825742004562451060058102325857587671239844876068021173020304991101095627191652895578466 1.2105030261939099107697523373110001012186806629685440679546839564723024707791835602477214413167709868 0.051720196675809088296273997769771290643473695846062056483970814146432404236010104000914755625177273685
-0.96581021097510060302034824274853346070139126096870752035037188380914389147169046873718054226136585072 1.1777339375050641297592979199974737614696123363614372061973051687314888320668859478922140456771841186 0.16919907539570767100785888084416153599978139600930621466322409896026708282022225224512209782675978092
0.94795588174765326946127817636557086057704262734767878568995414222771988294506089493059829872779827092 -1.5156089041741897322372361511186168072297576381306229755117663970262854363378540693810461519814028127 0.21656268275058136964750692063152826071383247998575449936568923242618829238982790704521360893129622242
1.4251708278240358847187955541061631564574411607359578599690396873482492584356451304758425163113313788 0.33074700223767517368055503629943473818074359055253077566531139986122309476177704700320108810554295554 0.41642119492702023548170382179845044982412796867259673637638392516423077147339967560616376772713575833
-0.79300928741861343774476104006360252640777366807412610694449727368027064069304872218915140175170872226 -0.23331888070272030155900967132845934951163380806408213102110953789608464209589921646136311406074124069 0.24783806219602353121274415786478419292697336350709781114602066847758876264490862884798841849904659607
0.51493204037730207504496962929278820009652707624737888191448798495310709643531073150964391993915782199 0.24590615257851974968031870911464437692222352268090268984491869972520503333059098626184239594055840899 0.051796932880737040438333693346750497875902993269644580497945185037888826016153175102949552217721681098
-0.9190384341558962282435408089163799540728590772977068921849767729385001564604497921418365585677335997 1.3276880270210428081633339698177813681258425981085288239818346052630471710231917449377035050099158835 0.40502106475149522730879803564627472677571492208133725098302198366693558627253193537907148524875256549
-1.1344247326552990441588104191566215689756898049484508626769146783699318430497602973132713704474290265 -1.1793151163816184073425243924014059613422020846672318011812109680259698463327293602147868831376460001 0.14894159922099556630697436014840990961779875791254052020385935679250161476818445083787474233536521808
-1.2291633937885515906492288152278027261261934698476430692261503489794869418839798917686920329705709371 0.070232315575070333355116829120013662310763521296807889940975747957010206487935118637112660051104578406 0.0064729423276936692214771949794906649592993171949499458862566145672152410593024875542113939646074245569
-0.064223177467561511158395464959228452600304936489116482352739949597558563468645093965126255833082027596 -0.47280579257133304554819606130019743076512090619403141349059571299345368914807333381100422654326597744 0.2299028359358043232392401140162489644168425632413025378976814091005861114812388329786168336834046475
-0.73135798247263283874764773034877284644681129539104844969627671496355109924733329375428892846125631118 -1.2748807047231464470328242703308194810359935685556751205765417648275855813780044449910076708731636682 0.36369494284577483689326829084959501227882131464784400790218344618032146809712460906187160352238108306
-0.32462103053702936533504952461989279045222958757613874096770045039528553072804725555873453773001040197 0.053820125264953794783340749857397181995951005202002450147610867598142541069263573350534299301379813179 0.40113445458731542718215243805833821444947249800011513898903067407140075320949208178126498131798707676
-0.46997097803073807626883152496981679218322270577903148216661246337930939786323223624794358751820353491 -1.1398767109040271588955672895327231180752107740964608382632445856728254845174998559483198982020606029 0.022039851116666343735478260611124193149047811552202197291784092317699493398667654072997920088038302609
-0.72632736426570730217301594493035257953067007518130752845202748433627378217384654072761443234684463185 0.31221126524187641284197971646309180340694586420162868572740205548041631403548899343566559023329376096 0.34922679049980982690349248389744851343511673959311145038132355313441871855524556722745847486726942532
0.25458874972263445306444421429216568500309325171046607888591669433822921094914035333599886216646748241 -1.9792314397622612129579186772009137863307534255465580709435686468902407244876993735071228357234142289 0.26314486539771250760794311590144093292393848540922316678823578883275949522433624827489825861746314481
1.1954833522555159075896623293003780129765149499368992473098551430850950898799971892532690379518529566 -0.52953181372211938283918295646634319733830504475004186208685074356396654119584259104039733040403776392 0.31392348193684026440517369765946350236663428159818972886006123523625860552744112711718490978850855158
-0.019229266730549666817096460574627613645537175659704642452446022961169385952753022053369077165039707307 -0.0032884965802967623571996502040951855973368544382970693537604183895033763400737395949854778500218449722 0.40457035055952415190723373267265758904963661702956180973202098892887098908639497232834471427449549911
-0.17409952500034794604189948966950490907697077071668469212597487222008429574124883450757504479788014079 -0.82175349124924482752218495043187313410571262855361401385570431216810299005672706273761437094927404555 0.35305465094113279988711418979048708375743045487535387399689001305277010616891183967163115407890449789
1.6280085605420529325889006197074717793976958914530010949483792848812972560951460853990324202650173013 0.81397321308699431154070305150383405409659080028463192022995597921194709845458460269396753953732076389 0.13297630909876397842586390492643294033905168853086929602061498789659972555811138882472244578545052055
-0.58912550502088047377224236874075181500395923128601885754703928139139242238353534729378149915823009338 1.0051341664540884647776118088697369191901919807109648065879446376098301742475073586721658244893876509 0.36698765115442973203581658378912420928250202613674152640930565756652484731321543802431861303148730135
-0.89062247430008538490983294526278276581424254756680190661281276838916251754289126136226350569117610082 0.045252412220882668574989596135352776873344193981724244561130918139351877100761704340325019903743325462 0.10800327614780366994923265003148404463396612843383719631857820867989271862306587827752195445361383084
-0.0015560311165329590328409791954376899386607377141917571507591072038373623888970573066507193116279111886 0.23686323189530172273194869459433086000683060833600946706139014209571861570020103882382950224070194156 0.39728742836344149673696109694184114803440933614234578539632831461510097827844035187206306707424136052
0.73860357232854006832190487502774668980877524360242026627193637947005021891029493153229015896626636396 -1.7255641666465996481673796941081359137910114156703491629761782075715234541507671369969726075143183157 0.1445374704568404930839928748800425273286376170521619182650938101448082846453446666361172722140104248
1.1491819267173753421066523948814840721599785142293979724716789550601358542512619717754512088433307355 -0.85339088257573769487822347411022914637601865462332717228070224633527999322964705314569717151948101032 0.18698859686685646242617209647114606849611203598143240763651950256235913329790342787786999514117427182
0.1688972805324617508246595009822142920448701578169340754939409264840647900757157041488113581354554696 1.3789840216818127553628665576971209695608067284086704987931214829764982973798917162331705547795696185 0.22254354906400212899014783465733503095873739057224023160063758177383128604341394141896703430952905639
-0.48590326671794356957625330821268953969009685397186368807411163711742397854525317614867524942205364556 -0.32557543167660201810180906970437209526965950565955110142797927958738278522370824482687306773188229433 0.021497762099181129728394560839377382066511245826191414710002017035677023393946704602804465403319629915
0.86838788523291925469135905700240029541474856911572172682436715971437199449993922749171372879394816447 -0.80324689810049244534201145347974467792018550205488466853926540436123851562474331734679619825848735324 0.40981694086736236670918087737784651217271572627069292810980536577165297573879837156299552394724920647
