-0.62490453042261070182036537019788143243182151839614390404061637604561366548090168177297651619069461248 -0.059231436263767650246672892027789329171328819930449761039059726840753328460911050253359206259946249998 0.076350708368880414900479450600239029750222966843673030361885854784182001322048125816656692209389869045
0.011845433520380444109648015472005156428198624224662918758594188033909406587510150124695671486789425254 0.00048459244510463765509944286583928626233370993973972502896304998163508083813649164335715596020922689796 0.14719399287950629854701849795369639301888927681727401521733140144787215705701678207963701594520606713
-1.8830699324216438756531265250340090715709771489433353514865254405468297709264786818306915853985094757 -0.46113546741825715895682048753722958766274044116855348069687591340355029963867089857485085342433031244 0.32415526975373536979432957201302862195520791728510296773491304175767163425428570313432884020817266029
-0.62421711986148534525749479689123739315647132982993700891185107859856386041911940582088303923652075983 -0.0061778658640579708396038895570824658184236134272415304821317541876472212098684832523424402651773194618 0.10154911480420687111748089115094170746651481588759365166043464955359806742809302067585075505236604848
-0.61481336049748946447678490289633264842155504745815566003386042002022812740037503416702821790474806443 -1.2870149003321365425174417546618383876648068740772737093611549728556328036805804106803054674333632783 0.2982110936801519407380333020472410850184649369128860405448812610484102825099886803841280110406077906
0.58117803608783842982221443299743904978371297107998140402209965782490917291431453269418472617482175292 0.79152076847965146240181197540570528120515607554914984563119462953522924077846761781606815016468471655 0.026208413382737358599482154871495629693949286801600675760674871307666981832553995432527119946447768523
-0.52595311664725419199362672976479750783051997218287296890636840987659277417851357057248074298959074485 1.0836026608848208269789802314342866169851681229174864824842182008182981992966116738016042732841810779 0.012566953248179319137585430146914621314497154836512216772503360773188489326735005865637637417062859049
-1.2887691870085844233220970599744899001610627384465258740262296568245901215148948070015980395101869371 0.64135749849006286939598534213412944600570376276449245513865395558314926697138591888099200859827023291 0.15239064409718281583326913524938095386892441548039873839400817001801118135563409196487083719390536609
0.83426332975444901255268178343097762104652656126445144792455068441178901933581346842489889111209262939 -0.18160876853009506319567804348769541779008555789585140124180163336055710135993353850930555976077452295 0.20502805916825024371367798958528968963099983625869745915953896006528608282711989411810540627811002124
-0.038236310810042086923590751189017887388487277967697839224493732638847625388531082799367522115421264661 0.020739909960665980030994125086529215667255725763472604397610984337817585684855756860111088107545269615 0.064336458996558615612038652380175771292685009006457589710324381144079491119014656515983595283772080376
-0.14913890757220947409202996880528129121313660258381911902576441789864037156105474569868311009689737674 -0.43576824237242933262975826235342823285101148743217560943971761456912604726638875929330349622311992151 0.20022314674340783093227569050670389884335097166278092272482216078432331199481985586887315295820206653
-1.2578986561161805165819674637614133197263356454305919104525378740640633740807815247698307676971752475 -0.50252136380103202399867352163079342346080466111856394103281741661495991535206325311216155544038585912 0.036230860064257385763402790268319052152624600717343167244071078932241206285597295579913793810048882457
0.44354499765193447447126821199588443038459588227115750598767339560239879451367695292922711485576846995 1.6700987198321189991690664418288947592438242254809222279297689970698980839662670526403207390637693483 0.32935444288673160243450585446332167042571477643718513919583998286907486656052458109626043758969906601
-0.31195560590003553582727610122236905498814964819058787664705641717968791803173845570952413475299819203 -0.95943316812656997374306471346477855917118236306141422389272584291865611156981449142066903676385988648 0.38350816650606711486825415315504583757824904544825888104037550692535205154533253371630765875687868593
-0.32585513593458516723549031889155127308771891307512495933366012742018226560317629007716518758194958645 1.9297585315464816045722555802299563069710309675045888478476056954665260391229247706804517102379756959 0.086756202718492945027218040330324751148341238512960338050785026077159909204758416308958407623951206703
-0.41497953605959652322382929971330670389830850031062809468653977534351497345074318239971501181134497502 -0.23364699259366622799436761466615928976096828973192527753969342462152336076554534288737445607469960735 0.30929291934035598075478843614322487471935775608178164637675534330271222927987650522892071627269305702
-1.8417521738765629361696429400295326935798756539948629480772374844035668630491953935690772419420729059 -0.009053377029030498623951556028728381928242125708437933268554253326308037430925445720417363791505487631 0.12597960499733961737867959410879967077293150384460218895178299338261025260465270868754250963151591072
-0.3984793480987294119193753860493490079547274508145005341665255869512410104040200523130525653591342347 -0.99923601509424562773740757231091338443755155108971191483570640117987170337715914750471395721466205014 0.023141005309754163222868894446449541068826973879717305548239797835781527648299686494332510683271343592
-0.028801486554395603830413392997809302037221618948474561335547492044867096839292359499831882394902337896 -0.015173967302649767135620134961660465466345324815287321792973749890118738473641231695776980419667112368 0.029321976230316888938729262733538599870963747008673334237272541513437470585522381194270547431492039461
-0.13561045470222212918029821570814600345489769766323683969637805052802019022020879753585151023255501116 0.47294831273347780988375380297559263381943244420741607532750417491869450377372737035346210174335185414 0.23200953448257877091507516553279301478798386907571383580270229199640500824677586461380254040900880035
0.030006138771913480530986345265257111119359367811513054192088394853028429712835324290724774679923697345 1.324959554963108955871534853104624594373007145863109653407717159499098729993400880724525464392843691 0.36094513811052690332747980865241645922155213187610913630332798821113456690022853551611700649712191975
-1.9865428448937318856856730507400370230433044270733903235142749921064259758410685956665557945021646971 0.043964610641831040727264607932805274129947520251986276111000383533369751149183576483736202469850462363 0.17387132610847683741896341109644235454106696839897038219480731462445089057171435829783268373579629832
0.22963425972663250069066318150856247079762353418805533438979456369665752212022528393108831706045397253 -0.3278130727639469373306491490326254919213333020720252681104402224544721030915655027619820569182732427 0.0081713402648485500199607649308587819766985517585126639560154268737793486231914367518261167512812269255
0.46612398215271078638714702894021906525458669295197833228436880522478961515272545111581982760377782376 0.42825105589076132739033359613247056743370710472248222054936525727792072089749200032282051142517715305 0.25411873947535533952186968383741708446395006335457074002721229308512094732407846082562823569117014008
-1.2968834810607223648692856257732473127210283588392779386266037919533455524952589840460228466585675912 -0.15884874252188439695802663045638261062402404222997346684112471729612734084191604608771927719540997279 0.062796874122997520405984375136120937798316699063300725623970493982265276470046291210299480837900062645
0.023028478838919141363553814320989972751234601780304216081721553543405095734774735520996941426745024065 -1.1963618327440783187916477927558060142541319691182381066213944128095522014531853484256092501375946847 0.12880636589634931586952120107086793707408151155399655799257138768170544861240984223349802376561033361
-0.95582131737789957759199874527867364115013324454072181797859897306119538328472596032957735468613880346 0.072643572263840082796351118950756832884565692180834431245972430948741785520922223951395438652118493164 0.38763172674232617461933788696244043470310680340388902679619282297584079816691052616386611853774185523
-1.3885029074226429627215041257139153719480317555396570244123651820204668346553692289951046371468741138 -0.74200025080089445377591402647320110706076058227671863944433364634064379485305450700446620154818064802 0.23065642189333306584005153812591012517123504404107642446154261269895747188075188695038718392142806707
-0.81919335638434652018429475565381443688687855039741098819601540480325943407816818104844115571602964295 -0.822528388988874455114200946582464243654962097627532776958459676155069667633613966924484508457142424 0.39143854719726032613970493099602628229513221105610184576168678555712591502349249838062713687641679775
-0.23287791990169478649097827816950526543028641760191181455791916988812366263706350678663328880022710166 -0.248154592833019212016920606377043679008263787508240833299792568628706160781369859342380929658070549 0.0021420069102052778878959850890667241420126186004817643021237561807243929687569843221852962795924488816
