-1.6455268912102736790796330807220473736955597173444051604321113256997689769775345920932363715930830383 -0.087824940892679649364641106089439813181601754407785350590038031228489479832535867611255679406833593192 0.20216010462949288112953846589652542096823962296748682999201655558133988021279973802198568272782907642
-0.16583576970727035342922871105142094932933963058858016468622201824850500483731656016577333559173158448 0.20052922480729653684304435071309722079696047971533853838938598141479941837678255624784218193891859484 0.2103995780501589207440555244897131368718066316579401054976879130558933150818448994338130522076146232
-0.05709116611893877954782099598716142797276276719971222545156620946600697976202507246254568173730251089 0.048310791222801201254706124457627202662338387509950240651486026716486555945870156271069566554273477174 0.14638399705570876920181976485387099632357718824535206756214218313498352870575158566840111010879599077
0.9184131244993239798139084831441417268061256679589986303343149988451751074070434668366068904379634812 -1.6782603573833829049026045704684417388473160833099273501020056402248848678772928570840649978839799871 0.17633973628857578865101896426902535677873393285839996104197862972363376002719327860665630190357872697
0.319102208682116056250613590767765187525699280870704382860422979001220063205915008349974897598295809 -1.0633820165127558114346109735654771437122494427199581705680364385645829087046517090280175542208618711 0.25436060502377542658644850920577959457393635446111464415551043757417030179841598261933991616798135121
0.10927077404053690800221261339069079051728418448195155698976773596588320819826757040534617137704244888 1.405411122118148662152140405614919775633894041738690396389889659070940924993291074998358961380654599 0.38304709069558506040152402248175119566802350697215016114533440533885393411170072408419134897952315239
-0.3299990258260738233097164417217949783742476994717964717892533729849149958593268988948853023278888552 0.00034244941233371669442546782835716284528032709037182331987070065154140563467255021642944373067793881788 0.13453137943028942285671079243045863230480995077853166211193517551737239278239739406627294451625301631
1.3177910565393539810702610994351390631253643569020756823857021428543827184595205489722042885074275475 -1.4959076742081757825432791101494048489726720470964599564764927846703995238257451306099850433647941005 0.11849639068125044107789791266356430276861729177598590472127050357805799201093276280908036604613412525
-0.012170283242350065632518562073540248062586115862691941690020345069399474354002938724089485242677799895 -1.3375763803075597567377743621102579230875031425023543299514881984434411883189026463390434191516501007 0.013834493358366934177270539832324900059958727793451526119377768852398161413531286564514783535949738709
-0.83733473012326200011056828901927979429191444368707582670665716269435419555916959662519774229381072571 0.76493877960697613957408555107612215993327622813932617366110341461226117348251963418327829591870591271 0.30907039765850231113743466810165017373289703733365574840355428986917233929964237277542336261535593521
0.35083889026884672475842677909599970083134237516731380860992189039512099744322312810081828665418514908 -1.3802106746154414821529619786419264630987566741389174371261216198614371799514393711555653923637404821 0.15398828120637357713805766132210638561827310797207060978756870718662538680473491092712887147442364489
-0.45477211802038564456409142963843192030784185989757028320274108677042173773774682356324968949179155605 -0.29121039295833275613597054030277593543223599285577128218320032534451100323965071353708904845928168533 0.22454744952424061995152955597195162030338001836505215021445037985975785290613368169770520845126388463
-0.24676417432320387504103351577406003900873940899664849195586141720718935326710744359004252856595383642 0.84689430636499086181908140836221588745490963012038897629311217874368168564699339771444347908812641721 0.14990861093176259785033054098697744496317527551428736768649079423304716976801876855577757924672963136
0.74996806941982233549567963615088070321265727457011596757266678969853122157035046589402305929467997058 -0.89000756041524173206668879886598429103692606094928003368768829124511734953239701261105190952510718227 0.31007015986768541689401772359668499848942701122019341410327270009911764866891497154128463632674534543
-0.59973865764034192241666527809927257529893094890969216368861366602611550801828752296679903147262927107 -0.74404974438970083995848978310573356225980547363794742572724500352264069233723263961944596724150015017 0.26503570203777730947446438123894158727821107335704613964035301516019874812271017968871494012532944443
0.22573029797950044546964925211695195803515063466264481216617833612785636976488743660291400085904304157 0.7940427685039416772445447012202769748444426471976985270327663229764044906357572514809328348523776526 0.40332377023957688745047757344169508533697623250600895351225673821719265564868850743579508759369705087
-0.84366225452421250748741252459428902608477752110604578341219271852719210595643102512290444455731052528 1.208592830613173491280033233043077807056069811220040535546758312388309762210140091595601020414660388 0.069136041422192347037828609606314171273428938077005517020636891002966756165184548889220080401893360015
-0.30406058452608436817333772300345093115079968157193938972590231328383869394583449686187251546348022407 -0.13241740868943820562971027370174794059555543793685629088357985053271500428962212308937806721269651612 0.081077122717833896428225693212358140912235326369167335577533362529383419023179182166361780909960138704
-0.90178571656093024292437363296015707558548567492483700149517392453810506952456695069362137592267303843 -1.2427467583044045162620441449200685089551683256362612429691697926272478482159508442770248195374358498 0.17325144544901420338102486253899434955742733980273670306659517148765250046315308319156279284001945764
1.7301064325078899650758334866523938137153620983913259190712054697511129750125956572306189528777804294 0.27275648900034617952725151320067288453779311287641055521566573975551526315143507423044785288308228589 0.031561707514242182375128971899532458651163313647801546630304478775262066184230029009343504292664118301
-0.62872466726375260538391233646202553717076231910903303564734340785580024727629436629047588076906231028 -0.82295041540515554806480658851530932242923022726302709363614508841917880412225719664701483240461080228 0.053180967580572138674792499264884037427170806728931344890732105730607626472562117113210567004963747489
-1.72816609248384400282704067926724572260801305846011880157885966782741481300256874244516605157517465 -0.95031708703166460077200343781513946207736051540172561188862789054121426271851337056437571841863115071 0.30682409608391451174080809145762009335651415428629686288740589249847360961061307638301475577190591128
0.51780635597205621538680587838166916490312190064856280212360160595360422179628257171128083163050079409 0.99557323421382193707119157157673921148076709811997156481102197954810747803568910735185146651138329436 0.0715625340261829102217278800513630234505393355999558802124585208863001662354677861348523505593749581
1.5718839203305919641226872567263362404924709150288577110404991032949364619493477513045520462085113569 0.44570428687869837310864402411495043332861589294044078611673211338495579649404852129068308976115847219 0.4155519276930723265731808230050373238382257976108423475547824945207820812188760168009016198928483053
1.4703892180543255909959242916936645950767840515042158640044287217785012529635324256862759358602317622 -1.0054562456271302527808034441181177396602883080533422640912699610730935215477894658093896320287834863 0.057418224255403998097934241614738322605380013857240956257966300377039965863117549610668721641178171905
-0.23920126171599437396390593206771202814474393546270756140359244200356363096259129606829585889520403493 -0.10342023688170809270549158292348844528386575123044409393263919232750120236643702655712904385531004605 0.2329224836365261330011621508219289620388955795237699268652729702891361363841211960219010349238067565
0.03142943262703111915517635344237540148142557361805374529440504029965769647306481723884021032952601978 0.011528213352655598741818351886835219654275187834572676026784521810606324917462845716301083927345301213 0.39375889308950863068945529130830937601419611247708520504002865723951514784627906997574750558197797373
0.51126701640507023364334254498775369446409430100343870557458339515736659551093737653020355608954987808 -0.75672648411616638205516641308418978750900863908951917782265651611944988996917693745563609115225546674 0.19406421172004410887246815584002367221400001770799524203242060206774323055415280556686807612123863234
0.3357825060907152715130897678127259127667424241298036256986776386271975189037439891536011889809983425 -0.63411138927990963691964915244817673420280904426300442082673425658788975274985436152951779560488310116 0.22520768668974273380516293554348821602036443033420748991627119100379890427510397798500406032479504846
0.26745295833556914187052248282301097142023679799544112782877521031483111141500322691470312766466491198 -0.82669434832791040247585034362809475048182029751189397290851116649253508462044447003024362488683913999 0.29090389747749544976251454776378138994874961712104575165087847315059805914127822924548682751740488587
