0.78202166234119104938669664224597133897707089461170560224667845447729216991693210923407007330523012592 -0.63171724126904908256660805684271513634932064932882214326068057461755369246689045883759163616604854774 0.11227692336055217209519177250721595903953645193075642028512842447117266440546597819014765726537544064
0.55354876787575681677813331836729778331066098643027274016098634727122310656700223459923563736717571782 1.1523136611870193390744021383804602520951710998042948227644409163068347564120010922175620398149389228 0.19888526131571389074525634297532419888203294236698020100380716901880790739183527288600079025862150128
-1.6129551177656892987663216768598293651293822573046861811444104872702201395346395287413801558229201776 -0.59843406559892599640330159860836843974182300493963651071192900704950401943868065289757283203480720638 0.2221548278705073434076949416313537512261145466769397733260120038599710237137373599273032864745542269
0.58145258863771130426066514839918975816960431965392864742080874136671894950586734553500330009021467899 0.10441271380079396325567292205807391370848246197481679502347675647189898676793912727195642283916608959 0.014717553698335468026939159761401746051607174487832522898020574028191727568194376095677483862515181945
0.047580604480399901512081490232972386367496477262808958711171879923024514022194662293077176245611618706 -0.3102152736740550884754944464037482035766242059198974993112711831166159932930552983936319933430978021 0.055015955279763055281531072531536354606743522775220274464843893234051690168660546438378495824993565129
1.7808446154561910286918712118404519687777380099368549310882238857034747213751575007652349755036883502 0.88516872188378103114384179089261360847359367382992630461311420677726183455304217242106512547735346368 0.037572479869665224718276959786091656027564042073816455987840632912785777469530607159734643289797451259
0.5466387056933361708439058162961454566532293465668368345925623862497392818186940218751365463200594137 -0.4413862466570825625197505850122942211404579542328642612379121974710793707155344659706917726282182816 0.3656038938719173257426109738354380072184893968400002260037637052554569458640281976130258227697418606
-0.88124316358392022544202823594644277757371760655933818415254828410305885401845930178513751764475489416 -0.058448062715836346297791591678904263595384981394682943869628510544238170864145765667824231137170127491 0.07823364763300376079904072350749576701112590510437161542160952045151943776657612709544014256997069975
1.5558085253998618166295151287207034381549429442824729611796870720412851045719162962608811617049797558 -0.031797812689624931811060681229432344132891390027574687030742606177751926602102629694638135496925547238 0.23935217309042937198638787150411589208972375820737060646965409349236963040102863736723160623275926383
0.47255183039407600746661933571990298484032745615925524370308691257203217556910395923200866489010341987 0.37259776471189312197413004859059248748227504781488512298609779239787756781282855055085211247161785976 0.41646533095351594730256189141623378915162176645683332584000974695639052555308238523151735163922302672
0.40400768377635229931689131066696971962841875948315541392705517431753470958497863121126999498868201409 -0.086241689727987939823888153180460717874476994255879659079748582837720763707942824989752513620837104665 0.17737578462916868610933746142268622638671001179273885990208068240133602882379464073532520498187922663
-0.56667852922604457404197653766468024438132627702702935060054611416101388778475655430729947546746765517 -1.7462150503675062987040955272624362585717785061057395485464407042877511314974819926084223967812494482 0.37955638034035458286182814791303843009601972761861250627039244133139547141471658437125429813336080845
-0.60340854070268928434309822949470347079739230021758952309931373429112228561249414801857437553465305678 0.34481519989217930390981441680467692955164382120364169063136458810475075033151352823431564991857794809 0.018966822883837580758033173950230745663986407202920946749277937201851497534495118836724855770563683162
0.11931792669152159747333857066296691009451863360810506108164909740426218854726916140081744337232563633 1.9402136224601194418670223250478822071589557838931332924923278781551542042438784854014124467107178221 0.045044883145426482691669604236037523885279994063808479356348979907062925028148165941568581736734363966
-0.40469125576114507057788457080684748236302377680803884386484269076929254516190834597295002436090266597 0.27210246576473960475760065183986468597781389514544912329083598592247988033458352370328620971312085966 0.34572459169471202085710751405390971869105895633755700658540225233838194585176776654467253211794121036
-1.4127755682865987003357778277455248572246327573331303661163861541601814032414878490688516166803726601 -0.93317768422347532371624700629684989141205692238843330996447290655273073090737591192514826472736141063 0.25156505361486043842410918880668673710895346612619521967237414836285645112865358117689533001441733066
1.5751317673788797307555910303424362431959874333371102409380283988725245949945839133080134149927580879 -0.11729161070403785711492241343328926868138993547777332065244021353317987548143969260763353891307995917 0.37550925808241983030873450108610798534941531711513319236135809493022589094583387315683816474877420907
-1.3063270247097917553877727104686324990340176130542034747814480965239868895753304976502255892961674879 -1.3722328606375681395362600514421089728671625881943394900895305791289772608416712802714572957738081746 0.10317205951006070402990576948286258920178548096911755477612585274689055589442106950994731827387518614
0.31042862618093762548191841630155486830619002313227270999703785516102066879233310891345189224542921173 -1.5616030623841660295229095752148776983554301503364907432419450796549938631498771527235856132573194586 0.008011222030432958290460103161406047708824214511391678785258248234318786053489888361861643549599958591
0.82979937922077721196468685343576160089871767018050416818813683149384709992199882758209842511245363741 -0.21326045313723300247180505899746746697847607986059733061986430120422862179689217085236749432586835997 0.047901588437854103440398536710074472167639069890091757110360805565114349841632520370083951075093485129
-1.6649449982840963528865637079571082956968464474280614954188812038742368881430514840504189557620668862 -0.64969522011204079664700472885600523720983018421481346538817089777592173526659768826460656724714392944 0.18669651277838703936886221793326455245389675540666429964130018656706369626896538851446228600468950296
-0.89729668254320929506059789969660538437555215185545280753035132455129012861777913436334592464061676362 -0.20867612543352960796513691445469336233060195600954930480089134661751607169879221568560039051465091201 0.36475445628915221864779173312844183591009977691772238440160545227072421716111029125012181239840321627
0.15466847539908052539981652260114522005664379348874539189389134536661426712028000284209604824512510973 -1.579174556470036249097590142906501875191367884936406943638918327321955584034609081275547554807003148 0.30743357584546428618648769720832431790879147520421388059016373601766123573258191976705364505279654219
-1.1310244368951898142081279091674114259448112943499173978330356207347670083511229365531919391138724584 1.3068534259908662264313924856339581386663349732677630219661788334391540019107847019168583888368848238 0.16104954681858871841940171972234992883670509925180244386495142210811128470568177007588027129204905525
1.2980019103634236533584772143544126580570846330780177174649431319998613980107126693230081283229163471 0.20933779717038194902530614404632300541121913283548335713201992598909167279719999922598193358127441024 0.12392233234661472581828804441533959367982343156322402808769012071272857354115063734631031692945934338
-0.28192766135041594325188127562857362100445385154378476969938185270541166909624236512448067334454812514 -0.7637522535963205176853506471298799176520843955455842916833234290599866640668175169585013216226284411 0.01372474116365211237183742167258277126634638618716623416169243085211493111573872490698184622769260925
-1.5769007217005315531965106537927498096653558297980934880930752605064147534627313839873626187771066363 -0.20224791493554849451173140026067861740186629642937504063356905808780388175525320576087469207537537785 0.01214993545391063423586399221453108067102087586029782009076043508183554497212118442163237122001197353
-0.66412448606103111593225884701602401030596883155897268581351432209323325999691658099444441194149103521 -0.22155739043829315133033575573906605117472363323230432546645967169092470789493646067279857888218416323 0.12785728269870095891522237931170984537080356385320284922297449557604919302911043870770357331271938726
-0.038696874413340592615234422557995934858218936287712226118482316713795136710787183171332379719258825354 0.014118619351796190535721411688163847812688769093391204551505633969984913639688665789286562832218392369 0.18460623692196396605156509828582614321097514240841340186189378357568090015155643133102059735288573661
0.044275219847565352180578113414727890122412104873350366692806755459193862086542171900840511596615893913 -0.65658419285808702839681501849096653098444008892149748899427290081832572099101745807402593449990409781 0.15965371037192739632553515211173471681501591191467441711315034593924937847821086611029314699620500097
