0.32597121113503517206621304761021198903364994431257328110366928862837989691193593894229140498464420071 -0.1004069331157922497647831831951541823789473860407088183130832123829368208095822629227947237207977198 0.0087968927086739314977712403216511356945754986875406814169695822764608697111648038798915584414339479029
-0.40998019115736874813560566235097841579419465629609846791466052544113994092244283332357980315631366454 0.51117071191086636149866646247901078841140222900580483740299102949687664831911227677093300212976209456 0.33801878806476896021284624997103888586150824443323865044217016160471688189687531242160182491869489038
-0.79611440187698191803925371744852974286289711745930873848902352782866925972304266386370207462933773939 -1.4838163509833569306747850792486857156550876722759203825796183362982136675754321652474463907300165416 0.26636653781935057945532076048679719910905209735251733886398898048716335922674626961405039557786267141
-0.39375584067879707051561375146037631749521371657187908607110186323168572545007115280015713243058159622 0.92140937197514276986140945975262889250763065120615107746010489724211237357548852440705845610557169421 0.3250684081630531177588657397395060971366576688003088973685416507613974639918217831028692194635397181
0.9887180605914222886139728138000127699345801893862870784389023008452400551825365808464225627478666586 1.0423098441880128010151353248311879713784486280803245641486892048945019463945645057391239057025654591 0.15705275316042513033926299595349970993507540109130335479128929401029406063551032109555412217876322628
1.0816897365988262215478854506903916033754637986986725928981273711351566809236675205181127486974542719 -1.2266152745983110331371458553586339457287888794568710454385141105267002946798151661873036159821669328 0.070473993475915571031043235682680425801021485479881772645614815229698175739923668677958187940459183667
-0.56506759892270305021045312973298030262563767143031331438128275783581765529301098307310349748651274557 -0.67353911238023347137831324551805760498017442471779741670090141337408185413300988317043328381627714505 0.13225555844495047964271254999217690096815856605145963278671468197936123955897208826973088949402695215
-0.33282751528089512405507814799994502166162440958067518220556662812751691826958726846634357359581435158 -0.3452785019839381348466799452861015336520184997768538745376903872013336930524768323925702376800459375 0.14128311825997557269272973933012852344154749523255088934502357004204291345819744554815104571969727053
0.49990875383579552289503059069706057048615409975906519961600095046002758795264009712752731335769064335 0.26489157284354471278093667551300836251703258266292539416774599440470233989524110522815988580117070607 0.37899389896383447458136575783673657881559067956535934176864777545086005096902447092465386301156205272
0.10642495547032251183000991887290637866854846369773749591450937274670067301107418491886394513848601879 -0.025582566761137734833115638925015083299243421187749430386959591895232197403591467997996138163235736244 0.25466232333583791049020225702984485791385762238116749550587319876776350224952879093342227718743922131
0.25431380122522935376184168921140828750326153533099173818399324876646063991420929213921809306677137904 0.01330340225650951536113478045691309915839225896995305376008247523432899744738390659066171561604914996 0.14175366489734574789201753893006977228319113770201148352760252130559242366351432405129400449772574508
0.65056680373416731943697073114179657428398895338836054688768512400009841305716591627696761299001027111 -1.1495886871805549000134020888748324446896310640522564035264160152337556668773258191225035451243397124 0.32113581747946327110332871912005658495129648586024890999399175870694813922009091373766113978972281312
-1.0133940060323455189841085368077005545970683394009291792856502423116920472380759296129563250910757349 1.3562775033201421100245223144459889889424756354935182018194216228385602520251161902705332577761756424 0.25616632726109779434780706646039675939610014463193211340970713508750544641189505861992951189901244296
0.47600721454353709333657452910897368564619540075647572398897286208935101850951569227166347164324772173 -0.42272289312315870407677792109149090321159600892159460590111730618505299020061413136240030806277173427 0.23531448701382144015999444799199853661517612134710850901492426295835535197499225487291321828884824211
0.21015844353799601157474779710094409544044493443443404395973114705367253514078702998130035532339119378 -1.3317002405694689126051409666849652444389486242345684595567580256181565758283496056363653245453157634 0.32553016802548960883621889259955668948269856607664095809808070591745399499751595402671997456933079085
0.42953892443964368563494875093369730578146319989539515017600693983133081414253422305642335380640825303 0.15319772117695655158320012612460316355424852306106398349969400706389303151299564570160320680448696606 0.35798736631411844362133783061344839419574262823786337661311328216810137106087617479010762647070431327
-1.0842635896287002353766492719755926560997847196384736316502487112587719310909150533737081274134212814 -1.3702741894431687163128522094945248426244596713242578873759624583437266949187350979943578661065445548 0.21092338217038957166960920843731825089505018997328216747563195790143998033564564566253219427537836725
0.065893827899266833257902309651109060782471242814533307521524636482968350346113629647387332065916854266 0.84612869196910095912335897420129000318808453778771836158859571454280646526480561667568026285467066341 0.38954026596211621164002610762173930655736162586073539239921703585882535431992151846114700737265565765
-0.98373083775203321146995593269533643571113518039966398219882698875313481143114544699288650743992332998 0.84135308532838234764466093264008437917848600172989906713696171554305279170593968007794707837237689537 0.072828084384893454971830366230546958856971752039817264053450175545009069483384149461027361418775791114
0.066462941024711067289951428221914569760036340039896854622597423858375614699883865058705200741445914125 0.28422875839452804204710000674017301080744323010841136524308028004657469319333478086353666207344043089 0.1225805136357857398723017753024844048307094264078953150687502839376896066214452074335741759654003411
-0.76119788427385824392127164456053557070861557451242113618812512112407338562439910321461919203290677337 0.17704052745798864253539246261131788942375481821571904590454415617208263681313699182696633495377674219 0.34534248251852638247271101006904737877086627982536398313618948800674460592338728365582660581270114385
0.40812191404287010936147181255397740898761132505046686228844475077373584412330044974209725785923014628 1.7450949209334589950804853601927884566449033249720216376275845308677631102133648844386977498332553116 0.1392818329457845512741972564085951881040598799635520528021011336729635604150067792457544237186008123
-0.26895256907781403250380475368619378932298394775674385866060517965511274255654324892207743948840830376 -0.077815631781889448299543505577073078078748844293361702912900022217479705037884705611523553282019616337 0.37712838908003366291379468675971263898147651843589503543510037611673411718228892902082880799412166676
-0.84696391140956067581762258922620188702284268289135436252121948301587001563774725312548069158666557093 1.2918019870454178054450102988177558114074627816244470101922140423386052121834774806588190024221741497 0.17733668142368988187374890672947588734140662720534504285259207381519493004534946864875908056951629211
0.56690332189105201568685902294604065514140841668405962121001685166436403439581583518782076150512091316 0.17604038193158221355558206640277389742743407334829326213525453216046958333167000298454369026251003737 0.39298229221557895308356607215127229801064156661921124474709084268832666976382312570665509655890495574
0.0089142371026452307326819825274154805910513465576714764581546982259630785251967601872897383141699539492 1.4898682280756723709891968211646552412070073067688353795679522533730662048801893780817891619683044035 0.19246909765659588709966968686514977200310657458069522651208852501392267143134043136038622491926515242
0.69642901181908398584483629377921035778074239957798563036597288518080551953747858194718909060909220362 0.31272566814138220539023813492627641203561009156758342771333245490946190187301409121388471428260833594 0.41711312916371554126250258812898748751019376762496013685958489366534048652836871472623357387733890259
-0.16061008785218489842244440358017512089814423381441806360566662587000609522566177795582136831226363325 0.14130982672214687633946575879699557261704832640872294181131071374270759934101396241468674049640128309 0.20944335922259869521033769080066810386199290691450879099424255133821079212321172226759423266016847016
0.28840093581666441090438065252222740529700113187249983684745415067104567570377956570513961467517755943 1.9115307719155060604573609381260334845354771025033236266030298290327043322103645180067195740551578765 0.088112600556909502639411737117705400436044833617742325029735861291058474652325771523794028119851187269
-0.28967247329680420598423700972590668573297312627338851241822444072832801123123974128154425216473706163 0.56526291997272399915699731414565885827067909088084011338776793034387326803440122458511425408521422179 0.17639642993928734145818162689751336094902696944350425487496098302756940672938281674316231110366670755
