0.095091940536256452551060268162566608611241649009977393360359025120350314334813586998166193390091137823 -0.24803442407518118014974211733938076795628817745020496421662439290248941143113438080907424435027773986 0.36051325358355167338822206398556967118043706662029950882443470624557770137123263049775418897999789822
0.50376922390524820473232194887448477798993142877465642957597776157450215654597156967517084549959192758 0.34460138896143545584778353645884752054997699396263270113938892664435133231491274657539684875629958622 0.34720832631755079762310456448844168133830905442726090605976343213564425045377311727842162373374632022
-0.27420003691514933043510391361827072946381004135354140740699931438772376328449914690255138110120656045 1.6654722005090515882116905768939754540022786142964713979702203819236634835152152998665349445648314063 0.063706698073401969034652936314765838835002828399452941275984023224321468585539495279367599461733838698
-0.53769827491460473688278840367903355039529263108298700797242446715254252518217186867922320980986029563 -0.0089333668659463511212619751251929333223701373802870845491962613214816727842636799723781714904063397501 0.23213626495868140401845125339363356434135364779453651743243102491280470955306138329128263381140184614
-0.23041809642862039108159271973959793305596963190072198261438612198924709895468491802451326616241222603 1.0751469559650474597695718546279965867635927240245351172167166197874138263502919449098655590927909076 0.20400159334123570246171739868684400236503832018264358584724916448393099545469473617608238331068630244
1.0874453851012264128558439698084745789032452673761372346041462641900030949373353513563854802809124994 -0.15439702165622345645648996482603051378127458929744705879626120044076152484885402890232477383601865502 0.3141373672933200433135552885760247645254450157708193732638131400216611018434873824654495927481527193
0.97926927193857302199669328434153768665949801294618898199781422615130299415024885866251104117936943058 -0.017941960884406173527378115808875318108956753078063657059908574973667171017644909263383509182300558717 0.22444130087344328357247246290151746936506731713337790679747169348571431388176331412890147868873655194
-0.087575564165568383216016068930844768109174526561535162365944897042690951029582887016812825804735027247 -0.6731551008888330233147258148109044628440673095541636408146500012669731508669747073781918305608719968 0.35723270566487987394432299117098759012866220984462131494017158258115451978448336408157724726029731554
1.2365892280433608397229134734484161778469419889862737423793085155240089051891331525087485827938140245 1.0155876405652422143915615912877004861375396669722612700892325332291782719041802285688783503435230576 0.26309228454614911245195153438887007218170468475240484521095484067702217469769109021218238770971176957
1.5626493437793116026190180493648869499221132899436538086486685249747534583135392780590016521457020148 -0.1960022047748701369652503947990346292118070646069017758570802064692776189106344629539469950528639706 0.045732124409245989445271611927359258273532364345251689383507559707039677891922151135635791887160065385
-0.092535638572602604790986638848633844687353783090406115355106332766606704421883514088046852745680304916 0.39676757004805560278785755890596320497318281632590005485573164720580120425496939056752976336143361259 0.28864705273624029991964805254841077529732707734215879287307330023850587186173640174316539749454158566
-0.01782220379806749696328028795559465056220921484160617790378639915220315047656579174586994106171068718 -0.1102534350096128286515488130848718006669819875573596617018589439151803310899620696432528621728639326 0.41751069179058965618414390962686363842695292231618078709077207848603579276242037190357029246858880141
0.95421656245434908407183933415538985490805262237266403683759869883248147717988289643488175082948005069 1.4496512198053973040209355732063599599278075742962641047418658051603706595060915294276423624268300577 0.049420441852724909039053074194145537374302909510114260943383270618682146532681422558772389470381528057
-0.012788698107016760349388131407360463531492891277802211816250256986652420489773175126858470182350161706 -0.026528501328764846673263427641074857304911831650045087795881478073921432834659341590542885008636804961 0.31911417872521224853209079497381774008650226714269506722204961029558701962845047013046263438898320589
1.6613509295945941639868741149426749216694503732325765534241612168982703431395507138688262035654382022 -0.54571772174387255351432707709664137324826611470569430236909859418429868780139994187312547313426728543 0.023839601607491906881459798907657626760128114880124766936934264264618256342392265946562134738088514536
1.682232699301030743527762846590956246542200413901428340212630190212520055468500515583095359285918437 -0.01948772094550528304769916961816278005631054975490425623120757168749145339687418140150872980469108093 0.3464298126949800622837381676514715848459264427278293153606188219415513920103753459546522721776267596
-0.99582699352364871397994857191285770845983898579931490474512510663307647453839092521022800188247032386 1.5719667190468486783407033724451817846194415710804669790579672967066310999224857820270453261144642801 0.3046975951096973966087728495191305622358496159153648584627212787910208852434994299978608859500187903
0.17409985760607379350010764526805079272801230938448074683642423144119669213928986612084307163718597893 -0.29122795211939539086498756814007509210056251914224675210019029369291295682959838939012625342979549604 0.28266812677270581677204387473603349231700559561963371466988983788761597264300750658703097332172421345
0.95592012374742663697733282096360634527263541785245197508485539827073711195492180821323924131655483304 -0.5759661976068434762388705979895657338316722321824342882834923991964855304442368031189909949524229658 0.19301535870949580285211215280203845928456453654241677461694387816889877178615942674673292233530544916
-1.8265609457841420278843897821198382795116171955503197779610982738439369954725202829521119659729988427 -0.258127938724164131133293608184636242156561975010613830985889010507041342141227531054892052683210424 0.0081229137005103042747436516000504552412870699906946269941239095521417125515075925681131683169909526315
0.037332760272642930118220630172478793695281959201473500765154432272383026801345649295771560449180135545 0.028646014654250549476022513337397149989344421774919853452994661553738991510563292768650617761172464424 0.26610337398492042947620175476639140542428421810277476983599316496393964891668327021484038661377312282
-0.089354134508138554459248523049548139072491112198464507187686696027336575961474388436265847589933653057 -0.23679428063758607710987155666178687906864185362005563937919000987362244090924954100647503148000200516 0.12223556704082161400888165858239875527472900972404483533108427606810364285594375575852717070774745044
-0.20661748170566888540676777592376702859781776787961420516870767293393549605292977394107111699676152303 0.71846058659024980706501498659013666216053837662303563763741624010721923903226262894447625104956371943 0.37232716372854041269223838850532159546134550411857747233344116600516338267720002987816014578510759019
-1.5704980456470081811499248753315405436359884023212563412068810344363353110615994924421127899871508964 0.25474051268625896108414767543732969155970775348780930015747559275559067233465824273260429973408511833 0.22688197756962773253335072646874020664753113923530917708639207476580884058279835276768789835268034075
0.037226230718478572577227285396279331608914218363130343707040265862774957504459709118935383677246236827 0.090964626722055227809922222887062607313316235416199368071634377115912664257690353548228797352935708546 0.37374179589301311247342117634697572125692284790566924209855533925366948542292625299548370022178523289
0.79940106365664174346677512262353934867047120864400933142443962468944635971518908685943077824025116937 -0.51007348244758303157745408188349517427192210705092881543110553635512487452188051674877688766573264516 0.1502578792032487832962211254322375505308970094435462677290558637577461685068382538236127106769080705
-1.5721677560121880380230378605995019874147286681617655363520481344268931720625689972038654427382726953 0.42891050814401647858193125681468103531271791181890720183907621128250294365896900502211441240389701481 0.32251156787562939431021930742065058357498668381850664827468417731989593831500943211376139026399526618
0.11082702598570892682014727009751992383025790752512045319544516450919662249329611384836897105627408231 0.99494460548186764100742656319358904664686083539599222974540080736315838143063641366546179364067323569 0.36469879306289352133172332937043314448730331982700470797050416151947761776516641317560912845566299893
-0.11163629343517923606707364321292671451990364834087233130626359455129778494501912785168461004210134171 -0.71889551697945507848959457728636249907386172105898646549521725354241458838121519841203072667117304146 0.2120780228789859562663821979288140267300181617751147294520534138650336835588637298716651364587866316
0.42108358681207987820099645480603090410751609342991307254417360553862821028660696278436854286805656784 0.27235048851380205719920788269398034105073107252264519792018205085046090953832157603098624689102407462 0.24045291835677800518810237228593877923294998912338025631958073940217730903080267967559861590430206444
