-0.89175168637202708557731781109229204963967294401554506039936733886753119414213274864735531941459214469 1.4201661603811256737922419699773858121068059884753806262006633744958045194034654597016882016137517667 0.18287000531489024778910182964234379064603984312176288605156501196599909929330769420736400141672474751
0.93463337818054787865860140249092898705724304388297790557900063497054060760562483375372419682952620424 0.33410401410756586064483023879209981064592856977270488681896325503894230731727501956114160820954297405 0.25813050188118895608137914327278210673680951485723736325078700613435920333807303870867101060895900534
0.41472398470642626900310580271388708987151189372586431631197108065892609801087007302032065955877519371 0.74374860386273160354159780199842890348567476416481426301889493255941936424672132164354162957051995525 0.18109208970465148372967416149606562168810682098935144979353721686004507586094307936825187346738721733
-0.49650679379933854849502633296602493472821819462041866363981078084530202027167439413819315507587944769 -1.129267615715030129938516032432965540528209550943347911146955269366248710645128035134301167391540156 0.30700288407434182590433681736584264837646468743920842218418543840436406565601463228606895453802210161
1.4706963744755502154342551166409146156417595980386586415304878700527653127916158335378869967927287247 0.86312135433153342455107301840358993328105121661055866079341889585594730576911328665297659243795458671 0.11198562266336543826538804534616434872056027433825600980459213204939007790238453315549240328168202492
0.45147224733276303975071732137940899096595390352861544831184271826285642186629471296778441364929010268 -0.67227321983202046731067124250711978628290137309920371864010605554282442185479388180286708514544061508 0.16612615210027586739276097853934083131187336445104329967258938245813362542454143899113816213679808095
0.2772481796600204281824504022895534039110111580112294937077286952774936799042485700840407902335988882 0.23805289928484036570125389063783184195767665179189236645158817070785730840576806474719430189966920098 0.35674553565710753502170135071815232910763085627159461777298706238314781492895246267741472415382386185
-0.46822764155161570557772703100205238125564272298026782053886350775320418532037220581611531366978695664 -0.078820508415206748055247345207292662337400431366830079550363827624964957674747862227962526710164994871 0.042598315767057920719677665593047719149390445449059412972803483227945665446260983156862475343827427292
0.048357117223868768247174964792707529903726870385988712864897110323220971450088837397117266733201355651 -0.074757398296817530517525510885715238602871880031376691889040605647241548035559017314275566896514372635 0.085915361510218764654166108749367265926077085828887092655411425465687964361487178293868171628050817327
1.3702464580876780380097782622826302617190526441258823754121320407980742232128483714273671738165054871 1.1921577234723265859261516698867598313188492805947347586483228523395936969352420972808882342263436387 0.051272066630209572663448226947702617044400427330887016056653715313260067057944855936266331712526403364
0.11193542323064049394791719343758346990682734929419651668654624286381904825686237155843074495297862784 0.040049830317951915601310003874225911388304837309114033390702811067392219972336379460061857552185424508 0.4112831852326690329333827701972426220658023668094466745363721437413508957274578787293735090382822734
0.10161470907782264038088976435225652071057024191644681473051240472824449566852205396080730539442084022 -0.6936653114113419449337893575638000200667436273681566252242885532104239747877243195956288641662229386 0.33436507108364345244642047952914869699136553636668987463767675471529866998157557134450003154326380129
-0.044864420649520181241022455375446686975434324951753397087941735180399292324617267303069687884292329401 -1.388064916521790425364840345541931712325337524837375879416059667860378780654267297765949755998838718 0.10749927861267294493347519954576304808955716822266031635785120227236300515443947013482976164283003057
1.2773267151902320772088755133725929935691428739446892794310020495611401436712222832565467950376352358 0.88248504208881332490562245562178461422716942019297400497073134530962304263214508609271348144228040008 0.34108614650030476516038207694915304305243525321422795185673894452381506543906843750396217870946717695
0.7429207239218557637904263835142941678910964262540911281825572581467219154159029056281806190452937834 0.83735183538950722928578110405648717269891210731674371870200202130151247221350920166193267403771028988 0.33655330650966895504708617436181164654508163665560825731455192340459528392572050789899687678176242976
-1.0715271267430403921645830651017270893201708634700363630996161987510192620826605668628179664385452553 -0.45493288987555464777689787232442229641324902866494741063508264348810037663081791584340576996463648712 0.16032317705471187138966139872771371725651458265126990498923933616441713705181097719884434447262149763
-0.068893172522926540959962329024664308012232921897771997462362920873621546808151613749199851242623430769 0.1066577717768820364264641779174878408631497420646286494245454987348913713511711082485046501717113283 0.039476459943668292398811988976875363194684170441425974158246213245468465950590566237508476029330889829
0.064693119270465784203307906626624365928069293510196734039287448240585434204865048120544483729109365411 0.026506799238195533127406501933567307878239854002296764128384529539301037487426567789226782778096153545 0.14645907839043890805627904657710712251757207742291876369983016689443467525348932410973054042644784088
0.020029580923595916092172862913003816294480471940294847834833915416620161851921263875993761717430859418 1.7955854412745827660254970860417509415032566795788718322500721573666550926576157520803815653949545069 0.00010705762077156133304505367101443295918502286830430953179086106167976467916495331621130917281750825849
0.066658152327308198729326341700118661297281457838702315832389352767723944376745171932640711587542194874 0.10534549721991439922503761189552903011493681568089377011908476151052739092520998479878999756664383814 0.10595058808761116547826124158992650167667446034285020179116988107587086804324795196371194601854283143
0.96286895835514949939898318217483380913771982122856903486661317562480044807128398584191084443744150153 0.13223532776121285628267313553349946470323773749796403408009386956991376238591669386515902989498776938 0.0088959293974691594611152284313641108398050415930922189916138860630454609287980067674532205077761329238
0.44410878196343134061571719994864071188397189552925950912485338190822329994285265957890356156857438784 0.55795247807121454840938167741710040416452246740061484448032048259771686894680528314471770372279151489 0.068814016279865119044689317296215322212636171930110498251294219905842421988881293945779996674456207622
0.5700833361102090530101293064213610498875632675850295088507242521030253490249233919185992953309434717 -1.2721625707965319594593984692856593543977410568094829080390424898426405957430807152163279409216832743 0.067597444305052182863881078194616410332728844293497452389816946526853777648621528149466282562305072646
-0.1528671292948092655094591857095389023916523005526577771591170635320685654151921523140456520101086803 -0.21367716952939813293595539240185943020056680124953501083155902465220637621501767428198703531647243071 0.21845958569740945276059904383649318893488209476748594625536782613231950088093784519567246397666594093
0.030581566355382544579394341329495300264245230762931691306864519566500531695704698978829975206028959401 -0.29854161529567282852896969295352472616145234955871491652600615893481308094116829650473325843071845263 0.25512546713501257430705513448210373672013413382379088960589755282347482371308823261529650740002811102
0.11065336347826748144648831994934256987970270629758707117263030302118698636026717588330823600322139919 -0.20662140454383116829419934788804206133395683000653961356746599353429607647647299982502287568382378648 0.18207822273897698797016627307845272093679194268309246990093010679398676232295837299258546275870601066
-0.64711450687891070449000980358726592357675209529809248418613430707820975669955023914794993906558101462 -1.5439626788827195838816737535829164480459599951706556483931458230596924768421861008003760646467303308 0.21171729503019524378603898170016156061922392034495776180910459981459333003637656140079348983135874457
-1.0638329698845049162976793293996400921166971324352969901671717774708451393973674028822721052913342869 -0.39161253879334822269286099785131177380368866914337827856895553429783355952078033274853914985968572347 0.02509780477463001017874110973394822678715598108148999708411216536744224878874463136935093663208022318
1.3585652931026426257048804193167366412891565754664879815647303164839696012523215676030185151532570218 0.89308093682322001381108108409453972162146667414558047451055026920246850164565480678661804668213679705 0.11822841160937878407838644370172407108405377005130959344534618749594904836280586113204596746381803164
-0.044855326998132085382595954776285383826508598643106129303006335376517454276348494185539050797511622389 0.49301627572939313720071325680974316379745858997131786497307134412460205093598667742819655167628649138 0.072870039908520676957462130454626487732428627329870546260261556398942323248059304851883677139985076434
