0.075364893028881250353110050097469643153327141147473649242089714461377986639723141704442601953679490454 -0.62802439994128924607817479651509600527190060197869645451797949436132429777426939933942254955744731423 0.10517474309701050403758435922230078110664979161972071627874406118968916830968973341667572358413941131
0.26124864229307741078329678672558846272440233458316420352174881062708047065879670432339034456798940017 -1.0000321563049954170715573417034840289367871713876669465730557396042853312604346829760666652627599111 0.33784668851774321253828928440930487300344470518364450883445437497506196972589035713604664270889435036
0.13647976022048913224564275686277973871927660903331052005015581036286730262423916225727807675246364356 0.10648745072222443066827285407733611697028455258160750035917963243906422165679382714175359549289476898 0.10812795278168958743019913300500175571870009178809935934935865168882544962433568599977613237675251346
0.18452497620451541376338375911744272363523637925843125021347421269747097168028538637545412804986209823 0.16356027593538097930390995973351690109055207780978783356197101549239684167974611911565548213848852065 0.082051524633847832966821960202280659094573438076975510645155592490514430421816623082992546883177911653
-0.59867619144963406137082647318419926099629145670990193250729821901590129824354562542160642513973218582 -1.8963245382125092870515706357712554285274807566133734074946187653800847793054731601986413418107060331 0.21176598523345345446265846713549254703735903792989911068147308370874643131195358550380625650594543911
0.78198129480690779822569207552020853916417512513971671633782269787957607701769399500765416412855137521 -1.3691532935116807353910066148777637497519622656453261299836296036448662112370990275349560983500725556 0.27930732417145506945789914728398364108490432753509696678183096582692583046450599755391673844935775477
-0.044185144179089924032220843361291496317982452641983772812553529993784568127211730689868816337875646987 -0.95823830874050664271500446878725529421741369921702230545257044438447386126332667071023640263915472861 0.39420776276086955908214441661184648151465035008139361469533385724301437534823419432630099403241037912
-1.0969003788318720691480329828911169116454777923792251434650459152608817300065539225393123230651225287 1.2479285186193411272824870753312934244458763188894388792869341745600773212317117051216799926296503805 0.065109544349129854481433869717682548500710607701989359575352657592678095410649265775837499448806102729
-0.76960395584392294423052266518992304194749032461184029424486285013602125871422947694733693972180086514 -0.25996791879890406948285844070100022408253465350538548152303571742653321634152510097233273984048908708 0.24839394766214402726549145675008788924674281998702860336422678638853119147293975198929643428660540186
-0.18207990845783510707809058447007008044990879818370658537794413351447583494843906219749856763277176752 -1.2919400858417676983512252278975376568342119126464811795357039420343144806700856350313392116178249882 0.32982768534929658656333149423976516823560241816634741739825744618592612975161230401707593514289327359
-0.016803550767959450869506971434450008779766671401238079017338561607512016971497621473536655465469774615 0.071147461115371545645543649346712463344571277569078818127019740312290275953733962949627789126899681188 0.28859699806599027653082269093579329782252640012554612454178556740971553649446186576037295782365319466
1.3614412952765796898059696404887215676308931749283966897684967001258317311190259733180752370902403385 -1.2377990070645266390604826537821674713193507888648709049213429043675567360914518214122906522605788111 0.070241644044870070277764002800987204155575162947844733635015746566903133431425750710496628485129961473
0.036615541884555040773219429399124454213126508369657424148364449144548988067926978778609697100165236269 -0.2341235750830210975620673311638310051122133657507615468412548455842633388735894177248664248866310551 0.38987113453486455451880240755251929854280998496756722627957571909184717119530453443447635905901126657
-0.3039154763381522348615123076599715064526047558612016056858457215527530745374742616631057265102814959 0.2845820833011805748177752638985737765797451143331603848745006586551073768370042934193301679669260077 0.21592921033209296135517734093226958454411118251043832488327875079871008465220529218001562796504409915
0.1857919328769408327735907647696829955872325860911442043358243147810031147335766281362112434527892152 0.17902807054920415194007316513037067538057681656523761549736247130246226227628564440856400387796720723 0.28219364421895025920463829596970645389882845466067972250212406366640802831792203377646442207223270775
-0.15414046080921783825281467965149444252070650842650926229751480848705801619343232049059832396090902403 0.28549154725923844040015259794976172853857177358985552200122803652887129309100661608211681877007509203 0.21472715199355090494393129408534922876011088004880646305190925884401583232428677833641111112028986071
-0.64189088790604468177144773229793430621410086781411092257501381742550737359997673829542442104270084016 -0.70803594214112860271657596068321396807925386976677673635776495397135124058271138221008158239851643432 0.081193419749925350963002767379476494243735887396324713868573975599172865528471726510879727268320747056
-0.13345237861135014445465431797584037493931912862596139000097511646491234400002703547971368531228585322 0.51728916365384520795520564394965836624783801295015656828649497411255529977918223866723813474986566863 0.20129462612878739455743520696016131969922727208088982140296982317594744510947885541116273444576971166
0.81145686174231664990807754639763362976786994478237379976827705398906576873040197688677976293487825855 1.1994674679306156603481580509179273955380618869049491563426857878188537745082183660136518254613032554 0.34967801600862163786504430462216899919370182873879934253937973636733250940042232199231790142114898961
1.1185678617777565710630494351857537331596381398780857489685202571155448606108159306980805581643569171 1.4503196535047906426617940393305935718271382467662703626019203838885412463319273286464320339096867805 0.2408062905187372487536124184544952349834971152325980392341584828879757097747965548192604408832566165
0.64929005977058580000065326206861641320433280485342565896379686598284430566442843624402232385447000483 -1.0812184575646794244745698215802993665697977192832705559844026961878197364452940887776645099143113483 0.15823050190768925824981212882127847006040634395495287757713926834418973977156575195072281175083585461
-0.11586169921064094975084724463101773937868362775341174790863154582074815833478708690521389017437745587 -0.852731318798329200369920163579369907083785640591101815770989474536800887052656947889017735525421847 0.2493929890495065722949433713419190156909855547634081023054014219621139540659487103958970763935107086
-0.070463158298619503042221421399226433349645377824010518314721985504320009531552431393861165782119894551 1.0351262013878525025512159168688174991572847352418727143118428307976651739677065122133253645719198323 0.1951671880672847064581503640628168642583468505352510730661716392922084421136984424506211841906154339
0.0025790930490992975631570686560202362051349021115408856856444073173950194005410136112520739658189055042 0.19887531423827629596786659183726199576985242820652695529634082469746034729051104526200775714259909277 0.038514877449650989730911325273928256696120648794126410117785407649419146696032763696537279506992640265
-0.10111472775262607316384587936538941119855315522535224196395963302687265850108477647495437787784516853 0.3533650374520007716018973539042482151948748574699777509957712351388310447907798048179988177238412807 0.10223980003489592449321143359057210150206970770810779275410540511148537144755033368451592536479278276
-0.88188728860947863999117793839648608593829892382732822152395837991117666381074065135077472466716256417 0.070551643191455574861656410702818490146409795053788307011490217178121240795753048082384906426889003835 0.090167085531837304286017734778777515533905396078780200509539822594512479282128775316965893510036760999
-0.75949749848852235395407665423944457888790793092286173739431902222223667592591105414652976639755159245 1.6101531304615222729494921800431576319093275900274284336337670245538696874964143310249611467700267407 0.37693737517695467287734333682233515258743403199709669006132799214572841170097508754730757990541630794
0.92260488578821790489653868373763413432444064630237147263844309659092971459605365018252381863210294675 -0.11653794707152498610286540671104313939310310636288370834957467997123660298820994139895232561101696114 0.048685906869296376757946848185860049133892786841609123156139591954220275429541082871452224512026416885
-0.20486060688960442619559867346511535734187688426945478329694330174263859236846603461973492924988311453 0.070415309002345041809493012171553969213005690335410963306681969729359359624270318159021716998775736594 0.23838428554039949505823235548426153013098030220981148678986184712121425417934878176647981133924991408
0.8917849112543865407559361725151123619034514608894798456019618538213080872764136969956048305430770105 1.145209822728952897148145310937481931898560351427699326743571248256815281156695618892768779519963674 0.069248047400787290095023378383406136691503508954603536800212815821109006627447948921892193900335935129
