1.4137849449396301400728548277153819758625658610875706534018428691521670309228237902579909591776101508 0.60083229652985496072822105015362991929372824034399830627208867886524150213817450089712891436207217062 0.21217174494260018831927181793967696037492346494838562110488887848432584718253094931674340055994961087
-0.073583518063571576246199064262590625490937426360361415645275314909903554055576493519704118308756711719 0.12383231785394034444135742241625646293557261788216259294965315964060568326031462039608759662856040609 0.091508537066346520241699531677895830245103283303268119700648932563783132497135405426057979646250485755
0.081448906803647029194987185044158129828934787109117745137353635285030225187244455061549215785582883163 -0.53092991161616850607158641137791256544009944717570114646404306300121821743397758791637178247389739957 0.12189152090507092573978990286928255412217191783483569709768009325085217558517303393531851583214373671
1.0944123033135262546941608936624900889450148703134206761960018717581744571767621326587798559222566185 -1.042096678614713802534064411166719169079903584774684075039040373125564292288751881036707668563329257 0.12289116246723813771233308666381535361331116386548356799471514779008051100954917826090350991381980021
1.4076848814098984391632584846163640261715003013240950055687833308218486742343113892516011167301627868 -0.21452066254301502271611956809293328823453634345344506091170848906568567113268263327930410505052765836 0.056459833928051579021779314040674153030700679897921929322822930880901958625974301644786551672129410184
0.50763321649792134839284122204912581407849911009437399816081701886512518569278325455042707167865890969 0.93239995095397852586759372088072848782952133326644514768305480197452554772736578422808917404890164768 0.027587718846511355007591688742664354192120013088064254929127931024758188113371021695600038267291360659
1.6619470618126460347693629777129614507648933971908301282070884668691929680367435378272381777402639351 0.45118231651975495589851459688637442880030749022512506862205641612492161010744491880084244361653457046 0.4034217581838311817565046417226684938512798195275197152313679988937691093705793865696015396196148068
0.81613809263779209740846667984126754552053980618449037696849490403588330110969044889677083907225865227 -1.3757767339288804408406483073113126797157187776564070535869533550050881913131321719948535638286897597 0.064757391985896180686995811743853013826412504179285793955662197581282283079279292645811127776307122346
-0.39453905655230698861552165289814195296484726888651815132902044456264619914578335861314968369537062639 0.52610135361111711454249130460597506660412518473522732337078970894594499593055021880694365542470843276 0.24831401131264569721725543244045569789613912161940167422321045237138139765378424648454944269783316033
-0.77750006200780451203153714548249064811567724651545999382045422698603285265117713515856029609873051232 0.70460352810842244360124900314954582661398176105448744849464056280971832211211218507521464519955198007 0.011498277774217231615240270686994430649705417622803621507715064534367185234284394415384363037312935417
0.46940395109532003816335331084397431625363426925119242909666385683238390895228396224148092030165209835 0.32054725479009138920047736190288239633860874593998800179363587547148701482761301838250196799003668135 0.0097922443625837139075805230983504744372715945784032080536774667278799903909788935927872038245340200999
0.021020332605936845263138551555208005273499235471879685421901812099312047235386836247282682370807920984 -0.019383231125912827346987544792359042499498809808258220957359892383479388842300594360067892476160430681 0.31034720780112331432145350401084263827150426611086254615686680320377235922284995209600063556425833976
1.5725986161269176922094673046370632550643040481232140789501311230159345260679865339828339026200541896 -0.5700079012696801908111946942170241888710435585995135140634258106631941256257406039110036109135569954 0.36244100633449823459708337153948710333911918169564170966645738814532079575723749379602936949404173248
-0.66386626774116737542143972925092763080710721607857906163498748726133198538517251331835599937655667352 -0.036658223255484877261481728103839120430168620443536074425278289743554454562037526999799994782353775983 0.075412721479530391589132095082427348768783538507008435477374261779279012812082465682765164373941811719
-0.40695218706380388377598867796426933445408711992182825813678733354181678757400736713192111741912229256 -1.0405092406390510730055176367131252051209346435709694134033722122192202445825697041584736995096037701 0.40910906857521983757734992184187207269453533634717884300074300927378816776624486074947202594745338544
-0.44652821687704619876718317500359238004817084034566043177935004499450174165803435765401671944086102673 1.9226221092083357846691529342367515614393458653346287359736758162387278318598936056791435251308874668 0.4179380356689338352021996161247486362011397804718119601739844848221537908204180289193912318943215868
-0.53011794716233027625906065275504529873985393829923944939607858932100258918425054214434300814903203542 0.082644277950535981076264308754753026864174899049903080978641098702078804530425681487493325517717850304 0.18986791177681345749517698850712121563488012974090811420808045840836989586794875856353841171336492911
-0.064618671665307030196127602312066556909158625247665929991838359623039338961937253071527517410112035192 0.1296122058369304890117583848354533647309048694589943171666978314377587512988260677902280369798010201 0.30062187230679248721920949738120293724903026172235770179704829406052900789965254702898126828977737589
1.5924684692027588382178652402088842326003174282921025098087268090695888497103697633825864974776564213 -0.0064116594410349771428625920176849088646198910647951165240178909482091048738269720887093141158191946266 0.17741662318644313034074532003634755350794412285969139917656289767978307895946706931172341040328329589
-0.79993458479240195375074256935987829289302123974249903287011281124712202014996608044239910751768194962 1.0504002092629421311234465483106385372660920409334270396092582365244441973020926700793506733411830787 0.35648066716643932962564687041737005343274327732244474053511638187813863896846434450463305014300364044
0.96755564079136967203457857659873854986192026033301943814641544309539301435921693355767695676115569711 0.83931781043225196933060011142840484747988099759599996642825330228205111766543922134801896983230384494 0.11206930089008661486707312612615687278121801449032380892236362847108453677690679796102864369349905767
-1.7342352823123220442808276531417526274696327147362556714740860275331070489302316229880226336986523237 -0.3006195167715573321086503789308848940487185564400025930711638625214368690786504409594353812329114533 0.1845233684593213361581174407376935503759672908546362185754122834674766370041685546243037061845844868
-1.6342915701958310194438364258920749122541486817568061526716024472227795340450960470738589650965970446 1.0370595324399151789820369866216734114136442137841857108382795303112160240005088307608215578227009496 0.40731221758681280050684608003881735495872444228644667096296164843868871582209491154889903676204398082
-1.0139237776297218269725240075459983322724424990773446828769625882587854038332096508849033790931743508 1.7225100643884065002750532911115953165446199482526473849626970311341544885040802450439046084140883103 0.32012341450704293125297239986217571424465485569445830705832422697610477388486226796673985632169141642
0.060867835076656114347560479119492167708483832193705635160446540932431195586437114429707783500461092111 0.26711532010873875473407952526945669311007147459414215969626473056992851497758655510598726227075236024 0.38007544351475416392841996339230752339043740668276966153462784214586685275484154304188873452642110682
-0.19780087113712700791898467305293024966378196928777451670273770750540059692857608571080487288534942334 -0.12818709819333164119068143380629105397008829605646527477499434221758948780518219743082483741013465551 0.045003482400642602183644014239558107869429964999641696050244998018941207441791886280685119621864663161
-0.24023633176772561749124956916625468610242648107828194193718144741971708245604519249899031009151319146 -0.76532028019116010960952907426620613334519319470554364729607210475352236933635005109180912403534936847 0.36924225132782689818867411782109056644175720861624163201148616378355596492171192822486452486420234485
-0.24816506554012919460246068706785849154164869583510637089836061241140134625538701107943182709440015918 0.039559508971780596963093187804345382915859517399330193996142686582345182933483917453569440821346159415 0.1156270372403811002069546447736137940267175868634915899262008251661787214859757845096798651864690219
1.0377777052900342567170450937190776968481210185379763357805941850316690312303141175361889024423979778 0.026767119121486434093779740787878022188640343136418440531948171086160638188994673612597780379568495801 0.35123938618917393102045141020308547638850120804122632415025364866899461276690237719508751664651014824
-1.4064002469412006977312008413018169776241022250604039971319964711215514337964565244165672513147933175 0.12214838105382848201904596273140888841140750904752915222377795343238741704721284959209194607493000176 0.31143980260370442945869749266102152871573320912578863260091799242617468266966769401071977900301928122
