0.6113742871922848258733417668868646337073290974739370907345137156861030354408119110470348767308673794 -1.8849050077313578051901899594867882750785106327064556265071739819483989281293074731046829703103525525 0.076776095527656415385627865020383588766704638436306558612995708489913353734345863877668857131520609468
-1.2130619099870248501720687543963409457660016897869590370502383333440595720284371810897259642728903421 -0.40261993856242209162194036438860656477797653067487119579627004656793014622928881483177228598793437218 0.32245962439560380362543490418689368524848200784657841654876960318203826925139656439835717636125614602
1.1055957577799195105318808423274998227622864071210978391308906883276262858523756302928433002590083258 0.40070942608670195496181582482800230096557119190239857264994056312601898513548560713845292026776826836 0.39782435224456133281301148045569359222120086370498529367467985747821832325729903139957210374847194438
0.35070979927510945915788094342559760986122397433764081975612203823992069714008884000179779462726064974 0.44329725060768219084668040355086313900416175897114490824092643065259794633165450374928232689643642982 0.049131016232650228592517073293972690070080331255711441616257024801722901835034113807507098932982972047
-1.2696425561055695381722143781547314035239252632871490648280254363343420393609697884707382486967440021 0.45844632812438354481214898708808141248961387507800088018299000611281242153292427988599643849597090024 0.29446847315546979096186832147660873909619843347727752797692237934963455536687105547883549616278540319
0.095566479355872831962921598898744886580258843719910644595936395506973645216129364423509942009756760406 0.050806167272854040700366350939620552612305529852280600849482675335524083480272342556787626099188945803 0.31215820467536832432771852041985496245857756102077290338487763149229979814155292670036476367938549636
-0.20161200664367808980298620158087176237175744508702492384910778620369921546373008077159601577186916264 -1.6234603976834127159338570491269371512594222342503282868905444222716472308853383364108996908492814487 0.088991074713818382945808398315000329674063298372409156632913309196077117533644821404905478188181894704
-0.93991726889593772803261485116594589055818668933623433867543980833885394589921508228130757023443611338 -0.77679287947861114666005226066127627806220244074201071659589862755691112988912933774192125345616487216 0.072669195529517032864856554046029473456132126675697466042096606415812135427798777313522001907318522939
1.8596161655406856473229171707142493950330748937062607816460550381455149045163218672883371521335096969 0.38066903001354719182770299707443564721581078947569325386869829775648418793721437363568727319743189029 0.22127419490256178076742771040550037526594616847689531349753466584275334094832838553398279360549320721
-0.29200116031468076671778825187721286908208457977532150571454117032181800060985635818772057074300366943 -0.75544011910093235221821874346762434391577735196597149614076899187862802338123971271209677385088977891 0.38065637905826280656820343842414765619371125184399499114794791261495200752378917439663897919391053013
-0.92250153157155072638189863705629914543688888207510520719328645733147674032573117484864807821570275274 1.5597399856811614109625350367790478181182065294460439225234415105771662009925054443377522885840822046 0.01131324051199791596826644933668191866818706057397891062336715476530208204907009898907325086159115252
-0.76855889524163394264574618913291603808244903472070030657009563170905535311741136051644417811869993669 -0.39381716284369751807115860119366820427197570982750042055012451193541967606687321471884628144321495979 0.32379083472993686181079043402886326903118754514252503993661018109103699685933667270410904467208797388
0.17310266332071425455812982245628151975746413944626566896015964408621208639855757542193543050097756692 0.52982021324428460006840372151875026483093718386860117528880522377743913613375804508894130158491487798 0.16504725280612601626878783756662988007975938983947311310455453084729050830726014466439550447454388436
-1.1492224914043074349702008636040299897578956745348404916414507609369178345034669990524643382322206586 0.14305499604580389987894269706963851566918512651045603223221164572046613471483926756347051468640487107 0.30621423434205176918212003997704159855423254019004297231613358516194073623233163492228319189730230912
1.0366976134166296867573513271070681935447608805628659949579406422364899541015420222954917247521367861 0.66536395018423053645309681263152592199741925981393516719599723153683743393306508739387371198577913797 0.11699943767997146613149702539886406446179041713578930924989151149610817808286803847400703659600599209
-0.94609998014783664271122749957757382840925491021657242045128952965753270916460519691534006369175253543 -0.74350431402957868976472240874036694060465380044387515547393766570173368312891557781862087967256089336 0.35819613734709921979521691272644868136895010188940407383242496847731321604890479543299106399598278924
-1.1109342476366478301462593677584382658442462947428150190540109394457665586735266434941466263278206413 0.53852993653033910937338874166646212610510610831070425442049140179754685643109270509905434202698253177 0.15788369861536514608697130380986541027455527658494698594361146970890933081503821824365941883723336565
0.31404877905890483411139582130790256015533825654392731749234498311473181790485393507433864150603936517 1.784686488970804456444618101786808622643055928761276156551122817032054968417734490489132848210020637 0.31707859589797533445270183055422920536775636493654120372994701630405556605474163563961577104120570668
1.5828390061041992003271731148631794653106431384061854665540640570907732210366139428751688774721253085 0.022489051726496973520040986639759054310697373434743454308767319274635992828861084203307185940346205187 0.30478072445246162312777687041168595864697125055985949471492162617662601470903720998505108967401499134
0.85843864709811282723475725946434974498035432095063468600767915603429078515478514451436783488252159599 1.4729731832986263893109875193525804287882286858926085026652432288554784897243262715823506326347852374 0.26643102602746767881281968612034661898094911817275813561753206179977206659014733548460878453767598819
-1.4849382076440656093040378633478432598802433857520194169717967173491982208192975040945582246858619041 -0.68556520952978848148310499171932468065879559766942527033574877713287783011592778065203555232298973858 0.11212985952160524070146550548322520578264354572013168796226946592683563982195880052932317725614816204
0.056398995222968486670103012570312387730677355739577468193180188801338291431707816861593735614726895129 0.19090324731968308953158732434198438489643144230338849301691841160350731475339588337552704870016111158 0.3718792006369216586103862797532864095603335629565489207762098990172405831734211785560950386253121189
0.5977248874246918158618174403368640210239290979943689435592901767506125610118084363674081195187964481 -1.5057813248756387593141545742028985293064344942588439342330881477810719440147483923337718286052174501 0.081746394676260520380798556577466022468668536389792045687587852490590692567011074562944790198596361981
-0.89431856614274126286009224865845707050566138163363130687122882362509883879018836073923321013889006793 -1.1015618132721265055510414380921694395876177940802476473159932823471184253669468938829325815900624168 0.34260300342088644970854335766785389678443411101763587843304214423762991628184482072041794023230467994
0.019323661905616458284764593553476772308411377009243808250635900363819636180833260515862158859631685194 -0.012246253413247136910805887318326203162860221838814037517565718635089654472949089096000032038626141927 0.053175900806960450365894649829082386620134726495878847783553063801993093383581097604745515729205965221
-1.1696588804660316944096922412064188921565737113487875499251689987228765951242497651085698612904503792 0.74961216022011547458400080189283422802374860546717897164605912119509546559390353503682494464408656073 0.35471437551624041099080193560565247663568930628006874861676553091573338691207563150244037996168816867
-0.18970479002491690567140793991419777756280273839233251883218415325872139188692743271489110279363806156 1.708255555005329243366248791426656420814145273733306454569671542365006897082413170555825297818341049 0.11619010094158875585224739507862670497294412712114551140307664225079192082021876666927527741612278908
-0.99032893241666789787110523993510613029210299787748354980470861862518973730288459204290010531367985396 0.9997447105922704610997707179985953701737072085805193959775072256750935684288655024456372406207491016 0.091709888409223398214072365933598307184695608322284563556181970531237043614517252699106922399705356688
-1.3156839937781638055259487922380923458417955236957771517840565196422360091486592912299864298401718275 1.3917297027541378646962332316854328497914611124679711600821769443429724927067832625961764254614031224 0.40514938061713104960114030715369821900273047203542645235392297953818697352174917777530398495730828852
0.061323190938530700960259040110946130554140737062947916180459588711042499015558046757705583771244617663 -0.14764748063411627257735136047397004589783671835989125723736682048548106791399702212626647246397868626 0.13235072440441964819917025221340416091656999494829402666512749115768568665979685394664173163498931822
