-0.28812467347390377705531028790241467386651275134653767463203104930093709698316080071516092766914650619 -0.2398740075516031455896137075941198783464363347005829438105868206251833482965996904767790071036217419 0.4161910371204704513834789890185975829048352687448176674181531710452670768566613998020780942899395444
-0.12357539517511702691948056557589752298839523583921329171734922895429243070143057537612103836285539064 1.1824127203379460920200394647760807827066810988616009165323061216750090555124682508459949223088986594 0.16096539781406571021961216246684074631262093372613113877466878974581846844364680918476928204335748257
0.39631219303012131251673070312880549272592798927074087533819010168703034524823888312159294672707179603 0.57462056782290260216577110671541153089517972543747196642161261222889212253884246383821414743054998708 0.40724533780451342803272902150142467073351446562680286427205880256231290558557671105170517335533469072
0.3061915158501806040541253199402206519644212244479604489959428931075121796810455746559622401519986259 0.1135610141085880297558166235941766408978597834639216147433928654789630286706419447886406034447567441 0.2810170450863234114338665872803205388220123044316548895670350859574607512157930722417297462752855606
-1.3009381091875057509004421989176904492846045209497615215870157382823545762124151402511279998309307858 -0.41605858493625464162532861979536862481493332516023072767734634437839538422861497326001465583787361237 0.33759772969194927371056529400060474346378278634892200356252642790965010526519300436612302278283293459
1.5160348742311113979928501762984529334864838578335152035634686557975403012474548590037331674381733505 -0.11570587680179157103779130418612372083692143181628216404655456807848164253196783327785591175555992929 0.10836107146821660829646193667065879456257857732099285827078971531660149455005040329877077164495602767
-0.026631523996677942512912363921326776017178590103788048459390996065214006596185378450849709518011713275 -0.10121079135171907059819276445987252624614973752599980811059361065479629397300496954765280687023767767 0.3185734473471566428754638250230080739305998236551303176643538483704410982584119078388678727326163714
-0.1925556855599850085808647647366454727256296971908926271532615430193940893882667090852640398484301626 1.8991148898260275901440760041452602844386766377277752233130644313320946379900629706811958883817560124 0.15408073324406088649371697988896565904912485385495919685288597596789624562375877857528657556789464091
-0.2535753995732244496992602418047703360743656070017469267078482693904146525522841696905200167785791273 -0.017518655469229264157980107686345764640536004531654755533628272214606252393799559404434897974591468014 0.027474509129591738350672749336909070469103670917852201668664946821341674596389411530635773314457882401
-1.6842829859733239168063978564362290568839390609107894360414895968814945416162824019254223406998877595 0.19973292315461196638216254586637983454407301519475218540278421268418565666010214257583476477921018231 0.16380571474913061562495532423321529955454217494652315140296366128142379989960453923087317486633218716
0.26717961221843863161623433137721127396272211080051302205218155888049697290424615196714980860624821331 0.088068936737268920574691604102053978945861057882237909857235930601909867775844356443669272771928410702 0.13784282165000485598819667927301965000358721971988402282666452382689059849086369603094452066796950996
1.6890486957370964964790980383772721930514998102032120907500394068744876723892733963877230119150092222 0.19335231920883970678665976878593407103023652844893148490336791050487128725920043595140280838944148939 0.13885519531955806257748639175300751699237908113323539136928064765229489292820635010694219778332816922
0.32610143093186130914990719264045387892213334863584618903945127426741813897713136400294442871730557899 -0.11102012384395529894017846308413951072937881432719171251432012586685105948644184622536948431206659126 0.065598523453920834117383532693265899087478438037936696367031130033537967951868564488421673525444384909
0.024055338315147876419568862691259985910028974061532727100569240888062068279680044278542902242648554206 -1.1320967898985943362739443767582662442746258242906666515448284737215943972216308364145957897533159991 0.10353111629849252983188112736004427544091115481522998865951390369751593920826821794143299584249877836
-0.17920191731616936952615816681275458893674180472480948440847974555278816957423307160274092042576868997 -0.3933591730589262941125431508596025445497781740637383380618485703876089528682972596103915439403417918 0.10445726734338281210223865619152684715945513262901759036701401869075573658261813440563501430626498732
1.0345382493601483140301404250094726936393289731135627093151919380569919503534768089535170492754577283 0.00099070060279232040489601954526658009889816287350625356961880084058646465910908910143988868252674747939 0.41089337445822927409669421363802156076411434645397375562734584546279363061322155256856775649963074016
0.034983302146712889614654903003319698808584087186416030718367582889962458424410424585182068147538472684 0.22363929817457186380379766340010260767787520751349979378384503399621936545490182126448871469600225204 0.36636745261794101168888939302967895337016482417319767340161439049165730343601622394853652193108918975
1.3507977717108672367384902453737702033208996061381851333369328225637896430483212532559231383605729218 -0.63304405520668560524074405916377174518224614896978707812722767274948236011043736156219831094423698501 0.21002984122849779790169012727726722618487306469362923919050547936155790078901037222544659029311542463
0.10350870915823499681414537428872216108436355299412277053311884339697106763588277235331907478763494478 0.32193058063316595278961610288073736897420010337817663127545474875074132613828188823366159050000464045 0.1440260448704897985761542606073446315804742096691202377495207636048580046649099504902579144170818073
1.6407231653822630379926673669759296080181451073820156030656201124989313310867390343458698738053111605 0.071366826670481558078960416488484509008821068974138844147970777736344800178828997285478312688946807766 0.40865461571527876586776902058980202653148328815196478025309534315723809797687591527182179284159644494
1.3562861124096789118819968227989584491022649972935637198050055007984980954606787108567437374379630453 -0.32648206899784847368322778111368614312738503192986575013722773433273510993720957090253957382368743239 0.12763212898660939832148999300617475394857913299870570217307556106355584344975949868081138067844391583
-1.1826337246757816516017490194454798812203730655621702722560137739636670093967235853357904679758340737 -0.49535255191203833233728647571421002982919101009957510890606767850816675933923554309476927738350991966 0.25272282970673097569295737231114102840144919816997110898167049740409365317674382041875191283368612896
0.90117856890319824789521148053304959596606740964141736966251615478375213945875718643384998964842339842 1.1036593769226881054524524888682249225803468584536205402125751117879266102567634426905951915351441925 0.34021282882666204253599223448393614464198232255745294851942243715951123366174302040925934826189283676
-0.25033261930263964426586448119907975574723156521322220715324532928131533282379685433707940854403381152 -0.0025695001916878420206054582057146120654119417355499901066932207086359416326672545714583279650725218966 0.38701146718835518496988831024400223888658290955331245522935641059283060533381693148448489529221116064
1.0165734027859665015479648580744711036777974344527331684221128896752092814836353588387821695999865954 -0.73794670921152889522009968107396309544286179631776290717036266488603990437786660326178712932113152361 0.33395809416663490265993009012023119560225786287309971246155599194111792299450794455586916981230768346
-0.69884480711825660763534311929361016152614102730181044194962039780097803375885743122958695362047919546 1.8473373282970869900753904562042779238668351152949478936401325396109198873874366576989000687961065173 0.29236060940979145111352486500691607038771341316521721570082051207873695823956856502150663475830319695
0.4075299901547910702726212398253317329210556836775738761658565984569151362236979740543263626870414384 -0.29073069189897189639178332994378906007080703171898004426746640581724981941721821153083097324397024742 0.09135625308849139721331900899582019057240642988153848405340250325872773138816873484211186704589781608
0.51146432683258996628781249929454991203075989327325460058760275340045364363806309943410412553805701983 1.1535349784171148316203757775252010881937860482393075074748045839898546091284287904854825189058806176 0.31417918308167117601388917317100652365720561373392136747045818350289105484931320554509079992339347274
-1.8279986017128046245616377450884220071322449094783355611935620280215399914850191138386183490955869066 -0.79492664050021955321627065791174083095363485962295960086356554451032917177748308450089553348793103092 0.089999947359811164124623531276383573810595342555971700940442987722619080575511582117383243571448412194
1.1785286154034204169601570643183364527037511772981824953113877125827602801308549740967047524104966524 1.025695844065090160280014027375603241707516333430270583658726636808772510250930325029894035170728962 0.18204805308106811887449428399288824752081843049610642389243065974872284961281114659236641650162210415
