0.89260735667484336194370088979449532085602409564692821696825627030541290381358072891888216804217058501 0.36236030067372415308502618371085315793422685068287845684172895216318178937546030209837339009932682876 0.37640431531464844550749564430777290150302694223115970917850094298440658401980885547429569204143892408
0.045600427261918761101941471450386006862124589846558149564865101948121292592122682498970434633374514823 0.046544138251154967388169211137794622787252341854006845553848555603266589259086270996801498631272172077 0.047605262137478313655960063439709104846447650048159915745732228139445156777760197428733609015735155692
-0.33705309982348564825831165421677187683807020932673718584817151355080897104813889841528201444354792227 0.51883042026667390150517333411155757397035046199795280723437013832295031846361223628430806858973290354 0.11896515981674519518172690373102001565223788686056698511348567216474122821716454620163400683413642776
-0.56417471469923133984187688393999653045110147152830562863369467775399638492379295449658743828214769446 1.0254314391284736620167480522474820787383860118443379181519572275907171463638698157213280080339402007 0.37389463360360681936460727119429212906537668117172540105938458920598116242944192096612959909705599599
-0.6118679907973797416769769852748604761378055255222574663543494615772043621090562713249716389799245012 0.21918046634304782732737228783420525730863385864827887949059301040574815147818693013203506706340392872 0.34979096316591851192254045512531402674901900369377736689447314622127196230809632191644044845902788778
0.37366681622977414614189442490745660553242904809222387223104733280656997877428005337385904568977079395 -0.0066350536395894217202135533428242195661739379318627651391322760840997299420267142121157852954864128477 0.39915396625013616713988879260415476545647807586888652760963944847394906215544829321297593794735800122
0.82606635610979009125887541883858705277792606127942327810638365672022824534475748641586479454922590452 1.4616075643008175458436466780833043606553422928293480488747387061731364529161974594175192736014410193 0.074628439085355911858986521757736997811658357806850861726208497993129522219485027789726652945224018481
0.023651180412224443780109378421442651734564482925727687163512358959651777266162101588440256093866445499 0.022810218954973081886666919825839344486828047548656503405973237819317221490122610178500540533183538138 0.033351134233207289386736767395245542595941954671238736135102534059193956007011428545888960419883873349
-1.1906883723648460022999440686627375051370968659920958426384569079656248913335610314926231856775276279 -0.55070823177415098173323017901603734258088418181285771111046789274024820759918790518169231849672813146 0.055511033337795891908899674561796705169417012505907997876458987812787444775222678325146566630724754665
-0.10871503250278173626218104501146149590268755778372542334247378934025419130922421591603573394586423006 0.27424268381699614853147824207679831281526614890755294351487829415895324557243461561517909579867168459 0.18935638179164617363654280363445298685018379751227439905003012554768368440442834689085468962166637877
-0.034658558082231565400062988143710200825766359825303605166112891078371617612894845080915163186956376281 0.23248904424623789614179114788076215145172194590623276371679802993904956128267240755500939589756731143 0.37786512628306812552273773489768688506575216226117081055335991735771911608601341288756703717011743766
1.4304676185666110211954399618622351743890152420647160758807381724508696095602104543251500897248974282 -0.30992511331685199664708956056412477149498403824292889652148324543042764129385194993165210702006227723 0.19335261773388321247460302702307921361213815198666096138091231548882188007702766600975138843136323345
-0.68162992358144268341884277727594096757923673730808896141549103005506741125415784704382093266808137529 -1.160080046430395943924746712809323106148268084523110270258090127963436406734444587936201829703849343 0.30316302843029712603556293442194194978862700815119858449209195230677872562899281233951778849550359402
0.23516316460633114286710111226741526539787720448145740611298026575427596564875546927427005750080621934 -0.11240190405316169046358381985003601609473089344423193784743303496367301507452747635116253565803009181 0.085575285143013762875747688086034422180294476774549192112488249593999692527247674087874504914806927645
-0.29054764886401176803061705008935924146579476438710953909913678813324643116044556117461481133495852525 0.64559984248308639210738061759510063770464247074724969116269014098204343917343207377426813067078313872 0.038084495281438912457923904174906232943350353325055131342035773175570993520974023495020123144462284375
0.54841947350335877285829178417070607903899562236782290976510655718237776588468956827521331532276183614 0.35718900967454746899953290626456463764948330502968285103922189827202095270415729842886365954780557385 0.21426349524032779657794166424209378284407931631960676057737217385121864632739209679240794168013201518
0.18040537132930040111026388482131691082270051981875065687814382227041400907832429990162707787903610226 0.056065925186927802462189110794790553034476349295106222697521124669528515015495634567476727678364992767 0.3132189095076766548259326067318842605524614873055662832082321812719696065860691913634848441238223115
-1.5816806988410474051110608335673357516125169278884054797727878240932269060690183564544075736334830256 0.69973131561461976434100974176853598234156226359969611305957889675947691393968068691927289991759793637 0.32203866140911762778709414534109094909156446391301854903876454394595531714665129531211075915191803209
-0.97412362109891615373697194504760327176201076253150236489393535026248626426103855774624977727900412097 -1.3268607089503035228064336247730579422203315585959838319406952094070108941722359469235450430377953192 0.32911917103002297231802230818111337835434342614141773911054203385135067325443753219969245962357222124
-0.69189457309069502145779946425856183067102017021164683155317839763995744141527074062559406277993845454 0.23342755198645518915517753142697232136806451216221571575183620677902148476741645868015745173828395254 0.22174059692367266565382340049595481209672082777377851564662160791868731604083164652976382227773479142
-0.0099219849184208598952898207919374696709813551000518701612804956204407695487377734978135859211259517698 -0.14936765807018995365113555648535072403546978972178896597774023212391788585062901557957295158805187651 0.1417530755494307787234366463735611510725631608152689807250617067689590793742864906162294987027901522
-0.031268687647962810057668955515428815540190785529408061704235150624412914244943346652483559211945238568 -0.0076983946378075218117045503693912684432402284370962637763482860012752147531052688689980251186830049724 0.10946718349046197105783063691823879432231542854903888769683038322708025155522890062521603674400893454
1.0585845754721414018231643896749985601666076612556841452476955262046118005049694563855802564408162488 -0.083484349605142281040052679095241118042287494529903130119826615196381881231745275903029219181622233781 0.0068265651243712174637167974594323380307573291951476982143584733811193283481143626300306408944868258059
-0.44940555534352119651658883015051163197085507600253338057477756037164412101738376699926804916192960693 1.6826935388299806672847262272329908675825884826744074583471073054592366964069005680596139263553475284 0.25109012531269166155747082896704944743230660927978122597336516523299951556343969290382242292852624996
0.79945446390517821215878693030552354576853652701599211868977953594696603330652664727494996876420773029 -0.65002178794909004221925496312492055157364043499249416819332824636827747173797149600518160514095004073 0.24632761723883339461040544523792393647732501084502628917743965835947710026298000011068448975167595843
-0.054984940276555849681932726124850018654670060410631844733525338834169453672340172776963978304764989866 -0.20023791734937849394915314649747555056555983878765095160564364304437311105977468508165822969769260741 0.070867885044721922823015818332601967377868227890203923653867574200166447256184334254364733438990766397
-0.77763261316019029840864859415195803227457163544495186015428268691966707525823813714411207633298842299 -1.5806651548729944906736545982725134315132208239702003558853640558091302249298371580691493688513777976 0.33806022223338145538146007070244475577461969877246571336915272883761487989085641188012619734029270931
0.13964147581217557899557465302981866914276629800309831574313018732141988411137158479137551327091540781 0.30445688247999292725479387010865165575314496113117830718926962224553731204053458998534152454596244201 0.34199176510296532305070149148343459835859992049399805600575367429027799381123488133951664902955186153
-0.77670313181191431106898162980422674864274167309359481884304567536978193242973719774952589978805801402 0.07330744168040971607193616411402820722459278838832522055755285076689011970791206588888262657937804684 0.21033399326594057244722954870036625673295654398530863006656470279117864083875604590522926140077058267
-0.17272715179088034714243402705809590438351436226133819923621075652640889486994642281711673836140575153 1.9466951718545201529617187331180710173703279590722651701935789256051576863304344320408568706255812655 0.25028710399383882609951937703189310703897266541375498133116544389484721987022738546934440811314799549
