-0.26317986123863644256629323580041051141515040050552629838256701718623253076609632355814091210536624714 -0.11468650994268917529593241553732654721836995294144157963757475663756705249767936874906505104346589585 0.098736559324806403215279695693791835186475493128972394563958142317732786963365100179707699460006854811
-0.27663308451784605019181852263788001976283538512912967580152722099935209676213383204612127288401154616 1.226789650029079399501847917769480158837752739793453292851793269643110301432507615428767614436381051 0.2168654171214124252121075730828584606037655727658995058012766367642482260590295470875589944169326798
-1.3551070494358175897472267078313087662513759793395740742199977756343013426652324643548115053260983398 0.7841241123888325680587945947290889142031061119382137822864958108804784497217219952950589505350186423 0.23322402325336502879401201297564174629634346576558921724929816639560361849203183067470392682374051445
-0.281319626824382156113130128615980019048627413083893607157492584972509140229095525470826044474296695 -0.66659823707361823580935081910512609984452748573462992405895689164999689647947742922551501651746458928 0.24907520647961408995097493990497772751274629120235901301042170781976947093855560437736557228602425835
0.0013478090295475957768178529255603008125297277810945167070215055098920808916119775801038628897460327107 1.2566110487606872183003260579310019936875044603533221427667455710134913927705484565308927261056404242 0.19208460675833150923902042229618687499061146180754435843307270363375617698193675538725906200775536158
0.27029488421250411429315984404456492658339819480795993784542383857625584233750432418596813508948494678 -1.1990815520315583114966224536934940419295858936501914457051675451359487857726266222800680149529458022 0.4146301727680938138616549796941054909950834467742327470751051664950518597243201659499313674476588395
-0.09976569289407986919647269102749463086355328214090006323046273439986505183183574483172510270467223475 -0.58681785118358536673143406030566245198078750879260564285851696574364753488373507431673812351259814255 0.4074499776360074177189482438391774653652662777815410877178601102619074240178738269187766237438190357
-1.020946554489695902701079049185779989971565356728314073722729989278089129400046047275119373094086017 -1.0022299102546406501360593864267186307183150062212769281714048523155538827856170484068379483741103625 0.069704696409526703544288581179688365733942828431984301830748517409854197282860606522093661575698482717
0.84897373870630298122907286889639780989530654428132949733989252970339118486551353992947284623402365119 -0.026663607741903165636029120212428822509332244250413651387878487913934465023113039774755651890581465239 0.16533016375876828475062194733263839756550873175340301861650061927093894999865641126426782840511667237
1.6252023918034890463553807865898261556134234600158411215203126895385725214201534380358106404779334033 0.023996431178819796495963455253358896780834263441893229734115146351589360476934689984997343690092592917 0.18218740754373464830099991815935734117785195155271374514842736583265646357085765344966910337774622169
-0.34240046673721141300677801844350627536154255844892773259024827273785619090809169233844157823643120232 1.0738440860374314424981537835611016956986886856756090041077769531438558276189358424256030695567030846 0.29265690308835344238335837757989999070960702087893726647321164983963131581056368332854710143453033141
0.072916864475074540464965628754655942052098712340855813385372247919471570495366090922098578228545475946 0.11982082677225384202306332582395594972323735413392410077550499005735091359578115012746645472366442308 0.39922454886286823142743957223958146582508627923555253571433730250411807482310545643203978346547253344
0.41882953518785388323974422001319364897124870226633524132629936777746146403641639210951370200401820167 -1.8844400587133514132693885396549163786479969909172461252543130340496595030486031808224258712716152009 0.16162540059148115592685120622987795107778452669827215612957857783911420197987571618220824908259105727
-0.11870099796273335775539983531325641357930055187895685843779790830975619396043637028715302055810642981 1.3384950629576845437994184195145753690219120630581961099077516665230119604873184036687236910335858553 0.019548885207714338481859613996673760377619753290990926503372666633008283035304412164636720691168286418
0.8485764603582185556957953317104069616363168387662915734834972915843495963977753090165481375783864254 0.32478869134948008080914835311642996090878663559799609790922831555073056072350009667139873726841911809 0.14504081480607358718132374627300217604043644706035738425137213005766277559295511506194278092197175579
-1.0105118414603931110088920859785101346492481798527204033246293674422818642630390224637120515731365169 -0.9861581306762884749135652928753910951750589804959534433590683733976201335231140667798789670240848395 0.059303523405078611478960831117301766429501660946183057332777632570577925306002288748454436861037833897
1.0820664258904537775932551009416843161795001225218118003605635837592773898918460150828395351064470467 -0.17496096237326841286345086772050508122464822507124541335983248793476263938876241028285491034464223076 0.094782981434628707709560501652852365224918754342145726587296544316844480130573964960693247309203601961
0.048668735591381438954806653205399155255972817481909734337828313658575909311477574000017442674978339284 -0.33933303221153196448564860395569873871984042356854395512816147642098389696550222998821694770199026649 0.19024438059042479722269564005093063511259708888340851427498506411939629682655194210140245104941012842
0.93995243453269119346989415126492290803062532083794748500377703411855951542757740807236863901163047681 -0.98962022492112374515589812383722158532618292357887141311123165150951993907531497103287130560913940967 0.22893916633560084312580196638387291558846294710131751158492058514432359589561894068760786953654454777
0.11210503812717816026475762662887015547701872976084447899365282080144481698001298868011498157789833863 0.2179531804231861742752975153823040823855105356442739775195883019548928283170813405607585708904931182 0.34663381263779795403174683606295464208565366056911774168499607509620089343948241768115452636375820847
-0.55210702340961227164906599534395419666466745081951381242363400625412330747364922328326581727886064786 -1.6826048620595122064488143471277057819557729105192971622669760405794158667414698331188880453370718951 0.27448864527529417724856045944897696356236625284692127674719262199547724506642362646462127834488234387
-0.028115883875502751881588206886272461848187076874886519286087658880683955530687384219225650942133072102 0.53361836136428220149745221859472454327665035373576609325057175224029673630455762329867870372980851854 0.071573512478722986841960467454374029145551711503048787581829993241988743277924033769745905524188337772
0.95851310409128198513717834393855151507777049453422870224137403699352245611519625692083962359694424967 1.261810099529759454753337661082021511538778339915654610512323331737146614199366062703876502395966081 0.3737983374535445946172460232440426207779904982638521795835991896711851947443886950283135516477815008
1.5566249418899021564781358254136246647220880767014220552406824177062976360794438264360445788133335834 -0.76121073594383375375351135043503435759359978306398169387093603502988666419468226722566517587542557604 0.16971875367811887269888967769580375889960485225286703721428237147876631449429635071113116727114377056
-0.62299366583907043271052190968877995592102361849201945289348029465082422594057604296985886700355574219 0.7587955511288001460450901813687192631798239516471747867655930909556923197301771872428178515004733242 0.141693554037225534252792198461989520859175448165653058107865382672652138824734683965829324309825369
0.29385453917115046121095983068963695724859946226024080921302432029957290319171628918040105664642344711 -0.20880639963292637444216062834019866244730538603429500226163041987492942222968709834772929227716739958 0.33716739138380558067355726762981424911726444708978484647801394754625020570673455875171151851491012516
0.79242695127918753483798655181733065210219561071159693552777621529578158815496371531171476743134809223 1.812541405098131946774396533507537897844012894580762332132056228424887590339853522028256216350028507 0.012361218883733571435612058498782022560992646696343596396392545026753959141257854766925917592115520882
1.1234478463128604029502674487888119473993351832951551262203168884449130190664136874544218586122525397 0.80022121892833301449157669697750222926292199050395190161627627326983259779180460726047094585683549359 0.22963364338845109383817234740823602301661533277576478833215370147377461101482435561162733363802848
1.3820105287729797934547620117128859527756056937902176993797354904202484316715153391653594021057014324 1.1345495515303845402502642780802782031203180930860091990232890495779674387765309595775658455649513 0.37125504404853058963799159735780765030847309158691138638919742162166099073808463942882624492606597691
0.25181904562488287468119836937185497454664876156350322794583463593832094933006352356161365562310384609 -0.89955280347999503238285146880133499214395045990126066630659358144599140647573379725984080343254324075 0.056065705615193590450848082074567189006196792315522643353886612785966996277310906700291287857079445123
