1.0581441603111122152255882040388166108843511887162536408724968352519697719536458948174252643658685905 -0.44745719045447872347878004200973309563073563177506882271368628475682436645297274146413286123453055121 0.39333363548232547880900839370379698499908274885045028391452705306841481183249814976221902749166415103
-0.86714585062383051655706184360948748229040177258049426918084922373859686630502903050356430255430490194 0.68420245293577769932332085622785650262231806895970187496377982285924087816760257409703245357863455614 0.37603715233627377963746675684669774029112758466401817990024994663540696801379095931572698166145558917
0.16469340181587580808643585319350458798343916381880488644867803606547927067025985497511428173486467524 -1.9886816279600884840678840863839299086827266839886718097093890893574649083249048129610698070523160428 0.057921772439365797791724684654053185859974203928315017864796331978935538169520854038887775544123038128
-0.81550053085832030214525493844932771576022589169016417801408018540055892016430737702403848248649116067 0.62196212232102668994357760151613075365024715106500873892566607097487226968872771109868453852510437728 0.28641403893556746240424398664350311013048368319096549365115953388661715094686537809716689947727406389
0.54745169101546669264164244327757352494011300548099305619937661455090106067779030830596524747576865651 0.10872405738282464952873550119515062806186160503447808258333666482126961698236548561772233823267727465 0.28332732155468395419247249989327109111413904519734640013311114071855530746804835831675731945470011441
0.036197420212363894066779117503141149658932519510708876280902294213905914623313668421167873694060495503 -0.54123077696372062130740321421443942018541263695079275739938744703536886892822822042248470620138610538 0.26389438367941257508388528968638231370840437375588527832436097691353769328198614409431285912020266112
-1.6489951397846059249665967155767661599125649427270646986218818783791725972917213319498750992751839968 0.037320925974241400664887314551768683380036295724174488708893721104397260934345677825874094918092238358 0.20089337196083147590675793383556884160388342546791289995000453838445120675751555841494247713523160945
0.45918818922691322959693718475293024069809067893918966862720550029602898335407714530222131567242256587 1.4393258348300017192775066998772379640166294659726803229545229031950534303437119049960041320595891437 0.38215292632361931634464325215865394865516293338508312094243021730172554638105169479259354591365543777
0.19141202228605102823585191574327780032514225034954577563598015139104584366843153246422461576738731712 -0.079845874697738263119322313684248902335545914915414195147667836280430978429704044573045728780579942895 0.076317336247239878130886275220021602546385636040312058671000099534857177534801308264719850358235158113
1.0383910816748204906510300153919757725573012564195523116716706669023929974655221768963561847323240659 -1.4425509951638289426721219859629481139830473092569743319984624489825085598764909656781442737430079283 0.033822047529714974584217482693783224645026189482953744449654331331971332571585515689675112613595590105
-0.22964354498882871691997120229538452340226198846502290405467689495205707756211181950065179825197599333 -0.87123735299489808502360306647392143707565887094656079442402380649593142710008948041826687401409821536 0.32652224973949831921119385839734787209778075296291954601268893880904735324914513692119179367661164422
0.98917746574712842287226077868839020887716334996061749149221920651026102653378943137130447942956594852 0.81005324842612026653714601761405609923913406492008596367722557089629856305790644556456453217018732087 0.29865833636221029230658825531677802622614976938743475013579107464758255772398611393491402670975981403
-0.031150450775571333027540760578999812418483301274919953767655866503516377783007710410602300679414348874 -1.717598928125149153529439731439852124725926031077394023385657415708847794635952105342377750529774695 0.13623895031038080808984125828891240808240879648995136195366449243219234493528703246364206884022682314
0.099916624546192734840713050114055859700779228935332901327279162692806746371974663238952019610362072923 1.557692711507098330336428105344292767705674376634894014037983232963208405369098497969932653947757939 0.18682838206499348923171002687729492076426817942881277244276298503279155112359343289428611218216320594
0.69665309765480702973703604153290302174819044227052437351449871521620394282254918619762869859896945189 0.55329352885921494808633545934089620493507717153372951213299155146208779629424476339533022875284190232 0.12765983601578112233356915773829209096126016521928981428407219110000679559842867244808756475144149815
-1.2068684102404834059250392300549701922962742294703374686408014383834009591158829198962871488654801051 -0.42496281663573911551112939765222075710798250010680157167739816547959560289034979295067320958617163131 0.16465222588961555818288188078723478110893202185704709690318813106982591272512777361041304462700820712
-0.0043614176279338925441649873170132691802370038080275066504401610841047655098869378370733508053669332611 0.034870915246556745145041605415443969756356442161594006755719752759337738459816680855116868343165910286 0.38575339843315488914578457001399104173996153444230557928251635376367178780875222146629120721461325972
-1.3476219299371949103941359817032751701630627375128471589818500753924692399690691241231443466392717725 -0.34503540802782053027919108082959449828751882766567712802144514558165891525606627822865975778657480158 0.34323285938540738441366454629152115063136176476921609410372127360515857567459271595861438129603313924
-1.5044726449250834267049466132181858322475390458253042927761559798418140284254201664774354186323495555 -1.1610073455782069347499115986363669418487342662634254306461747511194552739778769687660289673717815938 0.22432821752192984233562435359559796161956845298199488910510251489098785244579852327751541178408131728
0.12548198194585150754249523389310486513968539338815975746231249923143882631869817535422029033651027884 -0.0036856677435743765817368815389649248165627663910186082162543577545805986885379008596379252949941572127 0.012580295199074010920856632621712568996280139125503143153487243297366634144099514154108727569242804002
0.34411398394123177420467554858356218185347906187862270915246990895145463821801433843651102693306946797 -0.65724498721370460099970105906883630195285189666880566195752082418643309081337072217919951041185144506 0.018769607251362356932055427688136034815381844064309052595449294839982436424877605495563709602441268469
0.055607458945942938008331522672971367434744523902913487164489588720847825718743519140001959154842746836 0.040807050269100632349166184870613697087850490002059496136128131246403188473891077440392122848538718098 0.027866415676494591193565985459517249347161822696963049329823856791574788524828791707402202190372270536
-1.4127373975228079421435108453860545023608696982901201720817804657781839535785282709605140493376676233 0.5922238756117592632769775458111298740461103287120755038112029535348742699363941926707938531039045652 0.070615009699155743813161196806068214049229560718143685647743556359086172833727032454909568144445427956
0.83148708700439451109651181124718286843185481434274491632084646960125136088036349668078069870695136956 -0.17595931754291294087448738746570810452143561933020830017593995604509930790807451600466599566960478058 0.30073420343093106083608588115931724351250726641529352207933575020385172678455851155062244776005965917
0.070815578561665420445335876342321793850373427009635078286564577856651482789364544697168069083797485539 0.25393155009697254337409699815382715241883062719873119131058364157759393410388912038394592063206875467 0.16482277757604155183353611900975714107975465196766613281102593290312379268991875844906984245142101945
1.5002255657858552077875070309275052418685531723010830373228684692458767243588103997307070048859237344 1.0011379992160796854598036167398829173234873380532292930436579451419334352221179325324455270174473854 0.38257727293950447745950242019062465688899674849959461844552423141761422426920609876015796239571352314
0.29839519897696379619826319747820891937191526144764488149684160135563264666300128028103601770062586721 0.55155039773843985314267683100006756109380820342227518824473691435023557550520260069948926138236476171 0.06095587994796160913944850058774752492767345405669606330273949546711801070925698409926892123384481756
-0.27970593560334167664963286496387916121725086880519528974153013310919214895902924052877229465140817601 -1.3756068299734523185800575720489791183424085164872703740040620058928587038379161671911987643757186913 0.3136947593090158548865610022844484413135262425508089042879145076590144099086660428402001492800817893
-0.30400192668381730962032180364852718494059786492719606821940771952904231171580254665190449069286511184 0.18934318801400979337624380065482415031370044893609680803906892882609336626282201237252172121124864983 0.15765985225383232370968997627383307016344887799924380320239032142347681800513004270657554614436064217
-0.91260750084424701114975164960242414503742761540242610848227842222993174014840710285762306660503085038 0.55532287560443583680716775442394976138926918407698977329804521851700893518303521034398425849502361823 0.24265352926040307537311913272207207482925144146896384405237719465208785748118826606427975428998793108
