0.13136508308073155072553037368595896097996983141992594733811314093541189567171287341384322451377961973 1.1208573296558960287435281840572596670615766635000007183697432961884915220026418982878696829655864635 0.1935978759311012044441567245311117579164732596942063673443243694491896519999201222727122708197812039
-0.45937174871087173413334534542585394426588432396337707681222585675731164188691561521702213075694878623 -0.33079430781540838339992124524068215120343384876473241565740239568473561575297028669443492026239233975 0.39426027320555183693824984209442041268232917296286867231493714212234191692065994479100126325573049447
0.071682764943965900543991357092001853363014671817826903787688262839296998427749870895833334368139010293 0.42473194407480688022106134894517590350194753444839333604607964764959687389818453314532430290083322373 0.0032677618752023813795096019878166390354809096057306608263843924834810780963540717900985664440888099451
-0.11856232889306779684794614883590750213313647196830674456752810729164835708154792881768355799147589642 -0.14420065848880407261943923935307302343208570086731625129257205218898961626466921084499209802148439945 0.1799109731187035658911951297730321570071591488297955886633225594023233211675612725041413854833372003
-1.2333661165492100535484146834129757399450889121746166729353266649803052185228290039068492994346056506 -0.033918849357056075028120870874571341713080553538874003909072666408965361202670455424520079325112632338 0.1551483088581126995168829784435106217295692683782266246767353248465262925478407236149187105489178319
-1.0767293342226932723501221286296434874015295879646119191533045184810024245115200885516472199962816688 0.25450026390764709712403869739464078216657301779138318846613358388692033314900938057325710365681028604 0.027743352610897476381849622931057982077930445282661050422521428463513960447632090963883041170466619201
1.7827476809273978914256942639738286277304637217418239826265488111968870885443634413878704755101695595 -0.060507284302340782708004577088585587416962268815657908785620639979283662867055951951619222108415541854 0.38988304260975804645203130925423513424532474418098884259376646346133061879881172466009003279442627967
0.57146024161313241492206591791723821265994233076724812774268943649175641369578104231552928497860615567 0.42939695571304853371495653310897830933051452059041330773644261216395029143640637364005949262331062053 0.27757655594896652992419085608304724028559083179401109484161915025701672038825960825588059310082928202
-0.3936992226110759430567589509125098970556661551319032653766315143438396367412120588990582011106521452 -1.052232534648130811333454618770227390785343451343659925080355359053803142311985838703456573582706312 0.072049098056006376332358644393979474074269663255855283074820443806009258074106576516652765846318049466
0.91615695416159545762537662728453011520781217353155217749385084477407117813554447086485200978172719606 -0.68218910134372526201991037422058272292287584199133884406809082077674880211933501846572920082698564355 0.25718275200652822954232556430830353746288920727768055075883275129164659441172487622372978473572259301
0.13787986855234430068133829034467349731446370047882761884358738398554122695061961161303737131828791453 -0.27279970632728392589185162776091876615895688922074192555971744693450453744826951089475842509596791147 0.051383070374329956845272361171031270399297316461270297634656740486984695432273053814660013527061466083
0.71625089054172869680206774277630812305314446975309113227314566878780254051686906410643056125952215334 -0.20787529410917661039341627366628555925238391804913606843320812706044059601689972474623142125667897058 0.40155210377768317554385235759537756924747974625013399297965049254387314264681496979085559591469548205
0.039156825972616963410039425945505511878209428173935386944921846085870830382880515951478729062311072294 -1.4326142173017592742031957975088905770684591373686133017488121527009974459286263705519568482071496684 0.35586210834407971212496504702076812554957012882605668097958367180280523013521961487687617826336594145
0.65758577684342195978329477785227293214519594264476988483290048798555541552136839811627321170003909585 -1.1951848672955332183962278411520021597430883713657387122460041311584099097939558257883529483712612525 0.37884411261605766804608284089065278849276865814305929746422243507286746720461860783527325270823175779
0.71757031961468554187993391549778318170419107050089271422080755024744407650707196153173862983486287644 -1.5028430079732826373195335455075882257533720701634366823911519615025187930953234443248432290091507043 0.35451848531915172332273123614666888925964244686549659054983870837467526938086532315783102277490738988
1.9030269382943539211655963575866543848232062636880676309475940975091339761968347396559995189672316962 -0.37093231852467159257119266403973735682912604408617137982514051891656167416363274071538191174984502265 0.24420147084341639265259212806938419609164629453433219780689665104312397746714223261571971567406589465
0.90131840868897145228190146521199737946758187434236092118163821838354948530413137132643480037835487419 0.65971415725363809933100229187206324689840116128094624215014858045467126640042804258664883070585084046 0.37097370221297708557842619023538706878150212719996839424409591208999885740116804322438629126066381292
0.36061900936217309387039875970838983920380493269887650475600698504593153216769526259426263097453750983 0.51665301028728017705138094775892280183678457040380477434768287813613773705840616807327295310326868912 0.21984863842926465285688981763257883412280995409603125095772109583238653065508331929491018579070335589
-0.88341286551737913721257006693968470120239238080299648970488119692213454081547181729087524591778693965 0.90834880000859107440368402978326337370660876787907133395994642746414054403636008638330864160121179236 0.30491990535598677873974488153057759748365141489033369276769562184505345857829242206564046948684553563
0.49911073628420945704753496699733787852394951337499182958521746036067988005395968544224660049618173093 0.87483825313771671622275153345211206351066452825772741437762441610006077400134678847888979398764199484 0.098387194695001834540173911341408576984904984780410911705810677067132400133664731588572032919663481529
0.69640646242805962069085466726466935411278665984018239970443573328638018201955654018639736258431916652 -1.7644155222107343025566387889690396469258173861737045738058865257026023151235501453677100243710457454 0.33354416696196355423437615969406438185200656870003887835115522178862819708579598460492955411228751687
-1.4164947194652948035123848462905299179163132651174617338029291619372932961314596295314099666377449805 0.20129290724772815825471228322781808199724510165314337775586953762639878090229672428612767821164209877 0.062680111191565985681862936642705979588895847201358673707721487529234430452855966138991839648808499107
-0.1007927250022474073663105735622062062147517203775333853908080097203680012106887631434661976759009791 0.36995312877571850276838224892405973716594877854007675449021441769360768967679225563174748740375792934 0.087189022409531920813105946019600031127967137578485571801594864356323222951865434299534804673277816889
0.12999319457679207504832539520477226461378892186017571152107471506485007067505864114233203784807521089 0.33796631990434219111974721027657488090213429326436127755270714140869245496333437707407100237696101658 0.12025005757786159873348595650784070509599456032487847436827702858450523465408093195063226611817635208
1.2213141206186998968309350479048722973409136257704166442106587561723130006182646715722165939807669165 -1.1517318271082597500053146117436937453026184081987629527699352363492265524939460091097687680028080884 0.34277865268610917998952812431053168122976804919982419196102169192939915196559164524914866350023126908
0.32264224740513079443229040376909949636045499887987156850782665611770984993577224967901771934465926211 0.39813336193207956532798835443136770077658970142012640682103854201159648749362245967185315300915859203 0.25917574032976544138492851427342057012296143741969065957686581401966115911264140219487672407817206846
0.34217452727430565328175391001500570151071121368381006551431856614682579547177983074082798277331000568 0.22024966484812992326522827078998298522770825678174944179811712807407195149666679398067215866183444669 0.28126998232625664527495427581292882424185417064271715273615580038340840178421999441550951263027366144
0.65748672408734988452550239830800954510165872764893226428371914081415429380968832045975154744838792303 0.44878956039036011327906754792885440251263945819270700030897340817347370648901947484560898754894159688 0.084395139608075083011187461201360938427932766988855255879091169925684603950429136408781514096636114913
-1.0347441921910230633419516525514586820838378908531917568274999484450449966705843462570409301590914504 -0.43280519070036807363926560213479295254702040935101922742382204313173984914832529672664862903360315079 0.007093887849955645086576739953043972006231338125019841408983807043571542650335777830355101220693737182
0.11916985660480265143025686030723390540517426487152121584106908293129488777819001688422852702455297585 0.053905424787040569366905453696450003484791523671903864831064815198444209085851577038633448802633937837 0.25831172909095118722492198376302854037399275289298653464283112079318446789031309659396145591051911719
