-0.47709446435493196874947828344384370238975455144205227506868773759150637183258321807212624514317984729 -0.48706817930922485965389553635010014333019923366030036191546363026441532103981006298646946707751088365 0.30086879301917916614805958026562245670683198783739722787757258591300009574368041006091903837141213279
-1.6138920594414737453720364934579814856528437052908338858342316522554870705690868256797112828706152502 -0.73465194864669310477904523552987015192415340681386053369060563836124800171512735010953485192151939789 0.069671604844672927519922189419412308630372769545603214610819494321915396765804552452862913135507077156
-1.1078453905472518553329403388857881472438281538649379748006296297749094557241927262549362385297128246 -0.1942773187090194450289232375569812949403750964273933305768023806532803892947399495931013362490340979 0.35413409170271961741416443991188833052821577815043304975764155414994368657626859781383330925735849245
0.91491590914817223637037196189173602387421479999244751156159805174527662823621032227854987027940292804 1.2812667323187510225571847002705818428649297839606100628560977093139106066273653007439432672224091025 0.086037497788575201543898205558058536303881901014159910418510868686286515384145141985739299239720859974
0.22314289055766470904068370642686660289622170219048472349665421129310089319116686770444303276390317525 -0.037814668868601455908398664785782503379722813284398597834798445052582937062625753318928764258596250419 0.30496077890282756428183280972363233972398672228140167975848511161481036124411605625917939837670820514
-0.11683352359374088903726545879558806754528812681864432098241231340398753452729871665141489194015765464 -0.90235196732782609441701856928321846214648894845336997314875545637604450041133336764761091276442785631 0.11045667862101438852499072683740874337700892110426037844328342197274136707255333986015748707353297618
0.68470474499511140733848685054612328277260763405062622935186513164105944446160996502602616159077280797 -0.74109612842422804414596231721879549557043612920548240272651242550600189438648397936901252404881452519 0.27293983192918068001753057510425273412988230723984999462203591283530940445986010852113200644734933439
0.081218720098292102238188102263669681574390678155278523510688867161586380576120667762277278405050650904 0.80979812382858295551546361252192348385839164741241994280841221741101239702209584041102285670914120895 0.17071754031931380259964067790449513260646836586427120021711610204321117111229850976771289249920197897
0.41467143950277070339892865872216657759295127194701783866211793129472958067031824336020155110070160916 -0.37210139434976615357808528550469423250170605699000593020198854545273751799379573753175338358378676024 0.011974662054993969295226263956804613747236246518662347149611862050647684774262208419636189581324980468
0.31002950064333346335086588758612517816520806153376144619691855775233334359244959071455343070508189091 0.14127136736002168833717896636760766846070344094249396675641398619922455565092975323935040938268254818 0.25713068890033014230254367849033373764419323653659294931260965234429833637053775429724286261116594929
-0.34978921015591823437314005272719467421326501925596654747371113377902943907283511622652125401294921351 -0.40181517206204350220208984801645514776865192193172021288099937870431498194224560823343912588536126751 0.11610321369877807197280046660426715651392703171513066846605342042163578974983548490891222849617982023
-0.48139050957728660283603598611737531366482426331423461755494829261888188394448559256474175128262706484 0.086618170184494951464141612867519952224396862736643820361510086722072456732667189937407375221820024801 0.089012538939838933033992555838166422801405130064104038018985108010095754971661128252781060664705356192
-0.52850026583526418621507544295972721614364939855737264203888077713054053793317100607900394656774041467 -0.00722610725171323192145896523464533144382299862193355718936497478542706232154280319667642707395607954 0.37538907459699528941631670729505481514305398725692130225283247387362338045427613155528764791737435366
0.39844588281864285314697439007154727706810622731536148592300391779109395580105272589524949870814439125 -0.26713722743057984251562830957314687131964845439637396240431610836997377335850136781176704551335016002 0.34887885738518412175294698945140616116649571459587383651467344122318846517745722790473378282841495865
-0.047700339781700143343162590818823496019442529202220978980151171864649549874060351536984846445944953941 -0.091599509548664886258071860565033208576181411471078120920819705214046578033847371540566140354103743926 0.23286039265371039230752930544759470593552670545567464828173824114326868153666186215808854732704338784
1.311170010436102938795341105171502193085088021311259323290301913752433476159550988720974767827266858 0.86388174924433870213034323983694747964269135748979209231747058528530149416449187309115201806207577229 0.008374605375272174998791424879645978019535843797846437374854743871456177460312946581101468368222902919
0.31707858610901792223049780007447400854966220858953867392780119849506379787396120986442851116693225553 -0.38687085772743861825886117778430342897511363726832302708764303287307113867334344834948361458933579362 0.18758028937783204071816325087519045733128966738796173712468724812760563605271316020157783169449194057
0.037972291276648372944267406175746607714070720119555895449489738050076647394662694560373994314598539643 -0.5566056472306470175000567206167461107258022495060206288564055655526564816585448448908443792719632589 0.29183926778015470629490465685127925312146271724713333414631584129315877301779550141391757615446251523
-0.62904126418929927426950507537711537666278386982067895083248776598936714375199173527692797837353872606 -0.11006415419277335398936680745507411006649257705009535696041651509483801858538392552577230760066157153 0.026449322322863765390349912802037203843477147408809815046722446191249654950249610857828218007350163161
-0.178539446111868378600161105073481199939334436973980430867615403251903790735374671763216319017945931 0.079651465791935410535587922666832267041205770704281099067292707087995529660117219495171616177461127396 0.2204699047696377905476586428288752730667144422881654725589005263830727119752830046840522254926322827
-1.113430302909704713621160050350319257061255203375028458688763818794708976393324908622419032669696498 0.88957120018619677672687265671779920060990890562176037973945591665690887983836796319987144731430166577 0.089802960271792413148983440860993238838085079977608065708523138875303085528292949401719552049628147296
-0.55037202392132466574465791937154259094806936229819538161582059294767926162093332321140340633840279282 -1.0086131788159512289885220176966855546007011410550263279246388562696593958336653652683137828726687342 0.39265708041216292544239283191779853005166317958544059742825180547337205588316208462347342981077739243
1.7307053202263540216134495770333420141454307266673265702635741643670087975394267575280625782556284776 -0.17394530139739634939820304478009233801607705241695663985185467214782838805186352608860760028531093011 0.39743688212595477082095194629667148789806810064586041401395187263634747040549719027964365844357583696
-0.49748745039427789322125666767918899375677269482042900559365444833200401849026126488230677325660297261 -0.3409684557313640821687749768100759706554004596245000252417388491782185083711686052468866617704660221 0.20723210537146311586419959835140431962074421718275104722362254404916209591775952818012198999010830682
1.0760850109284581654334704501533524673325597950448372916204638650965021919713749250008214825276013607 -0.20409243759885003830977069530893490220675378723903163121200399183225829026140311890739870048268193337 0.060271001928653586618469915795248180046016756472241532528162111404562872698972072952334796207753034368
-0.0029529970576848303677906041858170380380207556538085593793426770260988437841522069712774573175134925225 0.29553272440720477232219127669464052346685286441771768054514542577650159307797912505943022482094863356 0.41424055522187722870830438336432413485343841837270057946641903939960196757602260278125143131680328563
0.7200342412764595184044941770760236422144996428727297877619814774381979986212502199554463677631176362 -0.23659992951459049443130359924632456563676279125552781602362260983587127927724009228411325344653892865 0.32171626811101385691073339881781038619065484054470776124366278656731336257068098204238359184478585012
0.97169763665661164860505233411678853228579018604916468414236306938902717221020337156193982158538104639 1.4266146769138921787036481199779273779521000275305311970335358442759143954315464232236604924805965256 0.37434490500892138714517877878169360241273924705215212340250253246034487758999459629653377210140924065
-0.55959332560354295082165745962810186775997013421954320995560432977063606679507168146091069752755224396 -0.47594575491875606200126841664850872639636901100581999178562937610102952720387492401053215479257487971 0.15199669918194676428795316078013382349041416587344910657808754982720466060677019467289230956461479781
0.081279673690359185571897404619068833882124355309065473056705589232921823889176336793837633510239697614 -0.091082165955639094210253735247262948958443143807528212821773992834404889673649812168406555546834542421 0.35788933027774107214285310592513785799528460361133205569646916140497255679532943878941991430509785668
