0.29797838286204981912141194244435873067784009917842251839003826471220241023442873336812859167098095673 1.4355367495821748677516465487650496631733403622127695537149980920210780368906457224080863196352049746 0.41267513561282864469541723101474677901403951234025784095648721916313296880813378667797554493624180886
0.96189181281954497157658738608098734333216734807935542936703606081604955703392370003292095821342170818 -0.033431452035368507498623911698442416690295564558996068319839173064587178427187849643485424048284934258 0.23881819779769444377607654204811851974755006880334226417397010796072657779232949619352848109729159191
-0.93982919385993572392298194479777163319182704265450256732753977635984610553247555192184017263231595089 1.626144338689797859030236499094578219627412022513838904120587860516721926218624927811079784486713695 0.31241065777322040213344999937928021256066114921870372639936788949881131078481458331345237836230348153
-0.73717298132807932519979807638133514829202063552188915587842915039592931455955439024763572588408056468 -0.39006162367830047070803052025149970389098298499689878092459477752512200129453566569188353119799246853 0.1024091063035100047413497525031295271133495673560936015124849585006558417846029385127071997347915624
-0.56117781638308972691978576015960482965676030990131769788309145320412170121512749460932000292573785184 0.41252933453873708260582777174447404048453594945524040010286845427588138887647697667451792919157093661 0.035044365846078855952466231366765604441989994520906238365632059656095587518956681790231873647202910544
-1.0346941991251292382634548211522359997351770737029905884339374425023093593631363358839212596731265411 0.096731327122456467834480577685728411194910890492349603387832315269417803853699475447671864457970937224 0.047169234349878237782828209722311423423141544106184702905587715787504584557412198409207915056522325642
1.3221765532473501759386892512432910680103730278435668428092440441072596676914011628016054876136131632 0.44644657386342830081909950024866678504305552307472577113707143363780197279870390046725727044724833141 0.38834773864548472025582957384451194381816094199184352020614923505953536402986831911510139561743312059
-0.61513143604645369942135801445009209633183900933491145674130933068401590428717572923228317948907713761 0.54362982388160259028636235079475213316314096885900330279617389845543067140243559316339910499341589724 0.04686516005534535323216159734124411008040600403144075638407695676506350989366713625405683348724245196
-0.13678956770274104153852244091163289171308735863620488594548177323484592863918328895524646126756453528 1.1622179284894566425514115023481576579309156541676193586529313342173468440885167777704021775306937202 0.16086016761800411727973772200457792872983352254684463195204270175075937254360291633180019231851692138
-0.089469189429428707155138500347665388386377368443221367524198419653355663659429715188398543347986661446 1.5308056948773214508188208625154432118553571610400177237656750151755124811945388119252753106723251611 0.1284036800595997061132624382142926961405213535971942734568566156471637139983450829413312462390097589
-0.36843705066383438889394616018257018343975966690370636790271488732973941934754560596680473728729518877 -0.28620532634740726246047052794280477899276744713775409479957152581492156276266280321378411819380328497 0.38914384362483048005383445181070947112598890124887808699109601660983832659041372114216616989870831418
0.82851302734121736418369241853164058200709452363092397561985863436232421286510877916824399931012275609 -0.33424207729646822973209206147650922988593021074844854808130210554176804234209983035214931558025461095 0.20362120487447613559020950991570006841689672892611474197685454824997041137329878177225079773764191221
-0.64072708544471842797522920088877431845132850024189734105048240306111102731110188518104276496955736488 0.64635471948484069691905796676504943964930087235856507132672097104703894795594067469259803995041051623 0.047654099680782182538812014078061830983262701267281188104441242923547780732452993140308996445634275749
0.97445275554532139895537278407966416720858770988153098123826828234295297650160377865268266405326500408 0.48297608554332923120246402095918208749867737459368727497051415403420412090708374484276443306599183599 0.088229739975990376919293137397719996044432140144106751996069407238642071100615042505918884359099517112
0.059858695441364710112847647643877727514013193957594975669066320469902222959401019881758553396160591314 1.4702215503671599131113690279471942393555452465571908807427533992155078613254445396607457084089894261 0.37645731750481055766889244182903804988265392060935766097064205551432393276586690824609989892664106244
0.61458485298652415804902035143280734579763249856914709434399483574357201435753434408620240367411086704 -1.3895720245285922639860987532295046400540277776602342213410296784227497962441032032589617534730012707 0.10079276727764059964783793928052773028203929704673464710905454722650117208289446405412690820132826334
0.86778590093269717306217790064968122511116027668615434608325745158866501910349625449147025827643084149 0.44623089030001116821729195244978957654375266333970286748644971326741109941779074118229533308990169582 0.12688200369841919218091578291268836351906470414162358069899579342611837695931439202048517892258771666
0.77131520403958775451789795762381441372997953563501235708503952933882114137715361863042067021170540202 -0.62971073742930274480054641790349510561599288048781654714801121704643288272952752073124098850020436555 0.3055608177176024020168403186449174527006335136148645988123406914043629651079175389214196793806549268
-0.7217964083502928044222388506668971183213670209359741019488644074338705554183372521989730955348042549 -0.2019274330557187932205904499062180653272138285674320363422543185896123232003724128785484520824288718 0.045001479609221509427947468881376212024102929875029331058046485340035281021061461259387014232545970485
-0.38005157265994256530140438201165906064568495510847808904062667498095066478778546669700709120921130797 -0.82285611554623191159341423570198111522493140123740876079731918575596305129560248484276613663234946468 0.3090410749372753581349976857839688094548909082935519603273379798652598546072224486221981247020768873
-0.78929835604170708898420411977990490951017422270156339272904849331754953368609687416070215138573446537 1.3366839563852079075207953500798067349743744686579569210512496664250435895993866663699754552128240082 0.23606395207606411892317266020163811969140865410843756363264030266279466722478870977885094283917606085
1.0302635004783531569338329021547295963297499077945350576715306830381180722105163439567438503745881898 0.35617061359564424616212886622837642540466363494760816861803244265617132262313506250949719445614733388 0.38111582617744093608561694747755376265241723794928327653017016118352172012417409368742263515863389252
0.70453704889184647878698420648040410987951999040178712844812986380495856148011198524530667687786208699 -0.26831199022669660746865304910910922718904884239668543121473838599630271283379174825597483458863092331 0.12436274774186867483043501555758994553982327509956897574632033337918444229236269362042224491812481802
0.042937503220997453058134729970652504842840511642771233195291009630708842566018224544630447517024791801 -0.083331850843973346454081911208505206198067596298358259223697468115335305555477515605093631296744148168 0.39941303411058781059165404819366523921850932635505109398923812351478546841746337798138373516005172485
1.0741820641795220235302172937174211758027391862276952521988526766805964091996160830119593045082628493 -0.61881718931942969388556668445870656492525085774531613349820226271006141343377559492087420359734551648 0.31467245198966655726657061164932388073941529976101215554003139372542764908727803351336133876671719989
0.36638048364518286186598292757302049765048570331569039389285925123864554396560560172156093693942933736 0.40983366453542325313410089843684726667921887410714001088980452788534785710459030853329299819793861041 0.19102444337728044177197825038411729993651999698175349984460235104848386097473446479738915902068933513
0.42497037242170716680356235039305840906770958499307773278489340852693064268443539103842317300199520699 -1.2195850145084702464458327429652942964268720385037525347078826214804923991251690188462885364023509306 0.12099483957816192628605681974492322841823124849703198028986958646207417125317823122630782411971010804
-0.68260993228803822067220818013728946564931021907979859925456311260992771007638888369269138226337433628 -0.21818241098046172246386925171960265719977013730310434513385466072324153636455148299246748529314009501 0.052305924249294342442388020599829661643291485913057355501645493109662028491189491741376696475855630953
0.4612132250477894278160551522089248617224983095842394115870555686270078455307831492722075971323333823 -0.31066778187880173175793656226410544701989807704939691809088103203554385697506672428452771910717959812 0.010899651575944685340378405662981622681755523797466803192249179429950465240170362305812640199126052366
0.64497561735420058195018347813270243914140651773620059106672806792548895673475042885043763099864673432 0.53806353826600601381443290371409182736980043730753939641741175531931999939106589574227721908918596449 0.1700316325635662066776039637884424445686589626808656518920016682206895366562085922790024130925258246
