-0.071206902942571648944416960594270825729221018951530335711803771145654000975304606517102868553467769055 -1.3317152305628151036013631454242316585725601728118795472052758411714800865953790860578774516176729223 0.18713933637980706123117850307598257218954039285265389868724769814169225787669557169632477654588105281
0.80032098536178238721940510112700680848086392188956292753653669687738789249816132377942417128381937508 0.73335778768598352205353458723336094350959769191028107581960068974724374858366254693102380797896256543 0.29253047199367513488874231460592092882617905972148526219250110514491390739198856266046208415958557228
1.3690215188783684807281013917017948852953515284986795099482952009159821729983493885196644274966084447 -0.70745481047154394966196738796580381214806466593832948141859408786453450861998989451202363418011569435 0.20109286887202964997525570419776675196219008903056554206447993348805271417032204306693011489986891089
-0.54838897932337229475369485820430597955266834341187099272504260889361026584069179833796984114801179819 0.32675641474359444847776398450318144336427155526953719479107057220489463457269812128014076426412330698 0.094392420903492824325201166046907942386541196121590728016853136694771256368410249569006080350115026048
0.36709239741474751402739429113452504589078883109989069722457334199424448855519155022075058472376177737 0.27450076792209124421223808149777575312779790496929486336836083927865025946626023247624005954000321842 0.19842597504594471171355372553201568799580414614072830084304323629911393397596592610994357695019807038
0.21567179194129184035967711774768033016807067150562330670214013802971329783608013202968633377634956226 0.36640081084511629599700921414484062185607391257256574683102527654356439552343241185997884716950019437 0.15445370891011823851010917325695960283730759676681496815456284968410375626138318995532772022709637648
0.11106127435874880792714020327294921071400115626556510136042653972685383740657822273219964880252655379 -0.29130220412620273736862683281552518909674752399116767051594282776225969250771052113351048828657826396 0.12818830258288384207347805400081837705836375242846702677704563623946443856602857313118437321034618676
0.56050863348066891110425700827248271223717024925913917054650410115420790517336200490626564942635825323 0.60898327660230858050797058091410505699699344918229238691261208453056854965236033445074330827215896834 0.16760151728517023862882102515282565768408671437298488967742174846929796401382845731420949886112413672
0.81356638441475072799324032647149481261464605375059925699267395620110331822601186736314755209236137951 0.77258389798051872909786529330405437465010824436609243983023762210822474204627950096414085275620508653 0.13627961371123493355192337320238955270079299544982657261582514770334206614203605462344893409338994867
-0.048481477015810758653653647178882345300849149475912423061079823209014994490067349162181169463648643808 -0.073536968866962827946638173056347322270684056711755094016401027730452602986886814530186608894620237835 0.2226717239758362388838294231952752804021120588240386626095307479947531377889148211261176624755997398
0.57776275788949080485575082530014258844103598804907853284716147631649869555858052268503926072082309523 -0.28385357044909558630116006834142359038892877820782560126785229472822854059627459492497255731412532584 0.39760325139593142708215543831125699368915762919627437399017760070636340343148508819466136726560140616
0.0027717790805667089941750872294316090921298416151901396389510337876928099736041163410123460721184786284 -0.45653486054081048137527736593332105628429193104939665628707569312337683228734352375315237542827483182 0.29286026333952943797451606799127551865431250617687128382628142208995031516992450085878027090756368301
-0.19365944591035809409850648835261049726007806654639964783577295312505156640408112556839091221805890597 -0.88988344936552161704516677095451219674605085102928643539400817893384753619915979544724653443768326538 0.4024801620780907316994801162548236401316061223473451147949996953017870952426278146133732380743644776
-0.20640973605751080831987227699316389221654731622664741633140608115081263264949771778698084356467887345 -0.74245244128684324068627638264381217747657307936616329401269327732858462211488398808160280387949449788 0.067739303016971652697354241807176918819318175101841413079096327370348121406053023789753346261772288032
0.46287843142166800433327313403368821800052603340757878821139936286367155435424387865740244344834736724 1.6557547277519805817087373156774010425187856451808104714610743991372048651941736931882901405966487082 0.31624270266006512428334525022276030923379790276577139512263434054446484926209230597972992981763764064
-0.82002692789559712364145585922493075043858839053023966733219384971178267522536079259327055531742950125 -1.6126157243665924438513265768446766781043211762263459661260308266276147994752374871401445818642578428 0.1206973265893053107187117917285377963652983258296303624278642615053855847703808176429484899534390975
0.028262234674414342393454685413857575488611622031015306885389118609169628821966301437639633474895669697 0.30118181521049217234929396389926480459461415990402631829446698636839851040452454896923517105616632466 0.055901373574583860184290643679315666167628898349310090040504741632099282960201568710454898146717823759
0.64302674046159733870340371461019428509844615923767881800722273557211762285515871786206082031523886743 0.29389506582728470825559360780335102358495582722431980082669262642827249568034593023494871410679631939 0.090219983750695600997798315156473466571046520092081528254651426008932058932258681014614870660964847359
-0.17283276919976651201184068936734536765075451840513122974869652850868595430095311790699847171822992527 0.12626654844094281767513197416801297345714137964065788491616451335561663808014481831615720555198237061 0.087801676209061181676765256235025272248479623081979853958553871058362663041763580076373455325338238283
-0.28878263111475061268727172973383064477905394701187909120481359119590578736736724226641607703467970594 0.052724234221284404047560322219006428538495812842897410765523548728467975828260933247968338124933972273 0.082105984827306003180010934220970856941128814394510356946109791946936333032116817543835739466712677769
1.0919057722120587394139436706807769719449455149079302162227019230381363845902709966956450540059440871 -0.30887465112481242791455661874346834998362788616890866935177838282202574620419375994843776770219123263 0.059782843327378406260335412781896455199372541796482831434069719522134163616220708562280252329205233586
-1.5318801322410141306121096424436860427195879395639705056465492638442888607490929752359767703543930068 0.22371769652673669778862197604328572148519379631658493481123059583982030754424606344019247141765807237 0.40903865648597059666999362373021973119917410179543571409002406511704580558014248816874589627635628155
0.32386709262782380378177942540005380782741274838208670189004373495054693502274699854203079922320982919 -0.05179402278539351867803635807035467125100091104198973534886483736348453304404815122753234457252173174 0.20561392129697423866452652867292684028377106792834537678818910060556610133472224180072092097189622127
-0.29355486582557330563880685938981209881659632819482447794818708458379539910510055497624459871568645759 -0.29703943866242701265862857538560321628782987398277718528926752224706243565091450076229319579306849743 0.40784805651694311632364217546435644953506196170039860701074244892475299314307122312029000396337690419
-1.1427961927752942678937605494572897660418850607187681802650050687176082634628277083090295019374046952 0.34888310000881399454528106862467783769985712293277376396203334248997003688408040289743463427663023425 0.20500953118190345330774596118185841262623283057319057727884656352612868167706263911965388045168142518
0.14198925863023414111271857809112392556669254439552836915002226441263793074359016159366118191545693248 0.076663275686612392343642023615187092281786027831345715264348793053227664062467282002071674146543389681 0.14096398178969466352141624673890425986473556710078895777141697492558280805888048134193210082658820339
0.43917311290837366424923789341121450902339656513893681881216577712412949547259218993313013974574739402 -0.83668734060990203933858888043766439826913410158598675925302903451750827372920873709195172380732828917 0.35429024906635941166583759425463078889902627446111791460994434596020852684931627572730600737307709112
-0.89237307261570532946309539462281028409363691157930386226724727553636162676108328281238232220954014408 0.50149207304272574717976211912391236834484099123668020444951512564634300079506936001493928175703182327 0.39924065811140496635250636401984230520257292356055410126417233644698939856620914001156977520535147767
-0.55820795358838428987325220990423576117820954772227625064929448422574249917323028875296228025327774693 -0.014794506845814720399103641793173031339330288126526331773031666221386100178877361440259658506118490799 0.1668774440956336092555420370963526403456195223771147769406011895879791225979893637179942294283352226
-1.1125833388772772377480497110361605304922742160812725117249389780386744425486807706036854558278290767 -0.21464366961182980249851191755672245250241733068418346814849764701514191712734343846497130761564969599 0.00046489637415852570697775518710489801233796253815097193788996467750177715358780666574266080739868323326
