-0.49637460978179339750985396142401138335964329966288055263924060447770170805104204340850725308848782108 1.0039052314494866067023098753933391302871437327882876881553413709717708978574977650092815916076555476 0.24299409821324153182161041695419682153577535457927754213997887209996460664027208079024096547568431417
0.081928937933699706910032787718255092989716320651210250941615886007121236445990839127742526451308874321 -0.022897420135956104030504894045072498895538007235172603033529556970086208954038845864445867994359949493 0.26124512171135263293147826778890278049074515155461122708126698850386816086417133999016155027611000694
-0.87950408792188560470883628711748991139284348594421727478690317720752341967916286903650318863194094303 0.110662853640399454785902904920129667442258251594537122898857156074275933605712910029439938190432194 0.15007912955040681684336756351621138968900817946724377464812151217972976980139662112269856083580808984
-1.0383168798781963293387921606453346132779127272265563212809688611632022002406345627786583578298118306 -1.4071984588986826014096706446601031077540872265194548244253463876503476597095748151248577221958493941 0.39879264944247789483550815245980366138677273479915835793647123376142811065273097903334202750694880224
1.332951686509586913071563993244586187019184214065413474137518182470879110274244857684764495404869243 -0.9663654574332365769459885971319928131820567123857650988290501640372441849958292146319773631064793303 0.29059739825241701645044022792960154924974156775570164086064837177841088670738915267091705700092992562
0.63281525778655761018603541273121279062748552435409908188676521922502568199460475647881561324994449389 -0.41452296728812579658899018749669550392841603197302103845372652532410356692046210923792767829081004337 0.13475668220673156490555497657605791280207276044543987927328256933852068072635329200868254232108127587
-1.0989406032208977287690974203861993999995470083066033109712163342299695626703073269437263633967501983 -0.96696171670615218497696045399680628800828776675396135090036004672042886011990475552009554978451551685 0.30271841930599447044403193680097802090572629541996679432100609178723773870289634050285679901985299232
-0.85655364385860019105451480691352616201957754721626014825257188152388147019584768436440216664100766648 -1.2570526871331402083416405137552667204999630379210906639755904786704969119939146773449531109102999161 0.19657862650246490384945616014295627313219521696343590747450634516640216746289816875120447853413241822
1.695862539913401420390994963655433811616619155342451622579224600227538922812307887369044753531822695 -0.94903255354417981060676003666201763238376996051566072815554636358952770417791378406372824461300980914 0.19480775942422765563635772391297962237043003739918359294310143246491590660037627911305729520983306504
0.65638508270403481038674255588346949619885067671821283088660557628683311218244970957807253575521308826 0.85291268671727712648587511145037092065807529187314604729671014215866609170991162955662090275035050764 0.26189901954579249765293562531227477127570081347612407153345661463486780636082854148766866670654805687
0.034177766779528494345017086754221491561047171633395534023043101006253019008962746142301366886223953566 1.7057065380550743656788743839299705901769025288206879193676317062476216600153594838613698916383806604 0.25823634355159909007764986209598943174184498907475599835752964579756367667235558803566666112512195758
-0.48794414992929018478464991236219376941706091487730730964226948946273911570966812129428841613485895003 -0.10055908064203779736951224997802663202892453428722418748079486187328216181233722333817635729795039139 0.19968856177307298240492558873269013155489831887981898525661758649375549494918158182706470768934604757
-0.17509378714796006109720219645033879013928747983177638549221194029766380391817186206304697670143864763 -0.45513280460204408155085970056027100803232030145551553595072307264359846059316753202880827053748989677 0.37747864722643622936893696123297630646143043802891772605027921563098412156743684702700406238061058685
-0.31218259394105083282966402445860047843307717741926769180773991904955025942583208900481369809673492688 -0.29060048775263457325493917648638264715830586836607954472698166099361772166502804018547100542890781226 0.19518777120705120841310190199939088019754551367650788437718332015629641172427542469955594560853204323
0.2298878835918022336465044690220112993680485036716714526171103665688218550089956260794300734069404341 -0.75001502303306700247579313399476351748889134724967915920502399634404334966534812086092780212509092465 0.31608363816280088294266830287458372610821133983541229170846867274772385915486430646440956875915939077
1.5962872640962471439227592222724206771156705057052596774797498055494023920976017231825326617917485009 -0.27421434508655297366368093435022461142981742446316331828607839039074943528426259610405123353658346958 0.30306552322816753884773634459664059513546195486904513128417334942042055888517214070481059070624715656
0.75205131261899545966391521991492655093007958550358646526761969618002849399371813766526500593749730422 0.26601877780888639417934461502437527451449141814555564698321450102200792442996835514471740401700210903 0.2941238892720725480632912339115595852608960610274972210094959475496301479365976659781319926593655411
0.021364020769434364814543027384995042181908743698568013421879487873149054854402690981391117245197691607 -0.092047225967646060544238638082715236986074359312896831527155353919812135534617596011186685340342437574 0.24628109728520927094129657421076126431001228246148156693295157436398125165795440453327235951732042857
0.17202213896116038736735012819544210616790727356110847612444107256897390466425564788247953405897611032 -0.90301795647367864301502712186381496763997690053661387073947316598616512797675209258628611163564297146 0.25359165122140684298386751250491564925697751380838925276835925594020965424686444110042549727064853249
-0.31024644536011593335079350509961823835150633144204013570405524385960764325659111391898007193359979409 0.029318303457596198612388390593296944159718235910349408927056928433484654418529736476354840910775430778 0.20945305499685989500172756934079117257939912978976728188472036616643140778858958029031259443156987659
-0.48327144169025677895012155232033880869236580765189876948345219750125744269172111901730920163833614203 0.45006725473187308855306465469050254917599183849113417660002414139564951151482835017408641518027873034 0.33463124890631019599545687690086960239091697162568391880004104408266792721939135872296989739118423328
1.810579843962516309448038630023768381122020587181027778880717866251017953384226313182485731053500779 0.32396989957277413120377029348238337100389852751871311108819354569616628805535875788194688552608259011 0.11286765979809531422856055580221411143581973074403470541829672799062205643854102448980919224380171013
1.1667309434119129749719919181815476123282058687158840461583333818449191205529091189944445259905211208 0.47098508905569172245048831560313813240547473288147070334877557236600798670334403250730590407170138412 0.27639334071389005598856177070723031992237219796092064029565607820786895181729210030056096968637479527
-0.054481996633559327285850418073846585619904052299239988635657364542480688752999782594851159891052622418 -0.39894814843345507038785581669881325871438028665073948352105900194660017991441140985724935915549049955 0.41446147998218621645817154453133454324074608503434905386577669633715006447881232265672920687587657913
-0.06617630211392470359892684887062329065917398642307205805918709280322544587550737876367922967472771497 -1.9614482833871513790715112825065677875161301672991231337806957503135349216148642652645921658663105502 0.015173204780521730255882308439284622872822695152149947979820686213830761139813156467766440871796920252
1.4780614121296398663397173201425980469476585654164036556212649651797895860237992925759871434770202293 -0.057796617944613603144586536453679576617143014199073814834276994497306078554015418740854527810420989601 0.34258601393273269395662523489319381198303376835828286974147753085902524289720081356566743676967263545
0.58171828893126669128585237243155406002566291215125400364472399705932058119639758992520413196981612791 1.8339893705259471107171481756789040271393538700571918873149455790830260962925220798892532756876133463 0.39349547755637512862726113783756434929997884329592955751892009944431115371664801891363210484418266387
0.15197360625273981519358008120489432811381722493374971098811606183814242444326566943263027817181715063 0.08742442901752992513432433211704267285702991134459067119052298888657025733388163544820357310255805171 0.31917901689002807945739464526597084867716123125371182308611664203404400765203639464499839185561711911
0.58249861297070194651322529147901449284287270089517787417851736762083962442683628729356942529356572845 0.20790364514974101069014907542747100712820129343325607145180316096106630637717974155005922561291210619 0.35495271422537193775845734772661993151023724052392296712254130987860522973508055337922184426789374048
0.44217502283107915006944849174925698265610189979201555404650167315087959827023034658136995476528667514 -0.85402479918782977165684848633785441514827933956316418173020932972176653522122161787005442729686522285 0.14184441211918363085061790185197531035709503019250639746910072019230203642582519510556388255801414026
