0.0028034165625982852690350700961013093244528017797279944865675486041990376120548914744249278588499819053 0.011854992828160097361073410341806849777072162453172622578673455305382779398113816649925034689641561553 0.16896340954535209404590331175246086158996511238554132846224743356114471466766829186607540863715938167
1.1582886452269630611245208747527589056316482363693353476042103978505703698346303586612356306610502782 1.20714161966164417313470716119026573818634247007731975719438778702742715867035996379218812540871187 0.24113612065330843502396511602969383242749611129294722644902289453468233890449154691089061160396589993
0.49363216500704724170425208555667250570977478619010406493206587008885813183368631625274379928767207364 0.34523780795946145267651702324309314135698474673008134256606929427085283389504497975006356038753330822 0.35004526476544180106410713477905978468336357326956728196402619906380022795271181218586342992423755498
-0.82713495265386692645566630244262163050890893384328969979531956848238441172899805180742903748135469044 -0.81733055015341428152405370298470650114085900077208382888983852960787681213268276907227316142088431902 0.12126650908878840179262508713508230462057310692214175716227211142123490351308788096366471270043407804
1.0913130013038949805348791656395535269824514672985306961922120654779337324645595227293260941775113352 -0.96679680584811072291161622189910106661903377428933956198985062752731301553607358050808530988384425974 0.026046969000701967722069205197073061821090897471223429531007009576273885742752734144958855624934487319
1.2962133008090648428555661399841477201743880618521920716951619320560094009389597802905954284860261937 -0.19086663636840812545396814707759292735543088604189401462478659970121392832633871640433284453954729394 0.035713767915666538085941299000781500148238486457749697359083772467681070577360696713709752874387136302
-0.01542245762270436026420483255531600487185481669098946258662680903092000568926403841979906800046438965 -0.066286429422591901189267580979330078266819106939282389515344637731813989223178262001858782640265306466 0.018373147718628039846342077149497860280840598239440927101881599814124580707068631002420257482242998614
-1.2535325811772584702114931110528136879791830289347638369190587588580790248829788479638914298621852742 0.84566913414904408683147335127595190643599236141918439322204855846220750039165139318593932079649706351 0.2692038630584424941150934072985155623951524747227084441658343990619434853827083157397269150908692097
-1.5043650135521874493935496650953247291713753782741851010492699902937449666583868482309212972683121826 -0.69248743961385617055025832054970098143094796973049077150439096779987445021030514137707440152344886109 0.25992423002012103492389631256858187779558758146198353375293091823639181562759742343939902469944051426
0.21530633955525416005754185969110719026315083214579901521830290892002551268211585110641847536370609159 -1.4159076523202805709295563517749454962947430302851745674272793934693132455767821431080767928788142004 0.32197516692369098866516120380657096005768170978250834466805301524840901316287685150963272510507888268
1.2615486584787399425801089517404757295715368258571194670113218619172595168937550500965479006746297618 0.21389752498741262134943307900674084419742148168146112480324891995086954472671727998429951195513358148 0.19859798846261617214452748731582168202883207863882590913492848846029660704275782840292111901525314955
0.067331391538624088597918815032665892055507513620801861847253739486563409119747841084617748054042387901 0.21491551879800333832114878203008167892322232143602238542138409171407158883072287964164508534434797361 0.33885274241060022801801674338008256292611339512405637249317058124948147952433943212108828432007653789
-0.33103374732441405674099071216980914913557699079219770436505251487585555529416272752769996593096806933 -0.2430515523492128528738981668887631384719610932132554017253781895276579951323848719756393095280083218 0.32881765677305648275349513655796406008983218628581542713109515754293735808267792077654125849364499699
1.0893789470512960795846003861961948896275895726561622499376642308421279061955002799116043894212245976 -0.72066060648629908250765261732073539378333908429302079983395985365804912468096688696190774106216193517 0.31315528252450590167211930656160320912892194652290812822276112003855280901808483994737795377192905852
-0.12736041201285146282820157647028337576209138338701883048237012752766544516119724423473369232845568831 0.30632948429823399064265366685491701392872259133179835001060653307223881183163216094911024264802514706 0.35901663242193538267651711885419173564714970479852306278325626858007757428108058576076205412695396167
-0.10034895988311941936973416102958494528683022222527511749123291291821717022822601009333021922203947458 0.42528207474452954697089430715153962704911561439829415621779471904707871515663730996468293822318709476 0.29064076319213332468668207312017022406756375078745135830685518009151549889610870646928778523524209825
0.37994581970220925021573463757363922983842881305659685408069534238083347266487138695326528976343220064 -1.0592250271975581198931002511202898426299851131777364642218378740909980589801527002575551192965893143 0.16838984389223574282781239065631345572740805235186329696651644448574281585987131426087949743150426963
0.5367809367110091334865232069646413130121414835047250090997959700128005393581895719199567635985766741 0.43427741738894584674700937102185412267319569165775553697838405504099077819544380102543538564830451807 0.35151620101405864744850214302349741034639913580413794156199200937857632633774496990750225198612219518
2.4828752925758372171968001427593274167610146523527172794201285638123050116501644901726716061223147326e-05 -0.0010736519269710590114497696983408710273527629306052015015328599225949844815747239116710176273849975309 0.17457169086393024543294045690256490915091039830765454279852422534602992600103510392719858478632117622
0.14198770732323171498179220887178830202860843476368356230671072814605505900018977383369172676057269902 0.11278479096653802842899565376174341025214157236816869079400548959554903927195911252222195379465170457 0.09975058712867621896985673539954898743341106698234040851966287191208775043202153159634900753177820625
-1.4587219403671051061701780629008099461149694297440322163048531565374272222459327420088817228998730617 1.2010034886886549228364754639872900201757552781781009225342331085713278512891924932720562548605496554 0.24008861005374686136074677963293796218311866040603526319496284668898309116187088763009004079685073318
1.2897843335101035828596060725782361241449335054862401129902698577728079582477892000217736836429565976 1.0460331660368624194476895376399114632419578476118253050582162081102891192914454388796950557484592365 0.085221095222427307564462103226573205391039259338438762468733748403767592292892945481052770217619370912
0.25685516391933610591513174904649609152855179589408585130034770463705346792647065198482850422801633674 -0.16299784806810193176377449733244030507157349762162948118041712102413141525001547678260625686386715482 0.34638392317751445645771001520702967618699557143853598989992821174573289094532468825418391815008422483
-0.98501978007441058845158895828867922935542719311219893420488297473695869485333741059177832898455249443 0.77539638214636608626290079205987518675828291184939805161743368470819463840855272881684235733136231716 0.20424446310079680114842681708974579214155138207739255455112498406629542237077178905304626406679789946
-1.2514498414960360991110795332126847601323653698812051073753997860762893869934509738696509387153080369 1.4893613262011380805190943495183694198546960284401187276735405262597368867590441590370888752805187686 0.27783168632161173767764679314126164791840549820606428623080603771180895868305668474212847796375332311
-1.6569843728636329315439880585983607052979172582339070582428095143373093454088171080731776567186854667 -0.84397812545215975414362308042936070197696100956990545437550640921530176978260053375253071721735574248 0.3305625084436955911181255563668191883720446322549565130856542399859615071973453543015137776642162261
0.80953754903275106447700321668942538181208366734856656034795312781192923214232857180357669033333149776 -1.1178410425869371960665846292979657166278851436070601506012195439146271308393134406100906640425574342 0.23228302914949849628336537037511259726697921743609513163182426875623708423693437021428040130353438798
0.21306377865781237127834862420248130515810654787584709781083826924709780844035836175881498075550731658 -0.062656080122056632274759705856254804148252355682865136444811579331751153793941052303491484593629628805 0.25820281161320160841544899295343215745939855661225773430929258240177952331028505146934564324074173419
-1.0761282570021203276541262937671698969433484108731496174998442906518252625263809093348125634009030736 0.20358250167880073471688209907040989268422450835321866074595809983309633355196809233259301015544195807 0.28750156952514650222137269662421522974929668225041591807188810168065869815467185218248438051531983719
-0.05792773072346386892018585697601951501436393200542193580811578638373453351163809378363907362521985967 0.12430060569742048084003921724095515494283709930803700280713862579061196288310327820818292287307498324 0.21837011761573095040301514564555788019161467793372695857740303514326051140188015081257059649511397809
