0.99545885910495859396425836705328226238310181781893667666758090484433919644216961469543757668458071779 -1.0094318116734325084697687586650658681225125427518424402185941128994012305087546863364868191043392357 0.24751157641110064724403781430602888142025595572270753641582630200864749260594439947823437330329778927
-0.47258282569337611711244659246444128351435208314604621697339835551172819084032400822760989005676051134 -0.55277537347096995519692368685746042589611706958889777417638683334762617028030659433053806901042584119 0.36436506208221344839895778370293306491469040061881954161867217029835648658946540140462486689460107136
1.7924286281551972930076085273134488031270372966674693853402520026569594067972328824233685914593286905 -0.51653366888937752084602055407716924293669505420916438804080928930381326656638603713669059693351887988 0.023825899375885928968386411082571883210827278958946274793880511992790207443074137299721130646863992303
0.2065109752786988313214565641900926058396777850716020621697722883486310746398435539268009901604122677 0.25199244289410764597082987994664663343535288218867126396959861477571632735885648217686958879610069608 0.27029439415786058794005079189601113901202696579117349119145927565666376952555691913391115508704050252
-1.8791148098807813768458576427137289973316408839583476508420040735790435219028147149765246546199745385 0.044405974317004891403151855246186312572071039011141128847008783682971742648307039874368794552480456163 0.34525948092046521086802085082567556374705786577171518193582479313135835333985845598763490780257292622
1.106293164135360045330767083279651072272386284967833832727676692117823913297707079718192924998287814 0.8262988526776685313995940261955655133875878189203478438471004870040370011444963146911244475870131644 0.014814187720101042227860535441589613175840941922998651854990888163268153349637166183337733192193681783
0.26672968576671886229628829296028587417457199696875163033149652045712070786759751372035346776687614782 -1.2926987225708591533030487914320593371656214913843584718082517441097010801190240743100235735541402322 0.35928863490285725205066993830858321675581088471962756761778569391411649043641746205595786079839397248
-0.71363821606420757876590174010471521472520630199207840336407450292432169606199618213336731353058573901 -0.72451018351550592654794622542263174355643859484715124075749905952474822893710471268354283806345519286 0.063177085817296088398212141315971896536398387431954988625684835560879675721976487700928893364465780245
0.30990821024254706178645180204844341481784286337155220997951484000929138452463112573305905440517235359 -0.87522551325312446364812752727389512091209596333506984371422709216189207350674884569039103766337655247 0.0062106475161194744368228612032885013889549768389251112988939522559530957666469386374009388703471041705
-0.0780208988237910573369679858434263025545947349274962145016544205476273206755377651633293408819574911 -0.090015726012849910634412209432037547625248923580045531765698227317048452945858045446655900531024581557 0.30997225866965798375155335324012237629556443032355368700336857029954748478480837626492048955514123817
-0.42238499028765707255780058774637572335634679723086578521862567701986035387460831722298453067850379279 0.60112046587191609362647868267684753311994905712730217597992219320663690044001101870497502871783005036 0.29502963038380067166836679359583751975555676692556331839531323113236306036729802440007859191314031542
-0.056980960352303066826814925624270196756912520387774848847936643938032343170033043149682942233931361192 -0.64389185983032403969591117891548547394750003763945429010567319953428778283723761296705741021020521376 0.37607436323976611507165113723091093078401274027853848726916370679067017889441476528212241156717907951
-0.13006739615301000699601184313082951208950217407387466643814534124730311708218246034216540200750242512 -0.052553496484238611648301559616798292703470642585469744767704262342906390230778967348628005255419686782 0.19659104671285664454672119882196174752693917334931585819040791572814288893042251614029144141959706261
-1.2247435371205984837005637293011533725173853990633517674676100012411381032334553200187300181738226832 -0.34294016448406962988096060820183651812848591686872122074036877031698121648693551476446906617161674362 0.13748595434208785668592321904613556278481643293593531467443989435709610399515969660763336845197080917
-0.98062745315295260666094834837174697859671102404148515566632899632639793026256975883262869460648825588 0.20690003614351634336582870612353401566163148828225034347615027523530763677352865761038007911726369627 0.39887176544594094430161730216889151126601193767287398841882558746850973240913070381822636235928332913
0.98746969535636758249862474966020121342834544091878515182593150414141960498949248311449562946126464981 0.13416207700455960892012737407470586580307790848001143814958016723424224044721615466782080079550585253 0.021262108509369931796869458019389713638317251325941608390576561428120779873715669316961648476737999186
-0.26986079358553331242665089125963079621436345528544089552708315303869445783937264477228671510737842748 0.039059226000383435922229196213123060378857626303050039192141855324128335303817450270720065471397300194 0.29350575643315027242819116068162532396204148959765682602482628187779567669678423736221480207208451247
-0.32409098089037418736065521909207923973371257977107989033569967958633273355715997040564019878338247503 -0.88788488789102971583213776799479655210640276994936069373004697878580284278033686656667939470577658342 0.12502464309565582251028666068464924023328365915900626788692793450677921600086741823707997518321816702
-1.5271980380612320929189798860825665392116024252091295077353766441640502615474944142735962462490974376 0.73261383727198688572546156851615385782599837353716991363699295582601701406136506201173166510087685139 0.36997063185864832390152381742985242612190033872104065381898304581567596637549939977741086611380838427
0.84346707280292897240417883021856359129983926314809805069931211160996618931510838590660006922946828326 -0.41121251812333469603495308768004125301291676450739310028979028145890393601669836405943453274767430975 0.22835074033379191820785467070353579268888164708818442156540579434062679811286953833088566628435225569
1.2663828289916580473223841126207899384842677426858896556192106554130117768730507053518809072136296435 -1.1868496497195672445414284074598315095021697631841097601957475036545969785205177146676256467608485236 0.13541307113319988888366766173136450791982096353262648645718097972082632217402586934247447832274296074
-1.7335300844258225478290225187076755662169220100163646928426555244903890639251718888298122988465979601 0.49775259782908458720197831407104484220153301957477051786485902015334176584199913263933007496436287802 0.17594032643361795057489764464339314092129876451061084408192368284722028770250078191844265711386028667
0.045553287878598446878681868616303050185198254716857671526771776819959127526485074707726267013301040717 0.23485257473212190004273626378787380654970354937563132394189253170981936469054445850749821267843659352 0.16878512238511309251359108894340265936844623184886875953613844020112215340058300101854339005084334285
-0.010724189623838318744177920607269368330974352833993231156735730414941503316328715196449541889527376589 0.38899486876132863284083272631595599597937999139804819913778180986077240194281695164699240641743188066 0.4005079642392207391718575058783435606137680743282618538363236679836107165381310231206769463185761694
1.1905304781454774059822232161366251500287524189884101603267946728021779154785346541558954878962782094 1.2838415753813866425608865272035665176749732594078534116094089402173014219353014571670474148053750759 0.035515843195727654423484550516646496374726652070336079725072809358179628144764384494004705628333412311
-1.3433122078910714560410839896124761944107369043976228327181003771540232925418223969658784995250983865 0.12145499632679910352756351217735549478677368640481186979468074610657202243848145393572924363358675967 0.39761566243721088764315653109495674919188564426765472280014411372174120945287753772495375141883656803
-0.35776391072996834120489474844126733554788782154390989100407099771937662622714323964814513981956810355 1.4905464172952343814281920941986564363949722176457424338746800741333606039760116950319860319167977856 0.022697387461911076200955522877472043270999449861154713093872053136281616065343666103094836832815303402
-1.1779809198118254099553340811503019136556592896992198356244872701439954406582120982174467791578098875 0.35768643828821262021932596663989438827145350499793846687675313097085604391936620515228857651319235706 0.28214712523913488630625013226207624009546355170345052788772249027509006041549404446727883807160527658
-0.45804612720771426826544204619334305110547436282241134769415970959978159884144457087289842528641581873 -1.2027162888054282846646171543378760791221893269250577253264556807338905910166799529639864308726749531 0.079921760324195800943121011723502275477989570449992345058888086437445617520350620602021286573447780431
0.57132102273414134606891699785183916101025410810230192660652049874000611819485762365689626209768034501 0.17798286289265999795032908513682482535002151591069749323223978242020749239281877013722745489385372934 0.34332215874309444435806392917999641813748143778364262231241440354563318294270548780387942600215876308
