-0.35980785965167696277694912902857837169405975571991163478186500179571264550179208821211011611175431741 -0.61339437288302438205272651194464858630906968550991783167149172928702738243949955355193339995441028279 0.41695126732866223923224407977588367752739514037279676504560938888401617791274881895301708242236699758
-0.32022140645300266115987951139128417074794732177589920919503696648049705087679725197171892776225745498 -1.2066174031602916901203383874485734686970772538413576603649404870281160690749978990004936189042158057 0.33248411843598065077218395133273777282533665563178204403087545537114675514151181195304591540129232097
1.136515488250640236675673408692808113869340389264145635311095503813926087222966004885576910305228934 0.47749804305739310762750932289072477106438884476424300497689276066047243624334596759373483639021032381 0.18199664497920003016431925839277851964669627211752930681515365693319996966135611338980262878036424864
0.16835280013406748635144908057427572481859338694407466882266047546723067270444505827920201353322764892 -0.36131150265726457286225734014755779284398936583580942708757044690601462488153038461666834141824033597 0.36665474604408968742391788643420929485211158819483301545306109233065450686440878394820362218433801028
-0.42631610274822683169320120992511495613824693779172297951337610600550866018448753594113788895635124695 1.2599424933037532809085248929043662243912616913099459990880999406058156085205701762819585630426368087 0.0005349410825167700997099199503020772455019362944500220994958757659517805271487727505464478410096893999
-0.51045355817658047945568737064116184346494211954796986573534162655087830165831866629753433581019222315 -0.03649224574109972418590754331808538647328448335338178441158029149088810764637788373867522379894180768 0.082312366302814266898704725685753750560078430316807595986824065535517016185077828074536162173238596144
1.0241486605278105108742119627060179612764598184161144122380427948764377599962006070183391446865011704 0.25018914458546257383759296272974618704937795541853656701527803800283295306847776420844658462237651854 0.18797756119145618862832504328537015643323863869251660854490762785549352179604099203826300283035827878
-0.12190909167790741463288188471412607319264669675921563287014665688221285633904636463461532401173603493 0.87251351700511909737402702190363310906397987789737079421446444001873480990389483299015793845930236545 0.19328120387196012661165613382930621748765036315469676355533290912816641008182128647732355512027709217
-1.3033763866690270449818830407384825982885618940000076174749878783895175848056780167027101050402783483 -0.75318373117028888067029308228351715638935700040048602657064556752883112754939209335042537924903739594 0.34868430612940245593921893023108881267062844055563851365790856172710079109037622579124069234445149782
0.20911090694220316912451454524084802358466289467809646654018010073332996960328840638301686503234245382 0.011395150181228447599662092558536612936889764098950512702883028446041324403484585040434623577329152145 0.064717203123273143118644216844713206209792609655059289622892435086451164193941840192116738190668286157
-0.3805652667778281319232461895004990577483338380975114902002616376827254734160828438978196905608913781 -0.29946196871340243400994607985088150764360636734488140489207860580779104464639339017330534138729507072 0.21820231568632920329119818978104651793684043780422590247170016521629100071839149551518540190179961862
-0.3250728414268236423289261770911133055519877352878309131099940812677386718042016528484508698656510628 -0.99020544717161560443556681501617854194635378024764315529602058604092707689913367854008877974604508927 0.24970524745067366442968257063097263646142797773571983236471383145695305388328054201245247016294474739
-1.4620138179680309840697055441867047505723090895733329183443357562033924119615643762876275543021472921 -0.8809983877511128153435456718787547979561143561559102321628756795462606874336606224382903205483562352 0.18261157845194568350878642798982976131052347153766477064854779950681939340998939245232838203984544413
-0.1563002239686942199389664651643980609373625108823174957691349788638032620785641848907648411371093253 -0.022156276687191741324470351839633357774709989295196248449978628091329088384517521132975884410719846695 0.27697364545356436811307976967978658235776810867982379877380361804641636051257392965619091374908775707
0.48338047186776900309566399380475753783562845104368780420806167025087303901410065181668831328682230659 -1.8161205614196811370566547651646067718132910033264696111382977518981748772275849400651905332288247735 0.10245568146836084840712874077111975318141653315286099018787530248563973011137625728567167222197019746
1.2473771308662651736042281584772673770111666724865619974595127547716537559691785262329070195387964562 1.4841551003181324566952572500216989787167993913468456759510182044507146697483796252444431518438880313 0.022653755575432421521189356609140079706392236791710586175801487424857176519966418051178010217408892516
1.4488292697219279675654821487870736220827352976406779002534817028812638769270020762363216405473240232 0.74394956273721122121895007585300775117215385826778260517826093722247041114774518386159896670880597408 0.2088463261224458369394745583085315949081046758538466750113842746904538293395941472342013582532980803
-1.5422263004532279319030936655069255069452413122257570419630460853772390054201510701472594387119481524 0.62057100686197094897915730419114524806373701717724204173770626890993178089934973270231031772124496165 0.2197216557682417329732387986559108864451590943453519249053194668273399070262231996112722695605267206
-0.32820616071313987807152251340114886793393289510568829345194396519938792670678327644933556541301177956 -1.024922344827684745643276295471738314166352893429997875809297459032861857956638996905093973608339138 0.28008182069471959722909014823038362922013951479679931724389297214410126280881927474883895978456679131
0.95747104233142534674134361099391701642377590054205628646007812590133714464742867476161436643137921704 1.7239240253307411851747300914842831222664579987963568769220097407561473088275213259628133113726065451 0.27968675883832597157893331120800112272609677867235508655254594674554643385240269802090002465588032762
-0.028183878451156085862236444168397080724535579053739505946830389880653173859046304083175126881676124898 0.037997192566142470437947053483487113524687015659092086313401478751289158550927058437550774635915687141 0.34629944050788316810029442640171547162027566408700412459978084610983979001520123664017177271238538033
0.81034197531175166337255487918642698945612246873090144555497130752768919742799339682061005874863303649 -0.48858959182049010848320908517095574033465987342945071008789794040976177140902236435045521752738037362 0.37774555467591342859456071746483609089475804925228678949976996735505754505119455047096477131650620129
-0.36900734610056337585170878417097757907907302249962480081656160953561746154865231332677901663025093538 1.920360781841026533458881117465773348439260816990531718868342204568031143482901001023687352198698155 0.19559755491932614180987387243360273216445293949624466087875883513505649657765077952115227198150979944
-0.031883143627402880259483653009538842019781014461128038484933348402669310676577162574274137526363712081 0.17335486571639385977658880680531882157557945997308447936225877658464662352039451673011211240804931885 0.017285477196454036587599222195343096360888438108168179511237914894374721792041387484844217036026822467
0.41596780532696313001062938787665506318859101543220429504601813409817339146624422087560361928774267055 0.40647634049768377673420407352712859503832185818141703807892612722987745522209979753826202901051669563 0.39033517934425714452343183347005019366634188792000477622857019434750609452171930476065678865926301382
0.80601217305943801141536190106756322615102388768517187379197087669934768654717556834767681566972809409 -0.34627250396714551566562406552475940192288517587550677309697576665057048392505922792824261986591218705 0.13835341682650305187313253245722218840104589852105604224694112760760385986017293573134017763097690646
0.31886845963615669633745766942023842513116211271925985908558247839168194922216768133732632535033352827 0.068351278178785966638285719942714244844629668523190799157451131089716090500336703658537301750629552789 0.21795577345875566762881485451411673315658544207143201522846759203614813932661350722799380115432638419
0.98625986627880683952853892261904474044663271230921224175539329717266723943632635273761573273174171714 0.059082208947397496435547615192641318371039455700953011104028307725210874602718130056244272502397038901 0.3059120575209670806951213196400216637344314233171380841606545121257491665386351284814751357810571915
1.2747628998538138563668838115641378306325859276236105738863177242177227349003764886618893422704262307 1.0069332062571874495461214285316097981911730399280938311925429826337298217778429742212224826735054204 0.14205216524015772580649184853137304545863686752543522839492744562199802541097947076096188997995599749
0.48243421810667972247766129084192475665002651506101299029787122011252966595160617054576006060355825827 0.87894351331318377184174566389189634471010307955953220556347339178720551320909776937318021685969128094 0.35387848937161379070023707937718418760421955307334824680808763202063342387690348420250074613282457616
