0.045991609201955961409931341488949118824281641809753628378803523253942002787567962534161182358986784715 -1.6578642793068125787280774683838055876519193330096201424559809152338657081264050394154809152391345842 0.081806599610991982166322366878624433921001346632569897175457983424975013013986514274676522001078563516
1.1205728506579524861601463363381475506394859061724992389381262932896323790585557152291890735665985201 0.73776485384065806667437645855008592097972358613366845007002212353960791403500603430909788277584203779 0.24596468093960784175625644235998479961509397783526912885649348227403110992485293457428348174596673302
-1.1364293904963614481718833945396746829162754239876138802194684783250121582841769459688169702925358777 0.95507296703422696995428748635923385817541004744727852736340446614585078163778235503509623871761757528 0.22677964834258541067532447213150224859648413167095936731677857020421365563080873474141820115965812114
0.061831265408798404256462479807981534697320654544257849325787594535827286374238610387837204401892192547 -0.68999942399928804388963900158067641120442950258041956099883114386434758735035604424178603142712198732 0.28897238363241124667666759482123730203284535541301513380512821725819536115271656459314543486270443866
-0.89336153839638321156046135150214537783600444557193868757510995126669776860671384075281830805778272281 0.31650994199802018225567511005267644509622081559173618945195070954130642718486924471770937304481430343 0.093266276726295492287937406708835148569481958265270610468483612512434709755793904535007604849900525694
-0.35883659095768015351398374134416817874955932501844952765865726670521760872099613775972491976770472512 0.22777371328312401274065768485513757360677036475937446171130669839879376471657284205243785633666966785 0.14223913214706187237163974575556440775520372788482318857338063612517434995553937891954635111691303926
0.81320480721653298505337790238111040385946367969045447530098926282597482698651579929506988013049170583 -1.0616139434807302274332876566297747886620400912623553856134679965810740001648503415265600017058591479 0.41253726473151220573019807189893818625828939159230361162013815266455759210816073213526936291816747177
0.96639858906360885770201490611225165120150281318658171336604477947770008922673206178180345983124620073 0.97704997780973856242232481971216918924235837980662377593304138902176640386669636412662764693851598758 0.32037854723361781595322234897944907932500462402321852364504291029111618007962178219423384831883705008
-0.064305678454014802602444227072512713703686924127320566715875026806992025491436190995024709556732399431 -0.054539017567901277265690405446395686425531735165161314959691211001800692762143958077690038738785075413 0.20565285524731690510716140008238329841775825355618050458831653083638586864435693242171379550583345726
1.2512352223475280715519631096008529252428667786680646694257509004109787357483911537247193067264826917 -0.045076063900714795112902077977885703521060106689173133585295708447528180805921152542886974357991779146 0.38642544588495401650273403545163099551778979208445865665020277020553065762993322158669799922354267922
-0.027905401666740802535632777981426980746185623019171083862190640367018289204908340981128997266673199741 -0.059708398236741720788014497034824248216537960469489502268502760976234545089416602499790631053301632127 0.33195199694732036145225500873799446365633173143370833726927102173141023269007023133516175327693611959
-0.25366102416545413041393293017777138930652592137625384653220026756321854038301939295536888243483239249 -0.73055945164540272660576840133494240223442485948853168080559329351358855091759702679572418495292174833 0.27185661049737446532641187314078500528991384058637165609948932997574111763251286182285635534425177886
1.5385116481412789792528482428071585744562708686975843551336273171534252421884835869987507781129773853 -0.58157833114160413416993101841476242420540015127505068370514859560406126970516488651315410615961276116 0.21007380911484863529469434801366092358682434373436892984696960809781902381750631304110375374933505607
1.2120257663682516308367903726834286868837392626040252638031744543607332307650121889619703580581526654 1.3605939625211150884453395821439169664224390052303144796892790876358958836181665628972394449750372889 0.32299820926890259516751769154359082841808541135207007551566625494342654289036257262313598891147815747
-0.055172384165023381169225654610055670291484817070177399030455383824689558477561701385827545092788350697 -0.012230718326331698580093850633690031187337005646784930997325416903536037717794889186604529999617429154 0.27694209280499905624508786031607205116391165452021083851853542658247166678171629309286273292924546874
-0.43906438784198378165906508981588792260573825811666866686794198504598187891178726671073541670467088818 0.067851187413742869639414864136752932579209183014078290587567879972343731345727009054406485785984289216 0.33865438003989787420950673062609632368153430516099916745949229423103594692392990466326559505428043149
0.11271015608643031221274650428724121926787936333172553643106580342584362440782783084766249726241293965 -0.098909923138269300881320146646700461929026187119748203773016218662426853309227491496525725515672448475 0.20373701980457791687287491216811114453825483121400231433762730821952515527081833106366705460464312442
0.46780776278602769471340382118858810467889642301845006827415855764351604440359373972628873277069327865 -0.54078372688414485949354731638341901818237619003130490430016581753760619184613098817198363894611121913 0.29051574306741154569879312229402813216270814205050299469234823342816367083473957939448849832271232672
-0.43662400518096968160074630306100069684124095534936510768867853846985313231778323148280344989762023696 1.5916915064758953860240062428960599209626544205713270905497017279359283874185249801080010636414700607 0.2880276470423180061360193984806344230367788188254067694967462083460260709251081044779664455101594284
-0.0042105182492972755013802286599729579255178660944133482596410986457573284513174379817954880689671715153 -0.024038968136908758277734613939745948304958188309982932450917328612523920700922755059541664318893642437 0.10507106758870594744473781233908656692780651248709916635762675467463045023923753985411357586950049487
0.081638889889882281557745355401451775070112498038475740947601083776782044574236936001724298919189742215 -0.053287518139169824653903328310619372272064458533387162483130530753558884243561613110482776576082833258 0.37202565057138507747602365116202166972738103314304039603733477641484189134099862847499949252988503677
-0.11733724771504396402784372500267757417774022649679413283567197358811464106241032394938126569517373849 0.0067625822791423179827721854235893952422266494023849159598449755553014595094591223020895854736858227015 0.30358683374216712341291433720715418732645220139384004795477110893180745784238867918043260122197960768
0.055194085459304883525511054290617080431959049046720182278535071372183987383718168863462809990069730151 -0.74187433865542810962655412203768200486365133961068667327428597875710367503075084237075484821227036736 0.18551206430716640200054003403211252298788405024369577403467349109816501926774846970424229838348569143
-0.15760558517273592199393956227583577162413770391698187574415669381716183592819836978483706922523658433 -0.098568186787883784607552608189490892886315012734490537248367793297266039788609002246282375285768359013 0.24958527697281883599273762556448588545655965758187767295804863337440057027007249112094159079892847958
0.013616337516453628749091153036546981306429342375237324227428616057851667065979765454680587884948896641 -0.63486181917251358627506945787813180130495404132616585366945555772775484195896667541457934400872770477 0.34963795787007901167617442491774842902484291416709682895110408839563464860475169062018515365046719089
1.1459700387270931189954204968364453511971767345007683778208569515211431733914760209035339634919779954 -1.4589701489378819186450440706896681884333183172602725864067505036146245167364320083123530375510206806 0.16478712328166382688579807803061979545666272861385780662591975337504290709397985705444231284873593385
0.82612428911737085685685085164975754795558964680965352264494343244979166913829951980179367341289841965 -1.6296101183662764479738938634577577158886022174926261431705142716370959290260705312983830390688845083 0.26442684382896134157787376743580876344094432783419202684517087981213180153771426557031321839000932312
-0.51978981716517513507751535608276793980565558012862993007236263424333503996596260762199003609680975212 1.1154666280480133939461457993349567718266194235330527289106749113350954865256051208699602351696942731 0.13166850319267617408569274109777650970696512317203818899503403008730961607475280412691376887633584525
0.57397861754795233584091850955503501060991666384267214877017920726124701922650600699397430750466232112 -0.23254972738388056671927343794222643756542952901184828997287868564427695917338315485500824373691404531 0.32946034408277368935554291484672913832152086363559050059835177611571847486487839151075872084974763299
-0.23133420923450381615667233155029857357390295266092705062702312950452202983380344343540779324858050207 -0.62431458673072762507178506683043420749525465376380236988644172572539922729235663457536363363409505844 0.048050307054626474652580395199538455187172258395651811850614830429490005420832310972564239400864056658
