-1.2014452381922243515121988507200430455854266953725990990204621072758458399007044732081461489961132736 1.5588125120488116525164568415819278806828740813298883999501567189826695673223808235739626999972312262 0.35291535155397783654550388865519678624714628202201926130676267955926239817653908128778431034963389169
0.66412990259530485055996242147473618615275774906626723351908062818088499729372070191146597217577671576 -1.8656869260808277909071637041997318196220551183264359542842481764630416363209877065702578954486996844 0.3365446280706893717056613955123258867575592887995234035642512847734627064380785638733992202157572856
0.12783269726814993784150224452883289249067690144631921833915330948878216945265847167930860020060118012 -0.052504261016521885626210982355558642902590514346889029399326948253694797147654209926742238912952162837 0.35952244287129243426998973300500781082914818901450453416373145764313684736941914677429030602064716216
0.66265404008689390071037943607620054017022201582580777979729988116062107532079243407994824481571781827 0.0088008011916105854544008080693607979004089603346792102057747033357922999701742465400625611098108571253 0.38718680586479879090485569770271911200443888483891789880591473337708488209784498643890770909694729443
-0.47492111239202129373072326820516949904291961188548571468567710164900809041622485916506050163480219071 -0.81822623494145999653664926708176911759468526382347780553258171976076382934094516834553531789717048929 0.35915791741661323235358646034459280525219767841930816439814384970188099751367816031191827436492431455
-1.5166511249939353993875942275420257158928725436298960337735164518400524911543221864063153950433650393 1.2045251686073603776360734316248180637278105949130365987371764390304746556503204777880286293215309447 0.19818990440710075726428732442456601988588106163998775678813681916472526753587458791802095340434215336
0.61056525247828666337371570112209713434328073421396415078363818152841596960579302820226343738345460815 0.83789381632656866821620596636667166413518024093576113526528783064561991788421263662449924308512614814 0.31472137256178208763869394204876741485621595673232352985802113871851178719195411890874116507292691123
1.3884140988168486695397288137800897925510534655808123532011937062436700887440818600913393922053010239 -1.0895714729869684052601503709222712841985780287888184319111264552407138110648549422238929798546505654 0.06664572102273386326928641735816082722056882020595807911989821887824888184039258014721066109029462766
-0.01962847443664336537861992806699909610989570481759829180512564248366285384144974108880220734423171143 -1.0070868913844408427863769841145122192262088085310153831466703763990204623741807918748142263367086558 0.28385507465509096925576416225209791101843273339735367830726378175738110831215628441111516584628230051
0.71613306276417908497021725067568316045734783663995422750175327434262403829467164317383943263876056529 0.58629126529774708415889497217322464101759725125384595509729682831409856833837085977987216591381456473 0.17209035029507805395832130684557754109980559123588725376634343419378346760696299957668399432294920483
-0.20766944435042696693933678351126895051285853995861327793213121292038386910827894881843923916030165342 1.6282992976426977561603693866059728824264444056043463690489242041376865127313259857284988785722578971 0.22835485663946955988631159737962385039678234199731148919969506193359222208985066609983662119146925058
-0.76817828813885579915417550239972042308442829094502736193283332688661886012559705692174589825733515006 -1.2746813263231954775628932186169254676844756894115648793373225551615848280869202790069459845358669956 0.25092865807735093516831377314710637798974382316866149905762570237542090098955444287765856511534274267
1.2120497177171887158479901827776356530647628336726178788495235627584290939234937230150394087281539622 1.541892378150020391622029063113481577339442261041455915003393631619686564056795197509137578871379296 0.046063398240948898531938590479527696928157769202085665405879092847717529858443440641081796628286656342
-0.60865223014548893175541528660412182457096858300549668591832086837704555568140697717972497925307486255 -1.8032925118719090770784253686710110328121082617915358947827891113666675179183896857129010635929927905 0.39648158807792619719261043448742628075192168139187690333644883457497354506931205402998235230522677746
-1.0333840197849501264726122295098388515572265697010127131822024133567779662823227249908014764617848497 -0.55215329597904206958254780630132015013087390577702351210413011278943469073933621888579198233441474773 0.00077010356208901801679758788110728238480915836373386667524252722409154043239702339329645004018585541291
-0.18764653691060968149559358939900270890725710614149494474263917483816901078336369090776973487905675094 0.59629085502029642095893989161700696555503864689113043126114577609746026965844977622554103515001880499 0.05355662469599151362063646276713395536480277907508103262508534486543593647913865132424113156445544476
1.54303599788836455671761648899842888980820012171764776802128109453778828425314729666340339832957695 -1.2552599666785668448159217188563982779857213727294904357116906787553976150335881402838844129919871997 0.27079438994854179359125444107419842888442844116962071644790407038166442147236682494582689841530780365
-0.11368115411493290560384958881900190500922475767843004237527007379007432763789020163248109900149209082 0.024750126846320892401164446193414567555636440525047266853616683709983576519282954245720423002166776785 0.150592928999575175651195005076964461489068030694861775261584025862947200527965130876162870021557062
-1.0809050046628242294295911307783103549295295460594406711785778952135699333227945124994396251954069993 0.66206580273837326996577678455934471182566741336276680566221220382624634670680941515431424397058823295 0.20601495007414762070873087393475423893142821510448167426853110900052922062681247599794244397985778299
0.35616091658482762267403243076711793174457580004788959952340345922096281751142277677960234528839878363 0.81305530441938671163756741133980882142792026640881498402840809346505710391430351115492830842779851278 0.40526191308189373726925351911059403575707131015787191754387770616900222373915811195821836943810667652
0.094072775335156577174603462638459829643048829363009798281121253226280148232042422038548009325941713074 0.084076734259531295557459430759506024280398131708968848792989299208774632562872953351022194961568325426 0.042375131765615561153099752074946377840903350934760236370733489583116596603771845708824091990178132928
-1.6940088687671011870871261310817201940528856882402304112767843790623022950682860121581117508394869324 0.024549948968103647429877955974210251584538057392848636139774350351226432239406912969822984327163887403 0.052740686714663965883407884787941523841635074107771647946616395003217818380798547826819241004296687592
0.47119457432775913764099403458558001897171242232527432564218272441709127152005497664427341033362614136 0.21458091028247403143397252433415236055896321392219818729773749874088891358513912490995499125678228662 0.27523911387208913184119771330036652053002924082598737869324758842635001917613231316617593440047025177
0.16689480448606650244066550749638523172126662747880857508338069676629452150132927163683280454697469263 0.094105784818516536510080396812025584326599225745132546804570766747926031903277169618589044642404236017 0.39581952503692380992606172583909243096744236094560662531338941589490466708745216499429361865177866433
-1.7717131098800174647243058047554470736310258935771110497980987037451481684674810763677925209142658918 0.45250248076381451207889305446826153646558347029358937364695709980161587455578112764919498406198066774 0.19747196449555733736716766534746926130854975376266451401748037613471087858051444033937423812674898824
0.19660906736160092881269409078350730786180184738595481281208078467329770840701576727824075774595293815 -0.16678420986785720468079530538728615987568913637270447256985796003529878372593360877679864521150771801 0.080596582374261215918552401437405476666482275775934576157603520329728733265669815383059703184671285878
1.3833278737624401358794311081339624456931849250014871049307282346648469520866239330815706622398189715 0.48283388413005233203662875475935840263537815183714806394548046378714871428660443993107923760122238903 0.083588084734781688072601169715781152643228912222229718926047758224890180072069307041182700263415458103
-1.1769297776117828249883582309592125437642369016787593703731882028143073015068025773752966544744056636 1.2595885492797153672465464849257921932817951725896577222338578832595774301297966713918550923753086171 0.23076790033856150713764015198323023298469468659563544998235469641125999083671010497513615576128358752
1.2846386236434882104161274953607359379255843519894449037562371368384074511689317376924356896593714031 0.83817809161751923728754249893556274079164047526922694074241747747927098911692800021711679659944900816 0.39467187349199824193964790286484238366129541996681755734771954246799068016952501685785411088589776318
0.28231166313290846898414676629191995805493239578290760738698438651463356633811446464750422824337551492 1.8380157034694273448328979353207474968783433996532048471149184554454045987871470538705035488375922995 0.020236418174348620005307931942034843559518476644675414876136649238254500267650309084167563759398526705
