0.12563762490053985099334223007202885759840172858548335546585931461527494358052547503418498581167102453 -0.21002805510288525337482782166295254802520888922516912945521856658333193567050076962116931721456436136 0.29328169640453058310920459471324439799324826275816392050281272120187980103199029566838965598698179673
-1.3311157290450113829668339895497743711331437094049130577539247582401883244474839148147448444115221176 1.4580328110632054562965875006014450010516876158104960519268247131950225993453264147494620831832257829 0.23947868795246753493488419651284095549369787269795459506185116460888426485536324936284163562836248498
-1.2695418048899996066952716737645235672064394271699394323640222135443982924210835626223573256487909645 0.58611626623048813097510370130008255110671257492656626945223448603196461375320168930658232120248792741 0.019803387161395629379629807284962934527021503993930835915008783997713148493590617981046306881020166551
1.0716418645969981201583902947925426139731226146408572874876042803511654337239322076518304544582242631 -0.23778053178921900873883546102169808588789475357575700655491131422884063462527256997717971773095604445 0.30642606347465867227463212872765252035235800380420178777684143880286495211044423976927998248694065315
-0.0038669047263086170157095870614140860501447615036622965210589568369206817567003860919623794536676312335 -0.19338761291021085181427006287229766209166148588108784300013029608553866482832274655461939431162090021 0.27084850007433062643348561443891810932159095956910242221078313750183281035058730020512811304179312968
-1.9180754077596131861792619119072857086408198824332623449865636484475008994773623078422050590329664617 0.18912834703394644413538078571818396261170344151194371449665249164423831658785125606309937511511068844 0.28598266026691427751615938529486988373815795902914849063702094291535137923552253639326366955765351386
-0.37267296833540357992702998033776033093959705527885274810960653361045166927510540792563597628439586899 -0.18185139147426610659081025711822440301139515520337461560053745468486687327947294297099721079459094331 0.34480780423014200961130347610651711249732330488752612766630322409823290679140425128884044949329704319
0.10415144898875616459463341750471247002602703097262802443640464157267071371820494319525014026482345436 -0.92547250484397166170142461509985787568022823099379523169431040973179431525173133102512834881086729996 0.40389810885269545878839615762647242248145996323599247320229403983344820331243576583709865229408471721
-0.30425967796623693358871110218083661414258226037378735083821299325779318165222575589920762425854034536 -0.94869407533567987877233551751077904914553192097567981166655377062881724029285914251469658108171753429 0.027640750619772530062420149972396873960851757941073317511510056728058398796981082212252629482020286121
0.54214070904765102935732758161347437164819761909733622594393348673385077781605568679667563086582866761 -0.64409684443425124084989651204942915068909782085566417709321261669486105067422200089450459235129041853 0.37191714099826424216464674041988860531804884132777717179753403342671294655348336272098762699972404866
0.56797639118887027630788474543777880400574057211312526904580904774558204201440314904162310667436117453 -1.8995215495230882449877528164626042399257082358464360162459418460565335339591618692082825086025895379 0.060950106939202734464204675254364409513238406721905774948844487762769600083476549329814106247894601412
-0.32662295601344682971940512565828516964712889991762721652507843371670700410378688840878475338583763994 0.94460101936610232325237852771128424299167175878164250648718309766109168723724598505086073311252136514 0.075652402524968508632504697591381606248612607925308255930466499403033611002029733513816534157773240966
1.0760262203510222401265571273127190915122757619549018857935502093854424474969826681135696361269114624 -0.65638374071676194492401302038710385832122802310181932877988666959792258646853410689388475801657061945 0.22544329187496487788799333755292168257990201914167098800823680916330760140133505480363675064684579596
-0.24644121218006634214924315233148173580375617702580336410045782943243811142425501181479100243499109424 -0.16060000090506588277371013760786557930576070490781834882569570494888196075202660528591403249535208278 0.099021115994540675348439606320852228655474262756005186296034572391227690443138907960638075074188810037
0.35290565049527484520057710409752667813299629103013605410331433515312204684731937645523845355438468014 -0.37060268396408386063982520070440547633540167181081119413541669089167259410871361522350633631680577495 0.25911104262727613397886663438749379860400661106273212482891935822088970210323687018736986280966715401
0.098503662584864571271308033985984467061769282678392529615368894929332205366394180921381234280788315051 1.5548559367379575928277823273312304653560138422452848113822959681492898152693301353246510055738233741 0.33048375101382059031376080275437042213883157511253784583966934137002934046475286404660830251748629673
-0.0091114111078686447791558100303916325052417361550332435641832035223158062021299750894044033943389893754 -0.12337800270818004391085413358290676508811557560068572016521808721041880644498404979644320756499301937 0.40239622308078559904649556297136270082514637105649138990282536366526806183300030334608712945506983895
0.45685207567257047817742097389965169212961520966523250302595023695990826155044579804794150252142141462 -1.9174758908272496884789788626417396191106976102120966321892813454722223257128496873368380912776539981 0.36092216191036644940531513693515400289176465774962926525902935620662095798396591992773750268128954893
0.8716750742010589687503115848567448369086131764343705211438692496377665458840052841219855465767889282 1.6390485973403308493844039728071022771132421879447455721047974049127705534444280482866175712142440981 0.32774228645230925875751882811324219548409853200493276342942476194088346752811475766165142378133003404
-0.96365327741228176063347245948037519929140329407015860467106624112096025506893209452395626369714027012 0.3668031617057803738418266935578736341419786073272129696943592235445878499445831949498564061324846512 0.10005644304803630572656347470624902773774483322450259460999825067670159165138282102045134994974967057
0.15085536785159496571094148365841646421630589737546476762437481197302478721070683845062559411857755922 1.6210020001417510113006920471213900980596313025160333970734508957653397155686764221536126400199396316 0.37708471250843566364477866867181762741218332408110285901633573780195915102030477902422551967853906526
-0.19116666498959599152026271088594441388610121052306645552412586585526722673640125473525844073285182316 0.89402738928785258066974588621144618103875565709933787107524626704680304772957353727014951058375107615 0.14239932939223643626458745105998420394804629807553247648973658287322351256228844539083207230838810759
-0.10010469413921949718785961430193984049509690126521373787492202252171502629068323272820563537019657394 -0.25132581154605721783361513161169000788680852770398065652251416630099038235603826709479244800428640239 0.30659650945998940412560317568814160573927335481721103064479164078226441629915090283009935825055641556
-0.52582002093852751899938507439520130796660700461067198242214215448491832912632237745866341555982260147 -0.19702520667308584717826708815167173210367242611724712428872156915287089181851324879595714780428017707 0.005204488555743586946794621555253610907090559891128961820780609790800070622780344036384945699259624611
0.14244770688448455042681170255834582199528613415138957612314598195040102410285451030651615521785575193 0.057335382730101936827030192468380399399781012236655967863277962997680579614877918841328081120117886406 0.046622213422667606784196811342920345314978147577491412157772182230510688528885401233477772897511957048
0.6790591386335698136750127716425839851533723069011270647835914083457643552821781827347943360478433374 -0.2240214258723588487437946449055359100293991587429987013312302731400508957385324194720661551626760959 0.2504405584586729268474615860863172040204898615660009977922479767990728537634615070749747028158347297
0.56722273550893570161530695580063389905661318088171223097257207533789948084855844566564577687917108473 -0.23214209224135592403194282344663838326155537629767187335397243928224914831663995603628969105959376549 0.20352873846189683168945246000795748364991326748202048541210566916823943460793924662666850679180947564
-0.57553274202273388601971963262609624455488665516564688663566089026642910096555815278878839930149232397 -1.516287236171942856963934854276089473285989991451168107399385585845523965530110193058568918742372057 0.20121025812255053648315075824682718932594386236143376313695989383469925048719990143000308745922842472
-1.0291976071918193106317276584236474153432087046785125807606122645168941669043852655567181035413903924 0.045008588696526195954086062006130630039716144132096475445886510300797127949313961887671396368976598227 0.019654214710391002558948030038755785210975576123323278640292087664663542676791197765344158036573865778
-0.074066804356228441703057413518561876686555879812514945418245423007537256699359176016066519387074168739 -0.10910269172679620433219855477222520563436289559044477243891724192266119802548630832560287901667604666 0.064230321002470521911662460036567455187928214307612194574537303002777527541070558380110462691657051751
