0.71301681758680816162149355822266864440855249766051423487926188212394853005211758933316035807405183673 1.548888779788529812502831558930345371588942509753213426490509581721185176721059411079327461168927017 0.38427001444515638555631922599220717199205136666964211574101878162086665038048313036310322655467817966
-1.0980826136480067534285573555101377161301294529486588183240957540309030154446758436469024627647445871 -0.028735433790623391071372339751380066349138050373708667506681123478585471517615000240577059557990582802 0.76066997351029101134843076381202634910378415767784028442795472635504366194612912353567998608074972541
-0.19976076827637639293879899168211216227748172781544408511075249330662550207395509539387060141308633002 -1.4848231352165256008675936690025660639834737648143235688447651000164324545805777952023733102619768532 0.035315034225306073106554553166626545780237133701349311040316774774829795388089273204886324511889233048
-0.68349326753214435406428910635866977352957745772811231489457475075927619507968539241344770750482341998 1.1073624128434903740536999948553131690777360010899786555453063069582810532916284802281366392314142304 0.46507183700190740930113681245631780466407320341853354786510153690219832448281512948219850787113111333
0.70723839098061907242977612285712973469894840705155217827848299130378726783355324588261483468945661895 0.78500246131664876548294125691006160715579844620492875903937548121190908598580438955105909938519331747 0.91650410033854785242385316489928129662417486556559172973302815872775284262639865174492037770367207766
0.58666014875014303132216498489087009942720973568604713680945042044816151853079654374708445998354459732 -0.67919904107689188780584057615826592228578308817404363474175762067752767027556810299088489311050482321 0.29346388770418677435228440015884752300442191624511195420740307052094773288082856174063111984422471697
-1.0883583982962848654334647851189251535002957530187012086279656055162954337176167051321312989679541915 -0.91020728594685951841611016087116847891298024259108268258383375846211643199431967676340826177940706303 0.23499767041459845700683834790729778190173885211591429848625490175668805103638366208860682524436881369
0.14345730889562110648656106655144896276148303687906168230114125134035150618213509677195893794448076688 -0.28204460370892525625729173348765472281229610593676446655779892690090691413905691453523068079892414026 0.7005464342000011850969875682866218643205083758051207618365417254954865993345391748333065235992912092
0.49850003649845199053694261931520274556536827169560520831918755704454708550458264859428995871785309726 -0.59951607571889233976435027197293210960784933482003355190653244576987839084787198761670890196725748767 0.61483398755189662941625532820622843183266981160124111604636917803948227490439504787485685331414015517
0.72420956551077882870718883214776002555903937972119912508442308200629436051149259511402085871289250181 0.29320208134970466129078834553909711867729505079547313123701903241036472277067701265409752644837434936 0.69762676435087975826173742891506346900870482517664197755439496950790411122989202162980283024378818714
