-0.72062254322844625734747801162272698194696479825435289738232152841808172326875506924805102157219637542 0.39636383507370478629835065475399719155741736802527192012105136280857918533354420683558707990011752202 1.0484713391389534482442162060212650063385390186710899456404613093920541761497649866556180689247084116
0.29312670569819409612766347085675079907227531480332032951241911154247767939330936935701984247363722268 1.1319666430880959456686565003896379079948526481384809183237235407765344407543532605372540602479956232 0.81345940928819100576075467190602717865895244788703065021782280030307853566061548375196579349740653875
-0.37026235981700276963997479771371546842262346990280884912883224723759203332410508230960206457457985535 -1.3602876906801254999340692781426098386978197019980681707416536030995577422695284541962728448391677852 0.91735181292775188007914473822795430023669336664417240944504319975257420374679303700775945992600884237
0.60901431979696027418921906667797544726441256780417491386426288913654959213474989865634185899188335475 -0.51467624534822557884741291032748576555912495957909185007586929510571389110341706999834952352610610749 1.1313287033463104583944772062317265733231779798205318452098999053263752075597435209809813106268741252
-0.0086605698732763705672668393764678832633514264698053777637886214244583384729786147977426074848358560008 0.31741850756779159452933961066479915477571988552784376383362444050352475677657116454245807524796466967 0.25435264534552193309945966799855407215421366006739062561759179279735883111060079196568037608212459971
-1.083147901000635805883707763525660233026099505025746277501443342834030259760360406342797953153394626 -0.49800997323615864875990444118879408543308988896673811073188444707394268626948464708241976641953657669 0.60845192408978970891425261055902279605981627471318678977653007998004368846168676152334506541000395674
-0.42212344764347954222620805083538564582342681275190340245827638384682849425039782884356784536680138384 1.8547937645496627095581789863164440672460386117323270176200818148699630697244271969075579961335622686 1.1444447215140774305735914106698796494114850560359816965683773119551994324519190389838481118886488925
0.35718022229889694418999995145304836207609889328739240591153488099362613676377971544076999515044425252 0.12486609541030989479332608532553484730445349934852516514474152558590459081061136790020289381883327502 1.1451150761461049856295441499394823014718911890725587735351885542330625958968981439298473470312429734
-0.067124620883780298594528284434137618949443095592179567727126418171358804112748407420937074484813734455 -0.077231832849069787718461484780750703625903757422703051462643182723586005752690528487977568674428780148 0.11278067345271608180821912101047153156479582015525861642891755935647688836608160311908595908941189384
-0.8249967236827140766206393225595849398389690330108120346838607077100584790416569059721132561328005348 -0.087139421722818677747831818930018962281167535470628543648623026604342395733460116034574773568075346965 0.67135474301956643397586259711062971295391995396715061245612892586456290897536529052294387411155409652
