0.12703753965280155912183468462273326440540680718212946744888861590947062696138539819158961754117613968 1.135999544032901240386977639791457446042463018652693629760184038666365197027403767081985206438019692 0.61873712651896347489466068274780126946015084943981769788054955039756198803344113712787403416114099542
0.68424912806377075521311769373660150906037502688151097083042215580156576406787514312171375416974278952 0.59707462567411652471094403892850133517507353252417421519207504558499341379182466843376292330551202235 0.58048903574078948914139768143207290719619840759231338622803679953366517721313625782404787311276000009
-0.19604779092770677191033235721810824608703335911571234770045189036630563615553395847477693084560934525 -0.75424412379027185335075350763051390891560008006938275584146163763610022577386492048807128023352577734 1.0621241083431247731046796197975379220879982431430068868000891423001509167363219881834494129738019562
-0.74558501561193479152680210972973251518017866658011665051315208471591927719206787652784102175543986567 0.81512370248507244540537753716429861492731197739145478195475874454669387171687354269775241003520336247 0.53175840179401976129882586006054204809589546134989978157580176820087247112943456887394305836502210708
-1.1932952783649767364971487409732034319957478466049891843611085739288222070443406406177418450619109289 0.63346497578130117331514458420797771950308158166459311188638958769906235530145190903753297354320635981 0.92646341078088532746975980221817949847857274567757635033913378411675438975268101376919197695193646925
0.008433679670883227092251616161807860879135995170960126315210519618150040060068293485083785896540319156 -0.50118856971474120188061170315023017860726285403991196340327122616783851844100823226792894846096796557 0.91818923626376251610608222298554547110513973389169231844988803033693966374215557340246929004620752107
-1.2024150607664122742683867900723900413104294556028911152953714967824972623660877950775484595609942346 -1.2833192832706941508316863816165080414783267194734747217289632737180995159761582719425030329708211095 1.2540087409702344600104848111318818671851415407080334070556497967063264440819973881872018198957408225
0.35086688745991878035417674638862937506180934439119554539327355456746281503475607072823185382903624102 1.4120780116898988021705567350949080932858520752387763846383363395005782670262754703712144749821968079 0.85536252950630904752300146076888006701481981181045024919353662848911741341197284184338913914810217806
0.056539975591098064243666716420976171627326347733277046970477709279311856733202455076508106779234487387 -1.8683149794196841006174448763823534502135455665779696151925168437729529022385930383651053709342979172 1.1161414862209991575221433243270908183209477825105394932276759084947942689887129338338362450676159886
0.95632172123939912608832698982231501436784368710058909173306886955997217803010349209831415139912841154 0.82156808345997254324986924998095629574118939965531857545009222265142554057434329980143353180615332983 1.0547836924186069119162429519079827273976458584532078202584346091273634738929051433049362978349452307
