-0.19801185790736262283264780252960907525589692789138684243657352628604486918633048514674246260533107854 0.13979133770777824323461154220551821504539605579562108749708178309506070964340079611251100410234065808 0.032116986317235469215655726498384038793465424623322149875106667567630092788449568198176673170436060232
-0.035063725493737895075451865600806834688047835710272753325377212498441404559145173096198818953053017458 -0.10561490648428079738055578208397697695296740914722535525499764831910108088050370102202487195600175668 0.62874994355114435421835090719087562550217706886116138602611868539082365456501115264938270502321102886
-0.082251685140640460578704025255385917760774506494377071511755055654453733036455111060632786903850910138 -0.0063199944652440834938367991419651257911943304802336164551614358375770602798837144613983521897979985539 0.2373062019050866338953388704497472489487879870555417668462780776462820137510100689516700598408224896
-0.57161815769631978901795212572752569617495141264904678578485103931864177826445760995390788262911792891 -0.26366291351733712426487847499562405827434580194763193015842363065540159929826739004230627632410027517 1.0452829938266854090192313509722399733614688803743997637156195824118271549493967083932529691630986228
0.15669851984677663737263019589274804222378628155449652113177284965958191099325794219701578121593472201 0.10250471406221441670787705959710430799730284579553994285382882881004880194718827303508355740015142798 0.51075313084125410929092048546763975744207007327610281925205572380876539403760125484626077455052399633
-0.068360382270356433833052195067786552721126669433912241510960888982548313975129826233796390161606349869 0.55689375025208703737321171125083819130897150794542767417886412020189102365277753315520478465201852501 0.023329227515156405346447520590213795047398563548274127818179490076676475431101788409114664682950025221
0.87307847666389099015750183033066843859111672128044149490770077871268068116511671775285440648917723861 0.43419912201533685619129138680804181717717206601958052319498584482420849129645509636262763129077438123 1.2261181940644979004531916511707535470645534557938779059833292319368576747975475756547492246069115526
-0.099257675462951982833228376862101410823989533547309444749943710441490708040863982070452932341318399588 -0.060384217542963032757569262076078480249143142146109963216587048186412751778825662472163113979751478642 0.23516056795842821593632439138133837337064790255158022873482928211175768572523247043216831118237030184
0.38072941545856821580041298196042130716397658909399402868353845532360057804176168613733718530686577562 -0.090118561474425485928842752226603223608878611952665840715970057945561906268804379779082514472804291263 1.1519203003557198532267288949519863989405069611745685273746832824290459294862448051302608524508822054
-0.15035428428011203090376131457101119477181682042798749222511092963003817937424771770338124720549454443 0.9675473032029667256764552978531657808360490268632879130956758061040543321346412037478300649022572204 1.032294750409458795804910150311927777724935477014636819882801035723771812411150986123468308223099245
