-0.55177648005593061604815196177616645761063600471378736068834564214227023703674272845781173157726214729 -1.5880225244393039444559691690094566424462579729802333663530424553436709115479584158672699078650752159 0.48599527167431636547206675739062803496639700913305738102191047622617739498674939281592658805702552973
-1.5189942038095773980544901872057064693011834916988344634494957090767689320006166277876138740070367043 -0.6633267348762209230928839441661707294954349414436517977750410225780896137381107497081300560971704829 0.82172851680098223872343628247981130493245736286375861989666030996210980347247367197157524762436015115
0.64058499350405370242124586414012563980672205689534533598147649321549004487262376321519957510129848895 0.33459739936959406262543324880713558686947376534390887898676991094874212716041814230746998686902913735 0.023044701391928341119308176781580153602351035474453444566882489718144042749293332717045588040522180671
0.364530710144473348345753333436972694875894726445495455538814503908016504183317219909511690303490221 -0.51514692471641135636009604356395983339420858444259752974263150171191212339100305408421484920754072754 0.036330518050603578583653610999252931760949917917146422663856438654870344835158136163170919936719217348
0.14596298191987009841648404000414294807911877632485948461158074498760811503504003813359097061497387177 -0.08495306775431239986856745253585629581280947087945867782291665712446190425946255327616533588128272335 0.075298810291464380276994290775767500828913549868892458114316049154157301658061171848298525847307114081
1.3945780513119205123979145250455077081289721349821708624012281205033638439241707002574976266896547175 1.3055624979045337099970725621511721154830114002585163720573797317444787690849891161337223272725976431 0.28087491044440459734338022970501320237949054216221531296346186051105463160392198284501837274568179287
-0.25602272682256286458238275316818274352334335314950794092022213312351109246605887192886800419585823795 -0.18252330184154866434194838770301153715722291322767686782138523944544320278250274171993304989628956816 0.88848435979447416423069289437763236267931283744500953078440049453428227879026620412727903305810541822
-0.0017868078330497197951580104922810795897069165228909995617199466567890389498453472249520903599034915657 -0.14120977761754596506866607207026235983569162019242918033862387959303837975347680298208671613050204514 0.43593185400262462291887392068844511001559193221314851663384378191391962019952529518277807937318715962
0.08623945919248873782429505302235347144364477525943057258969549549183843827960260773178492992181550873 -1.1352459048579815273949396215197984977926784298605062675575784150352255999109683990864522377449239236 1.1965847983884125161932566620203056349334473444041057907644086499763919411969658123032817742988973709
0.45736494486525855288587843066725820817263274717188020447624945978267416234394824256169177425306505127 -0.51940202074509541156361903000991445431267951173300100029256642593581418789162694342242166653348213096 0.055181138563104723027077218514822810226562973514323587905154672802924268852211594284767217955871683209
