-0.06113906886301563608464870043448414901782380702954837355396461818491695858540332853098471765422840876 0.59540251423125957724261807355245674314534519589348825830527233505744549607441483666096770759147633946 0.57690131669176586182522986199043705007536619262703106101023903865023719692322047115765403889239510394
-0.26143003422792379166878457010331025468721405150937830445630651347953855412625158855111947271837050482 0.064530170323361532571951870942521416349585426225451153536710385415221430766210219644997508433688664854 1.1542532281000212885252953594526854183550483819528968327251813431540334644059411986437438587520574843
-0.02560571905603834238229316357628434561854384766671636602833828119001165532886966489720932199485874442 0.016049951340056738254335477867990938655530642264991503838147303461809166244536089225629059661234994153 1.0370360251302658542137691079634587647539353938093266567781289560431149681983369930951454667195132024
-0.43152251918506703670059982404991650506374783927613410562656726890705982920922176570381967270979660645 -0.037725036618111918224486184423295651869084081855093371149446043277307244077206652850118696485922612736 0.02512212071386017106246636133208032893536204021748555136097969228250143062673113329396599407383642844
-0.19626489946191618296437215705678884159073687776715206737464922837459891758432300402502511442672229229 0.027812601244249113304701794023260213647155058678853789471429604144470565177368608229967133920207857513 0.22803144812497582189966667294293326467152903168457042731830639665651085274799183433081254295389775372
0.94896061108356060164901677405521939675855532022157833988193336596031135061027107162984468237582956405 1.7340116990678465659216580347413328821278463107409030242379551792198104294091516697825644959921103333 0.85048906322251657431903711613049044357322167646534408654886997974511858631187774504672978485979610589
-1.1593451639060198777901713014520071822842163957120999698275451517210583293112321864138991444620648489 -1.4087816221250086587378092736107472648595167361525350887980860553512154800292367345796849527078160314 0.76460531778251898517651934667378193956480044619017475314323407244374977171354634037501016613884406542
-1.189488164650332457387183368570288974471396271756655367425856040377536211291804361764369204276740261 -1.3320503037943447764698450968266624587014884911303288285142682852848197021649421505310553251551993375 0.52477598220201222806483164425350629789634669976893128291280215177172843720885192725228027064630415902
0.01460717698121079826780106693386411873898344050099070583554498116790743341474229477147646711498983706 0.9543717277385446937684465033990055762028526681212612612170456251104925530355531572646745896741931593 0.77756505402890175042861850740432591239997572961824600987466648577198412694803267819244543008046261128
-0.28888949950530718414205114277281529963119718491399590807864005203496105491290477420653418464592646013 -0.21317948083269970858445652015916667951374466474886815935888280029341599691106958241678072377332346866 1.1172736952769692779061866876012540416651907039493719539079166513926378599878153248977242583607785168
