0.11601117579073720413062578385778185318422021806013672727714265534595608655295685589067884702947031375 -0.19385359939702343270864364307076652170264238629626748367253572625770104539956167468356595266315745866 0.29965266466539307508047737923969585456873802083861246053678091477280017237400160743555467557798832689
0.50197832881549707504834227265718600533429840246641342217441402823320206016532665067651164427540514625 0.12317019312673706088407323068472936914251599642717317053569972064881813860045816534892344111116767774 0.93554319262904628931834162827532481858423344899146888938829638321646513877414525381881574233090202798
-0.62889533293339071041170056234366345916005778896631549619859422447746131129370959555620489178220531437 -1.6964461533537486924699545377440116061460220072406281076442079294075923860618821783886067646275947388 0.53530201667114577837974361519530176628681868176500547005495613628616732534555354125758817261243940011
-1.0158120638855817169927824859489550318752619760105787811921977870566681397716370387909145416876428913 1.0575777064399936343298687961133500682356971135650126764074491709437173414677168851809348546187944651 0.30013756809530168522668869805967327984611951371951033561176753055720665557673331643086918222548631347
0.1855109535833903538968847135712114592261910883376015498346373456925918781151332983822544704165085333 -0.24658264258410575786173853364426896044628196821127296151110869237732483425234230442285134525822972052 0.1163388099807810824918308306715234771988702647784486354730851743576452999525905587242554325308410693
-0.82225916754229467587358123327204491067793276502740918171526564364312004635212145762881922691194689793 -0.29579515226169762056208961225636386796155732697753992855849765285999574218220048457130623138043174492 1.1380292087618113670324360534270919316963498095319021265436407995259534844983618584256506654466675645
-1.1776225990074486790652091208381598101174731158682084352852706375947949576260637741697139015289921958 0.2451503910535226435521365968418224204846110813005253591433965946177631102147525408113799281261518637 0.7468630835968463715079360042295140482272914564633590177310612217731377751337454582057466332904660621
-1.6240014433794595975852339433978278519679371251983711190387791633598857680745650979614348086832787648 -0.1824421690443632092513558605012617553606378913154064151596096101275721085938823034212920996566912106 0.22776282300839017867531025990647768025641269803115864356263041341872167459259930956644651367593571959
0.43520686782941131696455639965871975044453659705754224489636585097886715212380450599160438363431411006 -0.92662381819834634627502344494030836557387185675612523725376392406051717301273999388641976851872290692 0.77147986839264347441097065866557543790384423137386608108684920298795834730396113756399930618931399249
-1.5398916708748584011542727396090684602129917638756601873444745761684470146185966300213923667542370042 0.16419017071204819050381897561288346026687150332294470710784427230311405427693237750178337873008551905 0.39894456783712632898148293369061505766091486312356711352471992887161106103860523463014751475900729857
