0.24100527074231228100374188267392165178024338146606797491862548842001853274581082133648717509014772333 0.53664196959314077392100980323495192275226041852676173608042323428913884825173171772731913135475816728 0.10955150235487087742899340101942143896755077855582598307309561501413479188356721389050725535094653844
-1.2440340654594129924120666152633269350393831202055063920122175126163443075733992644137706715034532137 0.012327282646380017274897700106337416985199657775929334889059682919320966229707527199290986285159496435 0.48355967366371782437123777925619751613674563684231744284441304550477380583204775686951074877712996799
1.0447473182894635672904799987667272898425335426320746773132245412264465663037832787556301499451463477 -0.24135539240983371180595248012038341395056971919623038563198062504606564372959346591581135499024759724 0.55021583511453278661689789044385190895525102434584974638516182454692816251271154098978038522804606261
-0.61998155852717312664183695810008270036702512087774260100352671896788456369982262947355320293747032778 0.17429162294050098455123718562101509258907503072521218625700607636307754189201248003929559124553390861 0.13338029145603755465095755104635770282407172827107308871332209602421556414359180622835245656056413416
1.5439505133182138701263999939734217914123278732071642226780585709393509109306349845473523191798498907 -1.2297712841281220748851685148826536636849285682932233364257295149106401637266753239214910181687063839 0.27868035880947139943194795932374591229603048471211790864968635068560131761497629878796397909129536048
0.021688625259166372368373170202137610453689012030708121774015559057994344011363947846054343713444309575 0.45032273841144991959953069505858360159077297713647168041813446141333083505634225279045302900483618828 0.039749356655597183667721757689554528098183893173760561532276490028354121462240200576789202923104537003
0.38899169451329250948051273825795540111378295108454762738430184138750358514948585080876256067695910481 0.83587666667408811714763884700852196015542864796077403027889030487162707259693795049776318823467832977 0.51209390699424809223070047913410334345132414410934937818327438462956232752158852272590294235062031598
0.60064828551917633395824200490226216194185213399785994436800094784869660855988803340881601706146440655 0.20349826664573327506033138684589915283909567701457946652193093205700027883902735154099916156983234065 0.36561618687625970565197367331100172912720952053739374635620730173793606734667464958443881542890276981
0.55278302336425512865527006990300221376513833886588183054414855745761635059114071738021425953662892597 0.7021870838424770370920799507330558600526212723728698767098698935488296008889606372429636808000073699 0.13962710618110546512539025775190932509160378304036848421314155115690885346933409992168011657012918855
-0.28965920363438611616838851919637027852999465191696397967669383045124870002856184712824188448199251011 0.74720351424565347623386594405822635310922177246280964085662735559838179390452628403859066085274187806 0.62382009502617441381137645025059110873924350527206369313897212207421019609027057771426068333304932567
