1.2370476442539208001345629720787260375071371752372637301832582117602425750428864948191625808582929738 1.3066731736509171369221117007169455012414203210766406283437433151014045688491768277290371648021739408 1.1913500486735796370065893442739496371500806161559329920886418111276902583871442592984514284854114231
0.38955679462610980020906078752661605535283188862461692027449940067199962102523231800624279492505920305 -0.4290446707342471936184280253682000020039848561571801533287527096528394879550072546977232427929566983 0.77453371010047318464312762367483290574761579869913382016865593220745174875223669214162306869864912557
0.52448476258248540597620762614891041758187308872874539887021290228393522547279020644452676178206280925 0.76002025898993210523571402442289722814705133834823399678387602659790811327433470340383766834163576669 0.99075298687644745746455542441715193202321730122029534528019219630633454286085211161830173522465459788
-1.3252257046477347400185895742171381258969308489301422563985225218363191691671767806777833699299575009 0.49014995837481701165529661353914705540996688292239743825234428451170986777912693750103590719634862634 1.1883638505133575732007853530323783717735488049035634602663753669279549888420019468348373680714414533
1.6102028862966228309090334265485169189581570893977489528415670450680068736575062155779330097257394893 -0.12139915137666654249065356594381245986770316121670886893019138475813520779230646911686113919961954597 0.30191320597373767369604126886327990073695794229944305672726507677479815059985506156286189723069662531
0.033992259891080370354872886122046968130878803022806379276060498314726944142333782306818566048277404021 -0.021810753903388231100365845675499350493367187349654630297283508741466567231437979589914822797392819428 0.56306844695389555962202330156687904912244912026228690942542588336532524596367398952637229561342589338
1.8289772497404759098487177338959754436479351605856905066904752402741090809214242261007315116542421753 -0.4476535200735636532268019710864859323615802236573493687558020270798809296403203075780219710961262078 1.1493706620573063207974883393988329476726664219890647222967006915025190179111958763647293554066891498
-1.6369334657602299277885000847734261203715872385778459836014416732180297184092280919186212916606892545 0.45674765163171890360419962766717125438133162969196894172451723019861746907396404338861874903676522399 0.57733166194549416259897019840581073221375657685523535629165879642499296303702118685296825942604374142
0.23665391409605704850356661300985643993500644994883999888759356997711259813535964553623822904334627965 0.0049584735398478413880625329107500534678634312655097937836898848592767875440915697416532575959537233833 0.39059391488029071075122170725522492995855941702240046710171455725633520116681991635852745195959935294
-1.0225820462785844861251381519710009023920957284226268021156967489870675143777251403597838028989408165 1.1337842221974305001347911316161241540854705784902747562164999279570738462010343796636670956067955777 0.99596368232176414001377769290423011069866583356235980548077815784464834704675658468336650416821298545
