0.0012589017978138493218396967450960176922350615632250961811644634132498087324369225372674162463706471324 0.16987195284627175310843161264602862292367725151568965733757388739381078620542263723679620111053390737 0.81224439110006623040878676473623534844474742389164045028539131491643143063329990321122271614756020109
1.293207255966618433314755272762138209894893869897849866830072927716099540706106285438806497276668099 -1.5030777063447395410399487720608772022176557390035146880197726256336954232944395088844114920601152918 0.66261675710161825394748744928784650007252332058005013248205011984508032769746020917328634982279876454
-0.51444288393999256466621790148723650454330733338111553476613655573489627550651813575787055033136566018 -0.29549356290424899423234640979665339278382344950771662892425906826501731428083205221295266426229555491 0.26846740956633421012058868533522648141992680282581094678638799704461271957082581356543254664445040311
0.065598981505470809513087015622360123788051595750816460084812614747382265579512891040322154699039884745 -0.59110486142844031571792437387428048120128549642682647299012742498579511354520515229834186772157972273 0.71209729830610991369291349862356234248568206606825813061425067077360820372087334107358011911196792261
-0.46074096629429460535260051458611325695413570549920831049750844091729061659213408869546050680471737249 1.3307066367537770196484202418129271122818619119023868775874563615362454643731902143094222209615614431 0.099829195081632588926167909592044824896324434010802510529588106627711257359604860960894183688308879617
-0.46166698099642762646698482816178231429676375149678855596754409391239210151392691845623165582454442289 0.2899740023851918005460228694705428503968985227116480425953931301920214637810245360434519982836055634 0.78748218002053831503282597339685636544968824779280794786281039232376819805920348576486715097490241286
1.0044122182355473740830561645795224534746308986703834370275228569258612855722838790465112572727701555 -0.63279902541618279306172452702442665990207222351627955240113431792545641418233123029878245965648078255 0.42681207010668582240924774900376727240773846010006055923568873141185310501793530884041689503913795885
-1.0622070182815274283378005086934405571762210127258324930060170468392072198772589161629559485292062932 -0.39557477520640691628032810163184401934079510916220884695509000841180207721281729854288201900560903119 0.90489151392042601283313668660922150949630776309671066844125649655831816558467780164490915511979158088
0.82333512126649298113423938241720441063147820688582115597308058118511884602063511945450082643978310478 0.35222290113357399950132339276010248552298769461454123598161690807809803631146205797198929201005664261 0.0053613140570911310716234259481587727700455640257067678341003400092809898276507569102357524887188907857
0.045493161944861432357214882358026401041721980910975320893008796138669844994939245427514132418607554806 -0.14343841479502414620191520792551289305133035736610476504151747159516264403745250970731851237085012824 0.49153949584602918083321178559638103997141700589670232917972541272184290685065557522855830807993156561
