0.22546418819351781268796360025200530380103499288913656385904896913191806281493966545578819370980952956 0.19512335463600509947158721494994313605115980423965814655711456591475053279557128459743993180795556419 0.55700300604032104240167910523895397184882350446845868102264798597231514913167333989264927727329702799
0.17786686082820462296937863378897047511718727015085058754398843081930075425324719293262027591832009842 1.6472273415828827192057517103995543298468821976826518539314824012000749074938350209053938831521112373 0.81241533628351013974568729901039018750453693480406487133476042736753936076662124904619579785602273262
0.66985244083054664159547005082269885362210781741230954451606417886518810101474178578069618755867237836 -0.34452517808787268588834039103121304428150694771371178198399290955601228699578625030004129184867991427 1.1433396194234556468312885104121029840187115204110913270506900856172396180596718089928614666599993785
0.48511829911256920635127602026190708032315450890902493688098798007849111981454736657160624393735846282 0.41265901767654913124811409853040980298179005315000236909626021002313063306434635054123282682538715405 0.34525588330867439658379407700916519825580575163267714460939082930351646544325426775280360266340581426
0.080623101426095135969390655053702880190867245603995090639738603242005589468962974454258550474384049977 -0.15069042611152131031911178192066675524312427305124860006171877655394710512433509661553525499830279993 0.067019393519970930604714694543857360549002100660278258251341291248272609016719483701318021328648610201
-0.64337075211414261779789936718054493403122545537703801900874260944075022298597127622626343218219349018 -1.3316759111345427467401092323788537535182020699566006844715856103447724717938073848530061084065550741 0.09489830548602147771377659498947558544375801530469408753503528844923939014028753913295066061722053795
-0.058079693699024047065216987449266556849008944987901344672699248530622688057540641355294131463720191141 -0.09314131300495680453067492735508196975512399064992837743556347837221858472303655849299126206709582766 0.60131178578298274980031287239740999396201768999752278711700122168056614767990360034203297865717537999
1.4111309547081947986136245589543720642575243997610082317946611958074543447206426784471860462217289788 -1.3291078353902743795191388691832914003440649638189386701105684678751912481901349538784385631347272559 1.176777781083487103423220264707861393493635385287028026542769430245489088466918980469992180959068139
-0.87671360355660032452565930617909480659994852742516369698840754664998966397686375093148363061974451268 -0.12379418681163873598875892862682056285843033348399473862878697778730485527299058887223382176846735887 0.93373840921561886031300341907276669016802900587165236214389453118174831331097913912826044954579968835
-0.2373468310669523015251491168857398472592012823589246111193781845775023054331686056530639172860131813 0.11256746469192085387540291375280638420727598001655268550744392558276563702534206509041673544949591987 1.2171475200832151259266503317294386628728683275812734930129605084834456012534677037263032760853874561
