0.10382206941395816267380778331718197031623706677762535034619277058078361604690865411234532319745257504 0.098334498032884271796086816564409167480924798889541243148856207580446110586979433883431566059985914854 0.6901489568261219413289325299809504841882347633872192975337268405920456682096272233990931021288460203
-0.80764991749711123473231604686548547118397897551958039031128785778596549506044469254437713186189047174 0.34929317126364543025755218564337025194568286652213236722392171908154425959898504346045359909824587073 0.35153144901850542050119742258688539183445610055590687451592827862930995055035210652722324962293498103
-0.15473643223893743210524514484323007066352275246135994646717850969275424711788111898532837572151820452 0.47764307954183711300215722660464692782944917267605647402700472643378012890595810092681931427950863283 0.16960061533609049170487855649756927457641861470846640542733441543972982527497171535577045481835430142
0.98994431428484927938047024125120586011044435622884981370037604638888646859461849026784989486626399164 -1.1888073471354170100404078301110636053763178315399671539836295339416415497147189727646638577868465081 0.17541464020729157626414655200292729323250091822630217793919099189366061873650483920736805175667763095
0.44449203680373291524260928263520975054605713853400752947897914958975492867265592867722976602069738851 1.3698965244875620363480694448056021028976116250573149861911532047263331776319182040672049365662913477 0.62674330981918286724313637829480154861742808274080301612211952642410432693997023461111917832325008235
-1.4281986631723553112020634440901708812124926628996230274492395514288577025154621713387372232340296438 0.12307860613071401365680722815939703945172565371765270427789482793722051964137287413644217310254437057 0.70709868072425199800316242607655019327161736443371734365633881379974944542449802457094472353590980676
0.15869128704868466276697468044348830711440007801380338724529731406301886792791148782022859910106942528 0.053564954716275667083529028308768097277859302103176040447196084603934040314646332091108661705824735227 0.79132751485380878811377979844379017096558422904756922659812682097526699445514104372648044708433866495
-0.064441963695816576235254410781924747054227111664627862237257923380256219932178429491917747840138816252 0.23859384620290569519265969434373756494722671642826833707770816942702825519737415798812854997454935403 0.95501288963755680266745139106306725885346432163338789862951022860110974796356289322986229385532678375
0.81230334977211253348605996283372551157890536980236423476452698250443167341893757458457065467093418937 -0.90002059282265982215344982258002927316009158693402999034633174641052421438881824032466537269430131182 0.7243467272923368251980474036323651264344718862115732423407212734653242245089514975252175005866482262
-1.7210571680202244819447096716024847879578798882495228505423288838028130215028555736001124787744433065 0.53035013462431976433427008431286279507291030088566065798209284946780071611571727922645880055295315365 0.40068241527238873285218599987620563683718793004771764585282452385548306525995427212014069246988624924
