-1.0778289591774193232000899935185390302099499344575496669896114360841905590908668400962551202510140884 0.83609478490862985536973957830653195005460473384255556808909477233372482258217726404358347187713203611 0.85830587998208513109589050327339380882551727279288998961618462839572240991670585521159625597876067863
-0.97807073354163254812698676729768623875067053165253226502105615295415468367870559911143492097741062142 -1.3813033609737230508716325102780328833793185834979640394841815110509076377063859858583184665714217259 0.011612792453199187618517720556832981411304149040203836658796126751862618465788045199778590114554767659
0.27446009637288483738009558167228424850673313311793044144480342706976673273743061408552014146827422792 0.9422580577154304956984422209273774946434796530703619781719638552415424373278935783152723697867027778 0.3707079574606741365075685727022320326722266513531890254756583929652469842544539024230271878037320684
-1.2215594480557436163079911756844375641147125451545075752234086141567015489534125217020214943738791178 -1.1898914710678219179590431077817884830983828303821686650271216517454893424884487683715668537261049216 0.87137496757339341913846167740439345825968775764178436527591068119337135552956218499401325301431850691
0.75419889655571788740097031266779095282641877945157251081958730965768616608261701123178148877131960729 -0.18787317035150134717241496343340324991763656364098254733175681189674672936656123497607070923904357865 0.46991351903046097290706483212037588897101010311296334642044906938829393946832265967729106154113226798
0.87918807579155784244590066975222509429371384192571240291962159713560873440630063726360446822073424266 1.1417752766550631666372944372428483473017390877317608743199406527881335876187072070263604729564940455 0.03932650074782564654718909544442574931109843592215237468416277714851663561549814309183603881558683336
-0.36321092939200322344161606612162676199369233806517325620745204621279406158600062336710045222384238886 0.21575536432282882871843234088835435014578846874359249223814999376116470915934216995313082899200479135 0.51817345228866397515587590728861913325737014455983911350530258349010740904116198389255989823937407062
0.052745300599534847470174822164237686881426886844851728935386258289288721503483585207961366552861544547 0.011105975934949090916487410908681532354107011069864656731303908577101483691628072027451262511825858013 0.35362503073545328132345472618787409993885782100368771088386596207244863315015902515083600362811670747
1.3462749662485003472324512142876810909316395662526408261281955824772847079964880023844451537159619752 -0.74462964744967423489041240471271687097392880175075780428660404555659834337123628713956215724140676298 0.37219750128423088573794410381098209478745366653173211873925091903210682128207691716074903461493322802
-0.21638991540117027720375369740606664830973955584556052002079214104806608083933744727578487296968505201 -0.76426393769062847425107264909500839731179439118556518114086675439358824437214123785499058295378316993 0.053588157817324076502348070355617506639276146409451163981735505299973792229295974666291766137819217095
