-0.57977290720171338824976080818927956371347960569321912786288739521268991667708811461494771788989790085 1.5179637244097491410713742688894137350627086425960876687924553329624041035183651777123722738176213295 1.1484821969520943112445644546523441212575758734254913636164159675147679577638374922476092922258130355
-0.0090937399492217665170333945785264836443488497114478920370806333819358988830816351362800206298368799603 -0.0053583820883162746505452051921645824551751976889612268663481514090856667522789430476858550422611901641 0.17242409655123224904309386098166261811694610265073586054947505023134714119127062049246261438678973172
-0.2763523350791243085546834385964130894954853537964961016069804828455081530247516623835463187402455135 0.022211337752686010815616862236787143497635973245081515530323594640844530385822714010114629214111671556 0.91484531418913209091222391299262720514547333701522358622630901537705290680092925203390802031468231469
-1.7250379168971870108579285071348949288799245214412191659641340550032418661793016550290565982702476937 -0.48343806879571296879841655869788575093750695262662402927322760135936694138702449273529126546439208835 0.067160900393376202380886360816991158395070297177632469908534265513253556785788006852031408411326929507
0.26442470680317587326395770914014799421468220558524213427343732410798502714416374866086285176858361104 -0.41479172207428959704914003442416479089991080673216103570581450143693997576400589754797357535421164421 0.88742905601167674255389685079193575375894291688952829795297837347617612782042626576246478686487368887
0.31109991059578730496760724327497358692991451590232357842054932434919295068716919088487387739646790056 0.028060661369013694782719621140363968052280382692866839026696502700768344175496366105373456592817566951 0.66730315280618754984090328733333531262648522703839309807699875340266099285685678482520840510452302752
0.50447889759391299309003372048903755865203010905906324358247492292674852071729871434394970278080829469 -0.36886480556013909951709403527548076937200294509876481139523794972010446263177098211727511552780411928 0.67033643016415779897361910258946660909980075272876930980540677263168462307593470356369025516089216316
0.16635656390402435294826345358309880494780138442757440347239807809199670747436358181562198746648804066 1.7375965412990959472819074625593961631181264016760878153112483798794626151810066068397078455807252358 0.11213181494395605182394523912071174139833244974909219856117510934639215628212350495285815195479390721
-0.90541334538066090075344857248674026661637691030217636649109297888657084510377199964035282675360666302 -1.4239743808164266888223575486518477374280452702873783995033357112168471987183700538266912980794725367 0.98693336034544948277410414407143818879940790183992703309864923325711694667915456975109667039410616484
1.6652336769906959406456226519531550651758596792473274423652814839259773186292233210323512296767478336 0.56059336175895248661113027428698923498407776987130475692676760696563440323366304293560165881540028159 0.090958729444528319561845339559829750656782218794077871142951221185615514387096284986038325988170815003
