0.84807482208786694587407074361335980690841185205074822704520396889375397182035418992248128385449915217 -0.41388324694235833352953946691996801462237301370767419649441215026239392543074820925903832795507594137 0.12080768735680611310514181033058011297253377852629046400705682811929177704118310461284671833590664542
-0.020680011425483264208243548684642594222770063451556444340422726466547006823570249445821317332418123041 0.39009877772521296533124432348691343251340384446884654421848616872024646318548846732170928049672680359 1.1743450663665020487336179413491638055149166683316373601809433155044325318269582681111198663196775245
-1.0877104394778816332350521948506105485768272588619533528815371426821802130808792257720176429125435993 -0.32643904827521007275098823073900803511430008297470258898669790661299518239426039988109298300181810136 0.91938926359693550421873062973755823890832931166056943855561824574936757474761971528016734948525487786
-0.20562352525904436483329393907918007076750781970767359841050140780835974623564393374734235942560621899 0.16239653281885486779927112439896483032325298366890036801138444477933453823564235630594342890437583935 0.69391130893181074977771483719391550398236867364799627140712723393938802834641394438064567886974495483
-0.70624814907629301078796196702663563622443170189916978475415105922274281798793747927218486946841291613 1.7191965794901537177002075117494894170811363308338637892878556205645626157824459799253452370583470126 0.80861597159226505677207969495305159144319028467865594922530837125839881790291731741433723669327983098
-1.1061020676050872234362556098044089778203925764660752535051805688339603399625887486368740507779945733 -0.10149041032855163144546536182812782342148034751824754979830741335218850819254703920336961816555298615 1.045194118236843237434492905544382352263279653072149890712566391767278498144978387440833661936408254
1.8854538083521160752271272192503281512048470974192576084514513651197654192273733543424443753766497036 0.0082914180708528253189109499860039642696147336049766234042747602772344285350405059912187649535011739605 0.74375346777701894554836914715267007724463948407563556049965179618760134354315516949472030182846874055
0.8150178723106622502683049512148475179636244240422366330848086336858188738872200642446146998909896295 -0.2091171255998069712754929009189862636421870245265807476281423028508514884368780520174231615149812427 0.89629414765994267369865885000519731687422256998339754026410698130116741888681399702609232738766567499
-0.019817243801668406422785057709405400294125287742466779061280010840183505758550403713370228167905339331 0.064934387730665463670935746395487522870322173330208028946606905309350962714370011305949137560057702696 0.11147898652527560704972527212583623437300458649180797583438441491579740304688207647137030694011159245
-0.075479802150376265152155124956915222136650474462164660112922691429224618458925903985426855769299364702 -1.722617495550951676785563042358643452911965516214194980273813979078839031057774808984459947173076022 1.054091342567588979775251350369278189049336683256165945240607423000205691342744577671403564654467864
