-0.48563077892599500861621079051038213098485176664602981260464008936313085837976594309006237003271971168 1.5882446550698350400238940934151867925655385468965699413409471036541499135004913226957421626752689226 0.72551900645379832825805685575972736485387757674046578790381241061051223340827928941820984484617421866
0.060486395380270975750426438145107548641369425577414383372728937653571022617682278830683790716765049455 -0.13731485429293610676886915931975395903637277518936011373681299904483732845764873159921032876380408258 1.0892372502253279831446897738379811369234902809689539326783151427267792684524848017395470829405310074
-0.37187244840690955593220044185568395589485930736541876390687339406141030471405063878138258047500330657 0.70082229337504210456451137929100465742040040855896362959361148406767534002357631866382998789897930083 0.27782608611685749699232503475033161523682832327829407830963839517959168284255906534103465455846443758
-0.4767140445183923238246342761315433194455594255401532767890010502256275716785402050845306697690375875 0.62759656101816488826974490825020140197288870207573833520007057158429193214003505905690369395586677661 0.59101895629668219413968765248316301542599828314252644907495132634823075955859522396175926675915499969
1.0473394717510634101740821731016560781682685304948728119707831321700919678961365678975691352068285209 1.5890446219144406102210137638872969888861395955957211247998076779013259440018818730077651730203136363 0.48871274253296788839868031214578932244813876568598966071296758724035142770976688609116437729991066288
0.048338251983310581575636035618627800668878953618006542079576637493596611752174767997475230077915374437 -1.4254645967804476114543196619263880228179073128566289079178552178598981396333296526009847565347170854 0.95001098750042146498013395727024585764279436910797113585093750577664651496492490839109325351934847639
-0.30909567004379451500113643061815537938120715505785417526254235752586471150612047423861491817842281554 -0.62906331396567889980513515164397586266651543787581521973933234656754460484326899818754388309805203401 0.12075795874367421407937348932984907640049355698201033109918559071049050212278250587989857491739446371
-0.40252637379026884217956473764762676291139643334173807704702562237513971732420721330406979013201316344 -0.65618569322068962899702324906205274244977403224621347310687191447599238847933810206879689603510558064 0.42692010932309359072645713061265682875481777606214586251465733640157374700774050055824510269320222558
-0.031572061128823884710859255896540433559782783208151105491151880335246545666826956062472747623520291873 -0.021143946671372960567554629994364602973007479149583394164839867953391559276192094410698036714236672626 0.46802872351517900880470372559173455134766052706014350879281220715560940444833001937283058068690505949
-0.93890116946845732017231223682359730250199492931259245944773741210278020074243532455002212694806749903 -0.84047623832947514885355221395375172026545775215996488280022558036800640699237821990215482560622227308 0.97405589033030845084615093988040931129965841664188212820857744104957421057735450514727287810785115203
