1.760667801295887458368823208664506460484846660208622169308153124377328803034139232415061905284197943 0.54438709798778010003729541033710536226488487908205763574910401206981185469609941039723173409344643181 0.0010087416068705332107491776897483951316340117505010659192965410000117513570939324453510636256703522927
-1.4827417965207802748583294377939982884694541790404260681046937741156772925847177256223335137532474696 1.0466675487312648872144997188394626980377437585035528723960732540474739421548464641256189141034283457 0.63496469184878822661149050007297482732954636798440669412851346072797028812930835111339861687375445049
-0.45144078747457447970649572288819944828436818045416832902148054929204775113753307453356897809989918388 0.21774024804864565291873787021636409283145038737063075030363035993883941458583714840163216535578419578 0.65665444364370251271973785278895537095831661031962658756451439524220692420230288105246851821026648771
1.0753775166349504188355378385324093938761367942282605034178158216481447945521437729916284870358739419 -0.29645029301242373700168439587434235011253304410439702879718408159061279638126882816107538465288320325 0.39555600012478002617186255782238992162923051887502366140647949813141767384789396876932025263288011483
-0.42296155123880992487748222567637107391479391008874997119034125025709784415000598298497642449643736091 1.2413789266858929831509682863913985528064019307203341641252053693130484710580882481325280633613594571 0.42396846460671414429900553244985374496945731893200160321479676226006380680909662192008265218837115406
-0.57607248658608030600351081132471524563452899837209409165069272347904782470702384437451338175128869227 1.3099488098506379277115718768001913104944458184931651165017549798562637868983998010979411543038407767 0.25578259213178234393094582201188005979774116043841626209752854904685851917313121201526776971910105169
-0.41392079840989830987224115104848665839905537653673716811450621511929938182392951538809884181927297539 -1.4840302323969404669553254416365633660447444965452356165638805285051854879554255513092257429224051293 1.2097256101860669522251688756027203471246644507152037038404206138591709578400204071258716818714055087
0.54428472908208676135014917697361326378938120818205647639132848560063815185851579040204144508614329182 -0.90625791171247726312078605068662519987924854063336540838457282564308609052009340061498224839665349424 0.1006973121713406719822733387781880012981123220552053231196032662865742846003768643468856473379294482
0.022737848638806251297546864878439284991340041747415855355404476680106025294439697472176255504702650069 1.9444842419719263088940097329915673693250292714806116953816185582876583284222460660037095046662034873 0.90788262111131356069723888605109210967929513511076361548522805858140900600748115840716841461804102525
-0.92800266751654962430183611866486647648446699958350058533675433260758421766024981670853150821240838259 -1.7617165147217430266263853400599884710103552576328286899244743714845115939927787371243910289284758225 0.22720308612305614787932664266400805700228087009670935824961637754148868174455891069393750795140416355
