0.62334299403993113432778877276025710308096290893762258800427874454348162753100213337272553311325272765 0.4187654769746813794895753455072110572464325148430682812964531838523645243705937296742215113269339625 0.128603007393661802720532281900095729367333332277534820195537707484626333898186408402981105937232894
0.68515549384220020385846011141632089629198230135522932157276758167100673430383299526994807305521618995 -1.3953448303887559867712365251389166597607389839374719857644177843261922451595256951589853392950318229 0.59056802706801179590252299495859507972899109580951567514907654614706112842911091633904750611192844232
1.2424581584293357268211735339855688973119070209098739796619981905699484712431831224087541236214571606 1.3311455651433274030185521558176782783843938674189882890192034992159799877551937101685244142907773132 0.59864841883285519285559361319169441942678186084126282165751199312088493758818125106804656721842670435
1.1405054361021379473603955238434434703859967891338984040402000020582874266850679021569662250533697663 0.34876603565720963811098457257608864627112671715599437594809496157352411063785709833947902888699141812 0.70858254619567452812756220503311868656889458973859359389079864542636521767403260607176854088092106151
-0.13971855639536096961998573984746292042607777515748668005084701195540178884727775579935495687644922417 -0.60373112953544798505068109978391776711263564455421609540227493609136114171787131032732414167951807725 0.32204626091534734244230149904939449714079439767005976713078954857037910255155534225093803508542709131
-0.74456930874854724325951281012990748389634869887870560842467219686530087001724289917355852498847419069 0.70832511991155462340466384191902696274994496443159508607449853679474814781776241903790178645018064842 0.4692557357768641390981595910195775128476794781964921292502753650178147195460703687508103572414919941
1.4990412803067472531643960806628458782433543954489862893332470452585350309080497132287321018470905405 -0.11144124080673050970215472835619080076444264038685317417660620479549712309667163598014566083806627372 0.20238110053223134238137129354506014854397261337081816738924598281850559810418994468343677488729186613
0.24596821789847432345419637172715584174064615750999357550991803787477212499058326167334879467221788252 -0.21356306610947546893377094741580292558188542972890075771832698861992546260447715234771053209177059947 1.180378822715527498972636151135759134176524949425749186663932472875840537624711914040194595021081764
-0.0066618014947340073146309205595171539278164873299869679535339973220028313892993124034125996163105105797 -0.0051792174427493019470272719473724613872771493981274745331279686776494199152264991008310903980364259004 0.36344235496301437163603577729252833163108433847142994045080622409487850903096129615778194633354752261
0.43004997013650032810319503093763517857118196462050889115676511657103204408904448134692443529832341567 -0.71169367546176595794454083976524807133231869772995543585934652689749700234160456679336169696197710251 0.48471304000937952599494857975208573988712704533617634648995750842281390368936840915907075371647611129
