-0.14688172516822702187536740703410254367003217423579896343389403160085265432810041262216942688363555201 -0.51017365459211136846933124680112452220434730555644056314236666895448729829718817089334693133646561788 0.0074114470434282584702862146022315999364729025413646625954668659220307900244970367185049121083412732759
1.7616429188756546424551287121965712576117991434184954056278494949466827980605318179388093234752861958 0.67677824954812460000781805905955920850054507875977316584937635666481006801935767530783750820183753455 0.31478480902348548030831029397850053483353527535006407808944846785915841958130764559112508036125303681
0.039793200474609644215975856560710239925101245844838730151236368560998773992757671492114283944707331352 1.3837082306997582745689379608893875221256858124410628443543498572154358894633699484247422706638450465 0.25010671074639935463440758574413305827142687348846498944432768990187993600153603672415180383036495449
0.30344789198534702340435923960610311383995335596157155051087316569444625836007453226347836926981589773 1.2046766010437809755114993964500329669908288366228138362452350179344598547376999613999876007855663878 1.1361577921969513139654676106201401649132033530723173152737905531064159929671677571596511607833467834
1.9791963565775510934843579423513656997707414492517619656198679288224947766450025636380405683959434053 -0.16105140261859551663264142786143957262449691249542375132366555445436123811991486468323475225948279151 0.78443285800692164168741664248903002485636430728648076210096200336261689892257645347400319627322902423
0.0014724064861278257998501570969244446376455663886778680306944380634030257431133487032232960976240624201 -0.14227767915916018199624137510967306570970086186542916338171023778411245651692249381220997828932626941 0.2187099249358237663673028003162082141992311090335640580524150262011598606792120539957762221168264581
-0.32423163412055636077690925310728818538800894129543701456472761589956093239603717482656168717124626732 0.35284218825521351871664576914998345831463121598101249629554719570529443196910498285872804304166957982 0.59148567958652707058609169064525532597765003822019413710467361146184970677726377857468796216825895267
-0.060887529373626039028410045514637147220315940036987001144678783976637730915260601111430729961892512327 0.38118416110858794415655283330727958286720920612883428485996212881601880390629925277556779146302184724 0.10452958352914913507595991032102502758848720283539951427128771521865285388624273671990348827680216769
0.60034204816244778961608741042514072966513954258702079085228143734779182421377824362702527327606873182 -1.5730675480524970282973255724788825409992263678199325546976165685744978251956398336383598107978253442 0.30909155524988467152140021422518714902959432615814239945634549710454770304107181828002953586040900874
0.47424286546097460189113917651689613052621272259249926854061627625737256157528248946477296532608852577 0.30097158795892575151973619424136873819719448582503947656619545517125890861295147474302658628560128158 0.4950687013943457420591356715314839958980085273333295561002797470843236205710632007406463121604955234
