-0.24898435603778659737289239445301585298016103606612545184215946258786883565362723462671722872127348482 -0.36951798703734796077663906434652112078517554969032100481426117813416425725548354125728338427263812127 0.87595339654481281030522607258506813388937928244090537649243434218475860063197997660584086439722401538
-0.28685098746751914318692717162463423599145362176225760455628559781012722473158292529712772348896835844 -0.26148243792093022541568329538885427656896880336246804629232012840963355782553420568954503863735219269 0.73209667599580976916942507367408768988852572390052896262955547328578754052387714689170310586194047282
-0.60367266871188356245941673595482267655416052888065873720325348026494620133884076269433258223398341475 -0.34143619395632646834376876513328475349312972791017623191064538104356042661003246141812204795447943195 0.83400856669987090929277548584632317763052605386481872768832262352769918178272274240331445426533367042
-0.27433123747364044740651098988217824677000219852019268372265107031269021821451404557735622083349207128 0.2033362090791552443560773939472008186032446185844707770219661887528076408956336449239352810159917028 0.0649625692116481989593361131828190591854264948518041280621453326429631083346418321293104880332329014
0.34077572155251552479523374895741868549825639488943339235380274246948982000508470962541747243992404951 -0.073068280928870297855945916281769117677859456436654572791894211111336234959553398667564309570240918982 1.1922741301491231673121886445751097902387579980040037227255015937294116662314756325894879119194388232
-0.26463869700108086511075816590239437316938098571481409730306086625884833716109305110639324178076826458 -0.52497857058076618604740680722615040528727129412485899857109909771412308607010110519024556564138789039 0.87299345911622685744462491994966069613014890437807231382828943443595958745510929077691187339789569027
0.098315275382465652477958318029908260629847978735033375753947172980710075607701992857261360743982907845 -1.9610746658911001430943070235584371317082104656135465069618874745099769347738181512054281661912880619 0.61588372431871225294238752816653011664239182459101255292685668535028279454186210890455556495541365405
-0.32511406326441789105420868697370735381013411328406299076743552014857237600362588387983155139148242906 -0.37019868248526981804794801398434242284637297872395814030243469276515673235924786644473712698409135197 0.79263527809060876034070329096990249407780808568655429533260704455074661201105390873294283520800510782
0.58741664110029526945417030737425597859995188358424909335910384188986899437107783865859143319862681791 0.53921309354255750836772963238648185631435550691316834011197232193277463045186935942854654708282061463 0.83781222936563639382036195897905685864492617283665860894782563119087719569212249705553337483923468122
-0.12482380016301390075129008603077119434644642099380600129166594415246192850409771553968014800955747274 -1.14136473065143814877291653976916384578553252732791059134400291930171713443373814997413429205713573 0.090126692878141752864903411316805620037539578013769993399848833445662175570981698189799298560998830238
