1.016077346533942888520721321378543078972668936480685112877002016751205653692761883290716780220136852 1.6187365693334799465702975869423543846158784734127988289764222228252545975284313093895699572743415691 0.58505839377543620673873048756632928583571970159580794605191051688727538189070763374371871726005127263
-0.71121513079400670864933796171712217669442543987629780701143939213048903747104216805333695146310581886 -0.09207036417310439752436092168225141796202649349948580890792463260965028038488350978044032530949367198 1.1429948129159558798281162507331187381763527176693810119759804954888351907736942604819798484052181437
-1.8340556965608251210311152576200532785297639625535127237906950763608383830086088200656981305214586003 -0.58305188885358349188211284849326807782175953644359578639116501076495914056046115810484393770572870313 0.40067255130757040212010252008823345548753861000235438289230801316682755214486152163467356932234813802
1.4439459529674921740373733420004889553555452951223205022538567799841162893557759670726822185757770899 0.74012670763058782052366236858576275917164550000337052695997607090280454574472835710355508602180546893 0.28439006129732658016578271573923261466705708662526144739938021048327159188593088095797285368449576377
-0.11986484496610042065992849526289894186596114745065150765499303365311015743938542021432360279219446647 -0.685515091969208408676190479348678970237946902462922667943395985421437813106643310535948470037298675 0.084120755194652351909668471622812617635627953212389232198731613402745703933812072313224473865742144389
1.1413103050374186895370013329513147257023133175359396149699372197142548409813060535326124196016076796 -0.48921703591720428902323962922041789945144355589910148868564466206501683010486915901154805711046572128 0.6008022651550086808270675758970486379814936166729400916835037448399398619563707002189807541241370108
1.2015973306141674034991552177070943957638957025626181362143015729267049636256713191625123336519719066 -0.49329217361596776575172852245458475079096879351642655167703091597290524327815914367502365961257260881 1.0844334391746555237689093444502241350749092348080037679234764935584043694761090903255599095262391809
0.80492967572192979130021275006228747241080849089283887522670797775161677000762439790793690713132700806 -1.1883759666726643346588067724800227149146280959777190415419495595864495916515991502004641611331513856 0.49464834151372860357157636713474707505866570286142303628047055517535600121884085275366638877563547347
1.0346332136648658370597661056039421283214332488661761104393566340615089916555920511156816287117143042 0.16786022739489253148278831598735386276422193137221365072422374395801650342131159290063938889255941732 0.46792184971221132212893845453572915035232829161012506307486422906281261218443241509222916390668156022
0.21284946742338592050958157208314598610721466220771685134006958897734036025209687128578823586415461496 -0.16205551601579271439715063007630374512568436049764838197840237324016077765116652042974387946086826868 0.94865531084428623232235331787217940522611835394385385783449530739379145359191888912508168417777061693
