1.5701905969329027687926473416281648557088161150196405631359529876717894946530627020356555793041336468 -0.93231123324687552634657145348803174348326528325787385976714031772499912642158342734087820508506271608 0.76054390834696932213079273844245106001636440626844680960958490253445610816676875177864503258589376288
1.075720814046911982744070768626433048512022295931383402442605068883414828578927088694456323229582059 1.4205944909804702514562016592150592885503383445629025417379463826092003122996315296331484323267785787 0.14850681407368862683290187161423523034316621625571430758981286245732686332304725772416528737014439364
-0.43193819121966099801948958095197516515499268067856663712906948676633730954852751818100098549967160865 0.30681791833194408839403233188491108394395878891117276750352417126193607441510570953255273819630036628 1.1457761119355980238352254393720096668035556737226393994264351779350636317086571956431264999240399298
0.22200488218393083910780780901914590863510387865922631056830263014929230829040702886105622909354881752 -0.60965332524033414814003675864573308875664718443604209112428729200131795458281481150132721191147637866 0.98464458389259681250602363901839476376483210566396664454468114637029971239591846486843834725471868088
0.0023379779417428469667909607998553848379642972638727064539240644357622755020079682076543327874754816288 -0.032436434918758784577713426410268932990428706332792463353673796653938219354499623305826238212953995573 0.091705707517009530239574650120529026890438290012570680965327693221271917610311875157919754799558230618
1.5196106089411370645862720822136829845454950904164524372544994093448707468925546254568624937836673007 0.2818450346700456288030782228791987502420825879845253762684278649302988094469256037009189370902006474 0.86252437469900180543029979159632945492212290202321442740012473841837377250787064472959570977781865958
-0.41684444166586355065923289688901471439759904286054123886095365702039308185030905872154498406876822796 -1.4788230535662236307658327750176249229249924818717954659104386956169373442109522913835440361659258272 1.0127480245201112964961244314707826792577273172305120340314281826620413252612907153896944017029751592
-0.71688274334448712082566639951231281500350831463066645723976393316114735514821798450132297949280487831 1.119763983362874094243911114376816982860604806072993924476720786231252410138537857230997663719057834 0.93302968133618049345640072633712371073651302093012211462944745417037373203848842443116050870158548437
-0.11330413324299194977887272659640073993602736136777744843959480988856091739253529145799820584076291409 -0.11923126343973716781568327644065699638224066083793525597081842688665514767042695423366941667498291248 0.90153682705744991969546884404379289626794019533278631489715088422397026850382123344640586233692008365
-0.62242194179259266381503822690604781728873179115188547635903759681876601104493305620030544545447106812 -0.6501525624319288485660462967795556475506680856746996962176564336641868783749799715170700714209746815 0.073732492691953869499334460714802389458803148442962223094564749614421309556100729696658734139382608123
