-1.2026356036175867312739435919493719002876291105359526907710179359219735880204440989812728239194931401 -0.30703088489459230352894504520610673878243138430961333702371563058785189316183547303605265172697787745 0.66275675102878036257866006513058850689053377441477556456446988779741502102631820972152868847957321752
0.12886758638771135199912579305918433156459071885086302322649856198849002785264254117778792240446983942 0.1266583513596224494347190084935972714406180981203954569182374412324413679744215445399926537906351172 1.0207861510374087319066721044863130856505667193067118350102334581195219383390200240147813603995830312
-0.023592916936421296039104982044329824766326559558200856021714921711737420881847051192817619339640117443 0.31635994816791749635179460129463279305098249026173753623728157606923251262357197174657319507949750316 0.58913864914440064815022914007712393463490173976389813662453971882420901319485818460075144422008432663
1.7937743070467228086386689641872339572585445376903508085198894480356357741349852265823725428338654347 -0.78612262282069619359684639003769273366390653570016211985027598074272707992825476776902287578414078424 1.1978857848046841447869750414213002173003294053779377055435824743492242029193234456420553460193365506
-0.66194687559378488412207278271399845950449712605508115216550577183612546790855269727096175560121302441 -0.47312766984820707915051495736123361226908949969933459374506140107178104853473892367152537445205638406 0.5090132025989172052171904856586826925734244974473467109250882681302616763717439422152482355043376069
1.9063471945284268023726365439862818954543263529249547430376504975211192637779310101541809597860510674 -0.11117396125079408471876742568577881911366865910693307478247517793259109360636345623873108296906220864 0.39772632983309199657096177420949924596822573411622643173474103813927121557029589325927518272352285482
0.25451483521224376344945205532887484586514793541563313863302163863302720120718645452451904191730688559 -0.74989406439279204379223110992735148690797666108266524339177534989921737387893071635367047870483538867 0.989287856707732928812335655930586360721205358337007682684864146828178840471163293514456100818256496
1.7615595653011042665188440980497946792074350385437361505594099485339276327256990660592864702729036867 -0.22925842203112654564490282763284402216463256028995589220267675465932862555361514146182457030936820565 0.44944149712434823494926541775589549436530712681934535169428381693829942669459367609842059453015494476
0.2911592096215979290994838951972775996308712751656249047159914010238314069990874719157969853423062529 0.04559239387208740071219848836568580868796159562308959854785273228128978259411057574145733306221917081 0.60709058082187409724850703058703923270029933809794230955095229050832588048840106589063458234914625938
1.2047229546949932195769932685173586741093453779408203173208619105686176473223304519773314173918811597 0.6810177757671582700868930939507598701557870383704921815650060969815602383598570963859780289928144668 1.1430269331101945746755836335670503347206059088035205729593634869709270339327592511438187021556654667
