-1.4515833830288798376967210543124862604411972468421993487740265095365233217624484367839571497290232949 0.94985672228409014934537831771461262034741521358135571795584571358471186912210008007308121189120251206 0.20776509992256902988415652767973477629888006143413330797927927352294561405142480872215109594591676977
-0.23108864612397581941973053791475698198810679837368544737216055285329289334861477976087028885562500069 -0.11197930034673484618405175849528927943685556685444870359506111156664643464206415983151867110948079151 1.2487773374206840415410771962597914999659694545730978574214689297159940384110287521450814640925429862
-1.8943311245782902355423236266478758116545586731449988928039753147205866859724660985862015651927642044 0.038520481990058083783124554185271752736106497994040807885780443662635955357742610575112522515501040755 0.63897124109511643821238041070320179382582844507826706651751056079860109779823645935351202738429019244
-0.37645352095617026322578569233433648369417688916674843522127258385904392726876123806113765634805105956 -1.1936092773090033199480477877354045819288345198965889541225779357812516209204917163003178121211556651 0.36479950491078259565679094831990139466021181100393781057117483392617645168924737484827313510623587765
-1.0717805383571565657067121631452885448269449352023406714991977868122532828024233719897848506425539344 -1.5168564155550081271017647329046579554326476960109478781402489357951961119009442914830453250075518809 0.60338038201143215576792972653342840864397608121964565949447668787473810195018225867546960180521984803
-1.273481161721209370158676443784656010954447716236080728675541208232144755583124791617745259998797067 -0.66806521927382725093068384287463775862890406262925536634933467648808853901831371407266481715267454822 0.720704288312770994426211180838099425635436091085256935573839526298324691780718636071069032567009508
-0.14608390386355306833110676609010936155866266451952362760427718450215248199863245964380497815600190144 -0.70328440132795484613303938622130601590143308013189237886490915809807913770481759890151251905988185609 0.98234210596163015053698279531646682117343941636271391807175111172264709052941803713456989876965918175
-0.19505113675354552408840993878098896941634475130376264502581865062488692769883932618256702673997763361 -1.119488731734919043953323320472760055115391883351084390346706779653924529437622318162418257272773158 0.2235982002240629022906392198055858873699619174944420619786380248872742319160888973457995117985803967
-1.222317239182361227431888830866418055411782216567157556916645750716343556624670726655111794448911197 0.35908394455050554936924145044966476903449816150006029366402103705083815577140928227260768677528493271 1.1589108388681424307577806255152919797809629057244483153773953035304250594461021993852376359520846353
-0.18908112947299030004406116371523839359066524562883041737978139880035916591798161058155597086206535275 -0.41033910893426528613819672880473228805888288571811975544187420684046686035270414045217984448787288564 0.042018247754156982856544553883284528840785392806021301154075218097966049302930386981682227203560269308
