1.001375137865542798197915221669390048408513923383748509164036669182603123841664268769075624976152393 -1.0087460280637274622827095619092154555110220778492248882618833346157671456233607780508229722789473028 0.28010989793518238966826598897721341089915728128426539432991650434475845772529689159658652779016428052
-1.2919506667465555363821969035822343796382853565700774411948794088472998232955353132602899816628191243 -1.0536858745577384965114407411284210904021111431463359038144055192433681327192595566392297331175780917 0.49272419815212581453744418739103446287590774779606796394264153390867972315797501111750432025026566418
-0.44493229673999690428929334060617900353962753642871697442357176563783889963723377905394281344530437816 -0.704181201605568135153880787533616293173695670902549242045556659383445595408326245393966370819404507 0.028084957728067423192577623464468428108564336020969435858979008436706476084906510065936430308287169019
-0.33401071903577203271371322399343051404867262657300866568393230377045482475327415778217329329859270114 0.28422118992140648151793593136602453500706678419734790839879115823640407481547264192793473294591998703 1.1621500785514587452377783028243861780948642291755420278059718899612047419929289730979642666980829412
1.2138085240588906546774165455405541048545427719300879315199173126429083936963277548192875794100442531 -1.1762954494767974645496244104704062152097715501898002566416765876389625257534120477002599908853509687 1.053732206646954788145878358592125728069887649235945142600949029182762347478887022476208271617930649
-0.14859142995207962680920781511555890889081769037555225203420684478022795984533698290440208979855438045 -0.068089415605010519959932826318411122752971012551260499325001186663957106281512199487598035950567856717 0.94817515416400693480887450343782162158376313614935110495268786225661343029576460568382987316176096696
-0.36102741937927703922336088291989693768879599959604118101071569371684512620452244568426407948401408566 -0.32968342338281110689912068577161782193884707675596120401952346813324613983012147636239336925565162572 0.022885457848694264283804948830418380843675630502091078832901706827591501201014884433914356421245212062
0.84784642328291370294488778065175904205595276383095802316349809244276341982100492058516355742463486334 1.4333350602760589008110150408256599993950384058787133225672641960695089938988858780203000589187875996 1.0171247170266190398114856407450873695849432758079203401692785736162637510181681414284057162800511425
0.06368040665139832902590417423203746415439294348600310423193660109753720695103559731408442913467957987 -0.098949646674602420393452571241359382874932115173096295780766351298118417244757479123967091171469571654 1.1471909276446098645301482244238007869043938166141940307937918099515394964994340278802725915025253821
0.01777152107815363187635927707504870884563685274826944000275255986027198328642321268451812001176073698 0.013847533619896927681326640348784490663278658471131799193485394560928920188524651759130735350409815297 0.082495603634968097543022958809074332605831569773645359547857387481904345032839447590991630063327610424
