0.081484789365034651097961037403309035260014912144645137475414801708635278720378083029482258291501933372 1.026222671600718932684039736586490996322089314634554977704731707656915988470081863021649218271738592 0.25320661266952913725806417369696321306952418541252015044968081751616811494743520825417146060079487914
1.4847244272693498645305994276239227794450977479968859021023626600845657789312862033270936227255859295 -0.90244272767415447235014129445273755805048822565748328514373509488629670653320158254644315351974296733 0.22393506977120390684364530291734421203092929282248082168113596674731978918409676497399823348127884551
0.40947508155369662857275778878748510054400126856287671759479107277056331122257295289287476865886476259 0.24456801058299124930157247898116036315588846551485825891867844334908411166908885721850149048742344442 1.0632098166938999879583821317498679303446858460932313729874620845028563660697089118503533064795101472
-1.3804363517822930493308817955436907884645053078447712596863587573569521789948380451669633095098022083 1.4056410234921056453875860715124716953390724592747619062878283263935295393349175523169179749589020675 0.77131263558663634174279202370356004159853875384929128359706435278415799452014979084393513965887351822
-0.210581372153786441237088899538209184482616969255299476383118862974435688776048214795865473195365147 -0.26823407618071070077166701391404489767417721272913247895492577036717357366221292698477512672539514235 1.07911419918138979167237422443394564394952559650321217296186591928562671937255048483117423054866642
-1.2037550737052346479426991918001719133819365963759743866313823699141335982646282203552014442227987988 0.75332438322767862762240544925258329573682652494478594559188349964851847971309275647380748605185212031 0.50030715536069052415224528600878049444257303271633198449073463500929740954879465271743923199788521964
-0.81580958201726469761821569131327592969959634301204586297092397279698065209366555501398409928352848553 0.30254232700041461160617688519095065246677506802607613632206874380859297949120336526675106708622150824 0.058687013456245964189419050961603524580654159843137773475868480830618340791224089960186222427583926489
-1.1500005409662282058087930313558178901878799790144046725357146544181711968523286918654797705428374195 -1.3601674634728345677799855509437083996046057484145944233450575088782712013234997692321885653673459028 0.80870442833945434778875054864590074482264134246133361578885071354120178469926477068552575148860314413
0.98353637038101047558582773517890765034557658222354710611804356593573829996538774571544771529088616562 1.1228832131730265795598332342042112018765689562329425026290769131809818936768050913920682182242786346 1.1212376002527764101654347176740076952734081082020602358733640161019050799740123214300343407362979009
-0.07235029652681271765321987525013180075180674349069898301439505533405364933121064382110549750873111543 0.58080212978689253399187625376160451187507755327330074528084264495447395078086043563916366860383998811 1.1921942325506969774631032145248779126699096382069785039354733753511280589189118655760652804057979624
