-0.2470484574791125083240859252572506039796917970168008149132171703622801322852003760158166648797858849 -1.2294375749947752040002468326537689154357094623233171320259434858661151796935306397864966392172690146 0.26178657536467071229735665784655027154170200386253167040544303887993248487203607743416719084985615235
-1.196280316817102781670048347959231984045320484527178416222698085631966341033108073628777865690592164 0.57187478660809628362229016453963916605397509904369522523548301719145337001779769054879526075608617641 0.83122029719776544847184124135015770930025306998623885900145211223834419416410111217319421716077724551
-0.60876001786825188436354864230106577547997879903873452232520905088854480886578154841630631743960450262 0.13630299262702139681738989692970549971858521340479671385344797585822669523776875598247037708958112757 0.96032697323810764726591576458466845838784688212736539185345399177366281799452797911900815183559747481
-0.87791590367247292263391249284349635268583348417890164687410562434575345660791691508718566585906052812 1.661598665136333365129076404985559849232977940618097737903889278679641637528875742210514917189646779 1.0494871622770075940172298919402836830095924141462372969642146722524803575903107460737173095315516901
0.62362634192782445424811395037223673635883290667011396544499032246683502078491492351968567854717057401 0.7046080363117441410501512199857738794906411448173539707617076404216659463338949270042564947316646133 0.84913119889641748078493435874002490825384073741434293841887178630405965713214937003344728465768045451
-0.36525892032430945157031974272601395907456353540550740483445664854307025539426254322366238252931312571 -1.1570575026326782664100066751353221282594865264079149570491375882058778307350777934552031823414239157 0.087110723396167703188989353879308628525925335685171102168774965924818535975793499684227299835243996336
0.41705334214408147394105919069695559843213540068920636787476965837808681899209597704992716006637419029 -1.1486649596923734932787156465864409133264524621173115881327257754372002899893173443173711235182340648 0.58448346566945773398507828136058016400668854481972899952888151872520889467955776646723710087640524471
-0.12904402325913326225700143313773340022783772883376048129594361536604765101872206236358867875353873101 -0.53924633412847585076242706803359006007067625528837792881489783260007656166152017574964101056277811838 0.6740454563886153408279216800931646302010007106186569168836164766236394113552751752101864959186954196
-1.0589851521205787005570433266465856958029971162510678146424463611022131778891634298737571002599390449 0.2465843863767145404270141652802798706034306135031853959154676701272345092383069189348814279187569761 0.30214316659235299811354034637179236489197797604191421852802770313405309645017699601790154187457669947
0.024316190570439860839750986648434865564904577456359789591561383564645257630561733610864707270499445028 0.043424417530627349017645403532234778795896091662992381292409831279101275455890264757088743094276367582 0.63275673988064888548768330529851093168868020356038932037720442895412936991971411260864606286558523616
