-0.64400175487746633551322853353788131365625544642359268361907012141315006384371238186388990299258442545 -1.479560388030715819744725439600567100586470190615901883329221952835186324146343058513120217766529916 0.439939280912394183802502615714410147129717728035127439393415420741580869563273942562259658711771135
-0.184653013385651427061519378461625814018506434171368105570178869817289060596842779900492264948057415 -1.2891112462868390077572623098390713161395409675837274652569621204818166821372664757498357233561404018 1.1778730440476794656166057684977914308636617342548330028504758984832035291951734737080942205469215042
0.31586177603521609837185890380530541191451254837351360658213426979112016775829265542839532147113407942 0.1792303253590743753127364382236880557283898336557731123054036424379313230365909666068589673792409161 0.55293242247408140088626132461163372933958043934383591121737145525897833426619182868172061271062027342
-0.67579868543408766621691391385962060098586245500403497595099418342175060032035766711377587362919707558 0.23305969887141210044430632221234885065337643881132022349731248426389017588656385817342309696070410134 0.45970037670838190395250958899068081425252275837133050215968902781707969391427383723390071276669401361
-0.865416643947994125087194723806565386365616101915785655130854903330861260508999750683116776618832151 -0.027310809356580146268712335576049304319140243199514806576720106998927671941408878923685946890108200035 1.086267349370977086050067410477205390164091783474393155698003642789881373008607242958429479377927215
1.1402577137521902841482194840684539289640252306772199086873600582991556887246219380130176388763692523 -0.62694093632708176536971567144175795325226400072511637587852992313660917138804962230034759831755666554 0.33828528094589830408643230541370440238382534774869732579788803068887131432408891115816208044239594867
1.2071102792393018223059739190705342256146352012462280514274369713740734749845506103347687590897994182 0.29870492900619605015347863802069371073560635641532962401189364102157951398849719838932537778102153458 0.66824528129626623330884791025201103918167062208327340465419371807741159228674376054175373706557867253
0.30253001258864776119518341114242744876670975515521100361414761150829367580220481164830862052629685772 0.41638433093954380025028446170337450313616279245891967685881495068872065855817425944740649227345070133 0.27402664296368219380369076881793223267192519900083172825556817155172704667007812791078825700839340017
0.66117934509479331985293370822619332734999555294492861568452744786294792061396887802631351710144695628 -0.61576685145809897853617362851287339220474109784498187609094731217972404016631953710323496171171828265 1.2501564604353778444117352949271568943574364111041012349081115122945174772371892666427598125866646586
1.0545642951694424094083984131054332861668148193584689049183998514755937083555329516460532972515430594 -0.76046932330299678439941718908290004043360635520628417650099096519519635834713814487806605853067626185 1.0700697610985608556721756316692422119914820274532514835425902125355253889897609217952445942035032404
