-1.5136233364996271016091894011266763060434840173530811279283920578446223851297630452640052492059620751 -0.49948578453657063488596424822864032336365456261705057736264198897060451548116045069735506822766297262 0.92186870379241666293066052180369658722449996646378014306889304982516342895793839386877870614054221006
0.73511131239724346603406128399313674411534592334458782218934760475777717793869018029960621027338273188 -1.1483366530924285476588502513963631138774841376822069145499021350776608219806623045302618859153327465 1.1608094782334011688322150461829028186372809697906050317969511896719806573657977912611272274239663299
0.25935793660045801545189312423937512802276219223736253325106355319499917043062149523613113055886196787 -0.37465508265524471960721983517787171680507377271318251734783259124427968476940421525328079322736731851 0.69974607849314211709670813071828077636343991731670584708788586873380155029513921800118616832268598937
0.52816292662021867768101775076520161759166667812884472145578962696440022288525056226786958930240332336 1.3261173731626769351133704099164242285769460758160290455414122772882512082661123238677524372941969177 0.30450947192612730055953407440498136341316469734012185843833069760889981059350599808312770210561535626
0.040843169683992455046039466196778230385774647694930990084851227047416224544780319740357324939101129573 -0.062345626637372285803199785792961561401675022951797307169056966002588728043349280899305773034101636052 0.24470654060187163625296818256236808763820291902442493037609431013469372227758156329193277160737710486
-0.082806438923173299639284683820941655884744397832476384540671381831098288629585172579087420283939980331 -0.13559181973606459417748232708668713077314193280638955900352191148428962639815944806321753645653629951 1.0939842498718556754653169390038197435343748715582662852662858470689324473932792069277594222302635001
-0.097485527490667438068974397420182332364123840118874888465047254465423745574327963477182768831877710361 -0.051252790721957055893668082938259238536442360757513603912508061718402561744950246724333371782628123877 0.42524158913557046015372646562529351649274275113970799462747988740061353110418166279770477613236134317
0.042218846666886811169530038378139284265544528299243084014700322143266100541676254839687908443950028474 -0.40631257678227719532335658029187373685061677649986197653378589076356875292315118718800954884677662239 1.042418147543643231292421940937485496876138621751210389294702425555496473753425526545647860251639006
-0.0036484900608820445450274076461234325738116117995117933864658418147111085913633260716361596289912692053 0.021671205997892478475939518878881307882840190770994789740804518715224021344966119811515215112017864787 0.19192621416762542926167906896294109926709496819901967863192142217105955667899837449274748230812731895
0.38032280694140184463364010312267685157737091943272815937787232147608501112101603838072819516837091587 -0.032322225765401385907716326612180550115301954654105913256029546855857659175240853195787974653260370952 0.60009560775816961640414314617635094374883049540710494998456777758026883247218205739726191264756087446
