-1.069737428153802117343302123499537849752972674924288028920236092011198668125779888942488485313673303 1.3325635978703319987690263533588224342101307581099731995041170595175737846905290175970941705965452366 0.58147018492441993610568740534146664332044144451043225903566544390416913488507607507512287152238498728
-0.024491335702544059709081606217712485080846424746498967096032242934783834387211093122812654887126528063 0.16360058416138686277604522208462688453268395160452153127233337423790815051664314749905731573452669073 0.40986097898914513763192520993720665986054484163629390333193656265961303414696276240400612931021362942
-0.58936896573395871456782439484050290464897380131870677070857145856485690809704802429675953580220286468 -0.33055178882201100063676013445390310556248098345173594040245965925422684756488036344353883839396788338 0.73099167660031714273718965972284853652275138695076194019508987551862854637968965052794565921647186416
-0.77373452386571512280785918683177396907580095452192063658900094285379102321692497629334178409287842275 0.082162255583091082985752961562259976802042430505647061734862821406403903808028240630920560564569648517 0.08726671584165242429042152569250554926129486530602163238482187278699868915433412557424783430926130052
0.98064332615406037779987275951307349838591282234378671694002890102227552447779355798702906407606184939 0.63488474209988614646619681892346866419805057580362698111406477879182148604371522612451439914022359286 0.24089876318604905549170760577355399850772107769424705618679986680237002177779750134064872138466165347
1.6262250502851993413073300769046349978272475679337507386848112737684307865617168684721454450882514859 -0.53499542294450000616168795805455820584014340289501048031760653717458938378000304309029531671539121378 0.95353873979421684161145211813446546063123560780592507689804458216940638374819959206437264220303726046
0.51996941493951456769615907801567553739591473360829044641377998819565380422378737865066870607663707149 0.44422806140891304150929241933206016475030639930804012314347914384231112784280704941552530460545961072 0.5961767645330391562248568941847367618188470606929201684486613552380648187072389843748465145531912981
0.65315146280194297884884321011296112374919452783981952792150366286068654524560195125405725275432162222 -0.60248146876380830932281503047189494184587947522858411924178346087993319967190777107155245977927240452 0.88867275718219312543647754395607784349236431918326945564817531079794143921097309105782390273500489861
-0.12161498463094470627243421334721643893719652875119236627549941440925538399446613388150590821086536283 -0.24638524869951108847037823429879864498370169684869788356854264506325520080769635585941892566118062853 0.51477799097979699244817719662843897926301982504168112385797149456256057216019598778887854417169655558
0.42676603046012048821002332720814457083360183732196962199074855050215349410312894423389268574589462157 -1.3310598718879688515332155676840207334890079285902806417492386976210333314808968485790355323947929882 0.96904375679009465764383523084607821931454702994800442330854425033683840013879192101193328650406660376
