-0.22913629069630694129097186919681310240067843088159899452637172096937528171367011232621270008220704045 0.20774532602102815972540590675948016170375783873442131691369434419490370927163815659977161820228653304 1.0776597467945645970580860043615176314546528476088722372281064919802494003139860437864977897299740455
-0.36418252334791301985274118825594130437341768066700749981254487750731517045569780576337862790643617675 0.32592707196227244058900958790499258151332962394415604641218493637568110206940619838869306287943842146 0.24608050791750169878449634265405982214916816346037065871545479039241085274693428052974824217235664291
-0.2112787662940499042589574510559603550111823738844322284483298849627211778929115408006847823857770992 0.55613535666028016743735241952738476510370083029547625805337150494702015377290904234789109187582705544 0.54164145704688300622329820771879366952747994829586347843373561032632854513134943174449153677365808473
0.12009498010341102801403686590132873260006005856407000231838151743876381527032271021469431348496187251 -0.90131518921809270610787168160745163286530550291068181414663426074689238587905586395307823384345734485 0.28783817428329735311970762564825544366063575854743125801525869765892547303987940190828675024973960192
0.15343440139398533659198154596730915907020029338532437451636493877011276265223214542160576587553103886 0.70217182758419252286200446990932615802300680588343044897342096495283047680211507461163999311167968469 0.50310590594152028010054132348596978395226588688563364942002068508872727747821170115646659283746344502
0.93631094648634356542372695663910385121902390367625824248909019170148477525375902747423011673949781391 -0.035010912204212563735519201469903884488094537112564976452709854486441474906308513470512155327595260941 0.81649139188550111802711037120498119122330889098219530705162083131571645239435663084714313981103138315
-0.40399911751652697480211448652008457459450365484995597181171303199456666027563820475967253003697059386 0.12843688364591249543126911227321759639124141503397655207011510966809933560214303206268810775853472089 0.52974504835268732028591495388187324549649680175496146258222436228716063068012607738945117163802454387
1.3081895508431738175285971839780237103560493551873041779895830140458380823699807884912415542735797389 0.68661046372252353387816167025089749373794258148759761460971246090982737534656305242201146925634890998 0.45564233441431351687647986336974127580753499230086286311779728263154756421287245727761468612321695048
-0.36247396789475155177628810088048012701650611386168786628132984366072868590174704989708903529981869987 0.63231974937216467785475408274622093927633681736662279119226222566974279287216595452541570981408106678 0.31819742265616291796810428159247787957189812968360820416678951092132514053904069641497422547374072227
-0.76576670507938955799996505828217922822714128285790674562037977870826925886342095279413591650626700153 0.59434800500750395726698157427758127331082809052575914834383916025180087440314821420532252544321196669 0.87922111525378042981822704272905926124494150516536503904630470642663096981342410184142403280282149213
