-0.99403799945475703058662699929392473275541073540993898122945707822269935904525233822660878012682938429 -1.4026714050528659207714138616547194453753278755642210216482313217734451088402966108598221842353197379 0.62000750628205386298322279542057450941829488868360549545231504679224712642605570945768008860741167245
0.32898533717549887755049846721345136592951873232823921048704580135544484391847462380000337675015415339 -1.42297006011963540978696435950575255215588762102572128303544376507891708665765317005651680195355226 0.77520147916508699682207148505612237392905443184945626005625343721613756512044706677373626883673697231
-1.7805679543773214903117025150416241621352690264942185805896535721202899777145309797871106639397029262 -0.0061454063860545682854782531644081903791701681036391905342353818078521557577134435605614864452837729188 0.40515794781662902128670352482116689341391820481468662019857618036502455721263187817107908620941218932
0.030425346808206857134352810010440016740476545993323725359472840246745032132682993211073620167663329249 -0.026323482511304680676499857710108500602673396182325881274521744472837176343185902031657476871173802534 0.10508844497279553292562604908438025354683959076135672528083517430086793725817380120095516387054102738
0.78500810963444127753736372308807018426688490405829346064093667656066656183381008388623736844628609812 1.7596884315593549441508912840331739716027740393466655278851107370491641597432255425253137889280207683 0.038435316220422012367815013783984824057552980467570973764898128667016251339772388305923610632340922639
-1.8223421112573025733204088479567472118198474717054780511034141314283958269115074761865678579149270327 0.67067311456870378022598641435088224235364607026559750451013464271670004651624889551445442058923694324 0.003346708997282625939564160733767264438002948268191504219800439244747075995386859795514534198491391219
1.6668226880485822460713984885485588232441355875427260781327432152428238852781064468585029437656394111 1.0224472311716055199208674587374883099491683228960617553117510561771401403314860423019225707419382692 0.015330366056702189937352332602741579457743364830930574429745543101747809069545652866925069446235055342
-0.030413877108671205165351014493401906832965092396289309834062110020467222329544363871272935005035130713 -0.17862386013674660527516449722454913865136473855555496611665952016773567630711755140608388100078720755 1.141243551672764645492574122737972850393876540041897925430317021284762474085217506579422721299727824
-0.6903140705800572175071004229594281294633486623994759644272707655906067871498204849376450839091480247 -0.06508371725058511315545624068686593785763393984635292180913874612576187567431219549590412563024645646 0.011738552685780117603520845599104657466908918547581645893139583557607548426549328494854832262670320382
-0.23633294992266512997137588694282264271001570085714225986771405328048600824715566043000438743001973788 -0.33093549169731188451287940037103534347788281363719643504801108557722038426593737963837768509354076741 0.1756700072834304475568974459228245039946778290780009476132794436181632861401881406079942695229777688
