-1.0125119202853446826860984834824552969612963307361109092654423723528048507741690305811725417417326179 1.0115868931206459185264238643196026955099813379284062953452123737833125356831533158133795488817250008 0.56253337922073202034252745043330514126112238694239527145161276514822845416918531144993949818297953124
0.4710034037433115743004566408444580255349324718138992692530977543664813998920595849836301492810124558 -0.51994286336016775861492417350510874023951384691974171549795365162578475764794454787286809564154643445 0.99056278144148637741505720228820889526878745809261300776209711932411339752368904014462153227202689766
0.081539043568984455501206917511614250707055943800511060995683620349554257889353652736379260225020787509 -0.88619906767195784146427853367366295072110711289851208424226240383698433293951668658110483601048742868 0.23423243243005735845674200187133978780088555041063225352454589140381905571601390120036577079760149818
-0.47325826130200214554591847519646411669009562271377855487306854560173542851589365833140048223080416003 0.85384724974959984531021782558220331342934613091248398888121988472644690440253061816238435593061655624 0.66729670638906742626413739437242264494593287045160895483735961530347212178568141032568409955197898803
0.52223036358269069981953605153283029510419552836125215417276826542900190143169007791253860233948226555 -0.3436740168813712299406160882480402926812618231768245765719692094460273896248983387408604895438937225 0.73572482067416004783727174869026165883808337242180595532097764862419775033423048345092498555482426762
0.47785614163628735658605306092881504858934303817900262426847663564197274507852320520922342695231199231 1.6144525925422673592183218916810144272582301031910624130937727198208150932603578021161834779643098031 0.14073983018995872904971503043406641673826178796139606533395815613557075414548896626548274694795112564
-1.3689514522676023059071379531187358755323106374730688005553490855701916078035701138691741347551532038 -0.3620700192232040440665671467454832862227692153870205520710716729603736005145262318020280906065769006 0.48402205543620733703775900336215045006089395517288155636703503492334083963717681381060940839954368644
-0.41679224976457951428230111531740521929677644124260806788963300057351631009082866359283664944459508875 1.6712318641943955189102837863322711455070490127003578023604420522946106583666942227578408347981755991 0.39556758354489526887378724428862950603093030209041766894653082314818796298497002109946338142974887141
-0.22127563800100895254387831460299179605684157605777580894921699884667492345872434779326356619194939889 -0.0016264080224006040002728014638647813961813735893740912405738707715856483461017502545265199225523079512 1.1878979283970074980199687948950951603022503188631284870203868842098402735889400584476111887593711125
-0.67594700799928154304896332393046446946790862527428732211607216541074644528374999268240415566394092831 1.0291241697554434712010936756605451238472430385542048189659809104651754467696134860520829935118793653 1.0994669685185497675427554386651808140991978509512706267707978871962290032587028752719215482672339116
