0.34505003275261982746006273758311615403636247931009495896385701498386632624717639864665439756423293394 -0.25810904923447074531663127498636650138764871781375491781767201341034435182282194665786695325521398265 0.26486332795439024831405413932211315965473525937076540099401148290011554562648270704960089509045935623
1.1196578816573229667427322284917694642388524748104948079597559381919222833384128928450192396060743382 0.61967107885810463440149506583647828486040949121376472943541909100605593679069017034617897360130554093 0.10818933761046448464435575048238816703942427627399296227374209751742973625279894177702857398893899296
0.30180935498356069418624988387724952031329002333994513929998487872099727017139426740901440755655467257 0.089913433494703349662222305706399766067007209109298709885977272479995527722421802577430553863004236457 0.75791872887537328017132176496159461499862459156620184379753522790290671250443936744753231769866850386
-0.024636928827936969354341144388048119610226646770092364058589072377716750486890439350063564158670305919 -0.027661606305203338728300211657062035770065886675535156257392336795089130482870952229824205102358076214 0.92337149166606119780781623816427966653937070312887933555506121668223673676979907694832812835598420589
0.012280280733843008105103026685808907708906502367973769410155498951876509620868167576742707726683228949 -0.17448871746200989299816123871228079342469447241591657208777147971628804289336162226507428504967822085 0.363177695757437341375032803416975514865192275801331640967979335371946980700420603332545728652508002
-0.20657321939353627942722502852305173048001780251798254823672055035919502716912956987483229829774189836 -0.74722097866628091781010319302241495353066178409425503401105295756606934447547513796476334471005800158 0.03628524997611934207869316760968315165111725719891308411099876204638866223750493402109376689940089288
1.3802099176299240539110384269315320859536104684801704722664498642463961384432256460760014978226992119 -0.96108487903735361201647106284968799385923870680346096749774378989445807608700738273542554559118305841 0.066098759634622194692007126204615929096404786771952344091241355987771268938825980497131478897407047884
-0.19030753025789261942422963223260775592806845486412783296771589283308422396997359392650646487919673949 -0.65175056700274670420802994298296197093009417508003652773894141654325647931926562438372006469732603174 1.211036439312856380573559401149667798599174316372717558931887592221954837460467788916503944059105152
-0.018367361616895141472744738456792304622020517598362722059165700388374622141723439105022903629388134786 -0.024597208375753560997918614640187393990724156968897124736685609314636296723981562255982285614490118464 1.1670723559242840810537018175519347303970243547453148598968934401297848673510545801009134564594003016
1.8657045795713580619464728693686703613998581947312253825288419526844028877519710128982617489291567802 -0.12695392154600219423632409181001732574202260266106983040901567043249448057283901032477423756708557424 0.45112246304937058463862749686570114257362980326904511586122607636017625879093873639950751350299001281
