-0.41347432700956199709019840690337963741946651044971705487290615338701111556499165373283841508635804191 -1.4205330483515410342312038428429723313879333164892280836502415015001284880609018160244300632847930339 0.85077379762312554144456019186630611043336620345066354043588759029411471031317102664119388389727213242
-0.52485770883469026920989262614952831189538249712655466072544813890053539092819015364972095376440693129 0.1342122508155676964734688678845554585845750638684309327038475596234418067678854522993671737933609721 0.96692875503165013800396478698340577997123836953541609478107217054969373599557461746562929048501366417
1.2006149041911561161398685702919772512534205607792798202850054567656321897936350632602193328846682141 0.46432663925103655799969596675777092577094564296244056277658417279178103579090126778247319391824892934 1.2280441291387350126409061683784050043215729144302895481081112227642288388243899360295029984747402557
0.46398615786101658470328794663353084542076918094473548130068895914818925741184188746929874216514282499 0.9478557481378757558737095085969869651869986284502465692803341619162336398723189358267122625753725041 0.48374391224772781961201707601682794104438035466532071119024776141596886484340345425024061938866358303
0.0068368871231339783109314327411256836534813514146757335160289725545709536524411933054494959018934429789 0.051410906972735768935442712694753726573325239972400241947975684693376547452827434454549812623100525495 1.0710108384806953432702708568287202135714862233081882371954092287650568844804892347170618355424354329
1.539361606982526827263592088290841462260725725964795049721038260774833576685966135667685759222284765 0.12861592742840684282623141209490228990412439690953664204373026281052564603642838593838138344771033249 0.28856320436864181658107107507603175619916325844088217363416692663842199406855514092185063472953138565
0.52830794073980950629219165038614544668815968738958170774888262819425685720490457955037451498520491003 1.6557112429432457748758540160952584477674866361868460686056985460236597570812963650490536662991899914 0.2395120745843918696473176498363922986199856740022487455217768793364308363685833474100640466494956859
0.95833707167981101396616570463519944822710729127098451504689449345897943078577160922191357108479555227 0.6792826491577877805261193472954977095158923827290403652054031234017754778355050147205850219896266606 0.91362354084684039741791082062740642250695376801900322261778364301245861833340040588102786628443841676
-0.34243165435411061979403118325666451471584329779155207964895299880586153335456248841104284758516224514 -0.13826010471064245011518588768840479162327675466522878453244957654284967469841295314141142778811575491 0.088252651134928365695656384627566718487051533331021536895481350528326988940669540838126338998358030205
0.0068122054465678145657641545555052737889819270954224790855480916111870247832577502734231904318092017085 -0.87876154965347065238977704555790942088716250595229761141974172633365020501076601110989757875597486045 0.38366806697512694698477248350649714367563230908758116122684846845002942818474208320035256018722011238
