1.1209433437000397352462741530508621150368073954604728224573687588345098064129410287026635938922531535 -0.19187918179572676672741582441786645614112110406656764302001977186253856953804751996712768891433470035 0.25032147617219259686854750812028385559919708538950521753326184035921360761010134132645176099016743259
-0.008413682822100458746622427104584882807934268831418460157718005694813728509329194050551736202108934111 0.0077120518427293491685818331900127319889267116271221948080003634358023624038202775204093019625295077221 0.75318900924726514085287709065509222685985138376293988833844261148037957198071363034868653696739274192
-0.08852157156668273752228551656306381306918469434184290110022518927880529981239461185889836051247722884 -0.32951532177975764311923551658081469018259086217437863904780424650428157467209883617310704810770265768 1.0124093075818440560376427639586490035256435881475654063690309668279789201351551159519737609549448913
0.32088206291592402515468670770744007376470139508993374249052363903781118844097718171889818614749911219 -0.79784520313139319882184633547745428642948450949753419194753072999368108568894240021930961853966007441 1.0235906855943905256012540659647362745069222470896349314140659873177657228132431505734310457917573199
0.67408485280787420244828701529265841213419251882389819005042316258431397006278227852414830198886217003 -1.574385167865735271712653822292866697952762849381113962179457583739428212351203846886729840711840214 1.0175005287421437038359110629754018917751786081229800962619411468129790464391657339186956889083114168
-0.45764404501601918053301429709640649593610549371746789140048791632755011234292860022263991458844300503 -0.70253522306586941718075705567479707304839431381047481070438960957468503135788283150741012916245731203 1.2108715039249387172187451441253356381641532944493795105225953784465642744580283292608253864389300574
0.6951917339795206519653421580659538944740760456253666270987889290758068957386878449118112270476633614 0.85340772945877046878589754355355096010858570955197191965120834445272822686667803102504264695325011022 1.0939036835039688002470070222175015904308024952206653569734393692638817506219896640851719531595266655
0.37061434951660704426159339503007773671960835417751491470825543436275831589492639205773026096563330715 -1.4511262473672984853724174448866654075053814548686333821462568075212366449551512130774726958909584706 1.0012606694246720375216657363137968686202825067502183879161093877225578111528920679890589054297751303
-0.19549491449088838102979392560382210418679002458953474282965493776889599003378034667551654480707855067 0.066533914328173516147400132684951949079999500530733843823900467720532311301914373610702101722436883744 1.078719539537750493604245886884037390254161824505905748294274861468808001207387208349926136114961778
0.8131883037493219838915672156592168965185620054285457823395231283805316423976566501767241347946809375 0.84319386496152833419764554235600404648055856216490492997233466209876326521034702872122517428048227071 1.1142052510777541371638608797075534038709104023149221188015042777309713042288778161036653964094951565
