-0.84986410539078691836258383681947623216904523999914775094085186572442334085767180203624338728601981012 0.60387177465726132270287537252719606849177998232021636187186471061629935312252568766071819148365864278 0.088079850809231610960109245474260386728733542387937890225974428365637547632622337394860683438685833081
-0.98487820848364422164905142421309499956800033300153178776665465104337303682009037089709614329831740242 -0.50563423602501406055137269719443379843580940539685920952592494719459312197580796696830473694836494802 0.46773569111170324087076939634367372223663406533068173472476322789160033767107970954048833621517919607
0.51194467711034263183479361621009650977939556058110696192289305610376136660996906121998719660436963074 1.0671215279452436852761699128061822466306298435571144903310448658486026274890744978431527993270095526 0.49690006129649221202035357420215079845727780169641822300992414953158897183361717884931182892780623523
0.54118798230734695945649122563630457040160350540338083176478896739424569220210810969012369563326203164 -1.2495120419860883242781394190350732193776296488617199197624026347203844595734011711582409543592081542 1.0809287971989506609759916295234238996412449446584091918631504576302951328697918536513107807934114237
0.88511134555672717936153641830814946265697179516788974180332790056995660998723875962899690861896764837 0.83593689981830681849657966996728500634463759597179921307678564326811938267502354900877577357227732069 0.92463219050174174449728437328509341081705441484496629171000851422552911186918239967990089491228551166
-0.70724400107754260568166716407713161053085711775836194437282679225373570567584731353544897205999649101 1.5626965831161509885791988277012793176673164697089246023615165165122433218349253866224128523987296386 0.58579290901453600791522600078380631000720703419891203371248206142007541288519954911230848136942336453
0.34262035635049594377342760744003562524955944732800289711774768068353912753506987729431551174113559612 1.539223641497853152939842188283090380162969795439532906485360870872354938593921151757983539413706286 0.60758986097062090052367840107907752189164951295296145523766602285943158716560414900064278336361022485
0.035141896953117734823081649090351482277413784865182816524885387950360265025328432195553017309896133393 0.038128015536351888172519838952810899213815177417798937700836867279364671688763490819465353263276346577 0.12327975564239372468826310894223488281419573969507567995029300598617671649443363580810090077984776307
-0.024379328329906334032851774072945959528521225730978368655837659213840053278351344963452257867848399866 -0.098131177530619388022462934192355938507670506009375340895949717009386844699837947319680095201675198322 0.12057777849772356525810336681519108071481238153900317160604823834775732059071425959488797482564362103
-1.6312639299689450136065746261620676514054620696227998925735440340202477208531915264474357889061133063 -0.26442274020228178898562829834227988961084574556231398462998912951364563380789710733675897895298088431 0.75074277227104698409918950178406606325469800232509335500400119065558149873996404235880838734591397108
