-0.33679212766080495776667385150969668477767588980700037631856843089234981955387862782010907791499266711 -1.0638782384112281894362668997818232548998292127090710826989573203421409025181591115093263789002172525 0.41691076181238150836187727453895978292372181748584188404555581963771755933760301119523224332135834483
-1.6666126038927070930061132960822321511823178163403788320011321740479649132732597963364308422565778311 0.80508576226468958620972893692605084764515005510601266377109171929052936205130613299693294461745404166 0.70273158093361688243120726926495763199390104470206240278271225522934265403769447489811791223057788373
0.74588355412505373480912752385610010096202445104493328659713859489735850922447391313975159029710599913 -0.0065562379466346232766603088154404014880736789624340874013388456735745843276183943936134848628846528029 0.6767179867266092639954586088582076459821731140130618320554912809157700617142168249928517805807722156
-0.20756217325788847636159517881439058237493876322477412121619434830626832051236198452344770750066825846 -0.96406155477184081684618047664998297023947131162767152216581288623376253653678090601236416369687264178 0.48002652055422279784158317487644638655988062012574288315794161542505976708766494404927075538120412746
-1.5746916899675065163751415906586990122078563681043624988591142352365592298094904983040493317454654089 0.85184971594120065533299348378528853516130638000341750395907270959414398401896888734125830904491445078 0.57091420692414972890133865412326501506407890622606087505474986139968353236302901998513979690827613182
-1.3243875200989349881382264980256594060471530593056134472785997985362975396352976081349297934138871686 -1.1226893830958895790968690880664187518917622892144394339281640159138811509044626999204382037026688817 0.29151099144536495044042181588174398470187742994108201507060967384609451448191823130599216794677865928
0.37038144829414460508538994231380198782395396835625923403714044171449559369641086269933507392174615125 0.30107372498419087519659108385012940179410861459928904479268074149394546456488866806667406472968644626 0.15777644389918167196324501820015514423781500521016227919338029078580719621376617158040922074932446183
-0.24936745613996579795555463394144237371123485492480147429149250827054433541571902369008714804988011383 -1.3055720267865772198868582050365113239187024720273506451647441432305827453614123506390451226063513105 0.65980989389356285333781652383904675817200360764441108222743870328124677365850565325409554326582044425
0.17421454501019588843905315301095113001656881879388509384901527618303660702532863463051818564048041715 -0.52829436307711311940551561674979872061370576720537168254042595567012385285316533596293554240814826252 0.68159780163460812115373731638319631587291946154024283034372196888359370389227304333769425984548494463
1.10869012081868047685786493033513477534439021514585246738164446271959262938041690270041893747630055 1.1096075371108964630578860132175648898677238430514601118593602825279477247457978226977528373117766306 0.72428741092404169588831488834087350340158110591042582200229544939794776688106274438051284454225948482
