-0.01297797528460234545656078715497274046977059998857701233721167573412834540589345599886630858724968772 1.0687891880764733134358713388079333399239079973430216122708628306077354991222413729178420051895056474 0.53989592624507436479243443740424712766103139950262587196466578714053686362593828297358662072334207936
1.5406308218995227886703961244508630617189118961191059277050669780870965309378170259842800398448287969 -0.72292593830967837346065557060942486237958061735074743541872461750652758045643997605900545342910643406 0.14878422188272093396305912181696040359757042629430476195538717383590777236687882974155342254438961671
0.81517358782500293832173593971543563840273949181181963390923332095403888808881006393197584275182942041 -1.3771078040301757041568854150963816010661180535571874152324608685744915956155491719478262857912765325 1.0040174772012116666378983847132796763001469825084718347452112606712113309077443798338700984613435259
-0.74371073428920412044767226726145387060374871304121320294970499982348979661167429476049199032804339734 -1.7385310530684392358395676652595137264638112747143726113809340873392380945528979178991719962982313012 0.52847591052645865091105631973832631260114530391830950993927925800562855098414426738796523527223319089
1.1373675698279165801950569854831714320216546661782745974705428769169937659758640299125082348308068399 1.5141624784369655834805379890676500652912423409511608516292461852821921870542036038069114715663108582 0.26769984616907244887927685619391141921147320785668933706597333787534740044142071470331012023268854397
0.025060663574967660082173556841820115004887233869939274969601246918467633491862413459370918508226135316 0.0080604561024485000069025599572480393113228322333268409981043743476664723538461756307842734663808748926 0.12624314807443549249393595308921531279160230820018930834694856851829415466659342789324601666105769579
-1.0315541102222378976148955958247441152882499730908646269442412666256945837692874692219503186344569929 -1.4274275491229639937869916502898083226487933764315285328309692252805298263060434745651178196256710179 1.0019197333877837060392895052943640783900718641265600024357633903094385479062375691570815115846531757
1.7610243767836602100373307662184011227622990331525195476552387832671708487411015482078451288306675498 0.38967461936042280041293411573108496980647013953503998357639772628575408402670091994843971660718283408 0.55004136067234449590168904183692182818293366864066512996998277529404792797743060180839304316166132221
-0.056945228257056325672791483926297116250435486111570829438885812032904948711789231209276309292620699819 -0.39209177411832759910894434519778310033490343787735190187733333275310208964746937221618730668131213183 0.78419237701227222726240440569924514079196835337164768320600625592028040847889917501414349399954191888
0.023164133570576395905895071797653199871871844161107436373675457140565667389752782544902487490618843821 0.077860052117570624901201849286574017069323349470745830446127112959397519738652236350637948922063540714 1.0187870053024402424678131464326869863359403909973095639924665637502161469056423873491217303015899324
