0.94059371283610361364164774353474706522359702978086012847022345942973173986451648998352918755946774755 0.7180629555100797663441255160498866774325789286902817612436632209628145209052525671769592765193810797 0.10758896232842066527406118739946737023150491375450731301688137617812496175240023921108903010693195277
0.36537805624197477836698341723610878396225839371560127322416384600531735972654318720877760439252705624 -1.4775732430202174378026039104604930909173353185525861950714888973832623285905777637859733094362952329 0.98627430942466517111771107455372934223207000592184163337383871884960715648239284043704198859300872127
0.60972914257994082609187024263900412273429954990374215298790032164320714737016065902999354167592633381 -1.7468377315542608416533730987973362744296510476950307008934239922418649628697654283727798668368320334 1.2212779133634134535052973258291557561421122037559034350382382053889203139386273477028431718705686906
-0.45427884852325076893341828141564246124200351971198050210797062625564357578665694880845456615462971415 -1.3118107722288433598576699987385291886578178097128877125679598256478530833385864609102542271554226353 0.82439769427583810809262931263708893373100482151178516429303022773357637623040441168948803591099912907
0.62858870115199245029492525000830153362671962603598567601735826863721777826994748712042141693251001452 1.3459217135824193367027073786949537157967677135709179237782855259907486263618295435522452601605116649 0.11346238866461543818444153551184996677577575549195699619921956975449504109207979176247426509953074649
0.92792893073288222859748883138882588932197057559395745003277526734990237146024708337073670977220584124 0.33548463173628889253854681500438770675989984648264085845491270080158370714721915750181352541873582061 0.7876465760864243415579355729727360936646159776536492732520118566112331677984320552268345175817493506
0.041204373727766979004572464920843880850081615925333067125468708564650185676613697987213385054461683257 0.56682260596965133912605677338830981263038410507352258103528747837069617032138095537999976076248102325 0.66175434203631728673233855819580800304607491955714367612874968793240428187792036888075395533669447742
0.28725120280758704380725853899314602102113471445212470637000866063537342535191018066859184537928731674 -0.34438949822798423455394603916472075224454777283785721994212871877993586488756014751923145076590195785 0.27933754285105494655011658413489873172144888603413501598316864228812296605386643501369510062320643385
1.2366365589489307834195549716117608844894706952665418021898932825907034322985340964815590078791424553 -1.0331988283390517408972712847882313306585128005193098123363759303440276308321967818984594840696067467 0.73488364471461431742808349766255224914048975586437975966539746079285104914734804393582963015454110215
-0.13096844187733683000617698738933678183027082707918219068372490937215873052210888941698548280175321882 -0.49431072017831474082817753814068272380198607165198125014001584791461214904618764931437067614773229662 0.29779878575628992630573888003403634341307723902788604447494316718202525356274081388886231139015448001
