-0.89917044086526297680483020201841379088054951925911898871215673798201436890007620726495821490119271288 -0.30070193867095710641172871956658207610185539739437674317803965099327003883886985991049122752656534576 0.56281379435832593357561754440912852365098000515232177249833562205084162791182919751026376296439626042
-0.02051998834149735442966395348609517515980403343361741226304165443405910015539127764795690696669961572 0.31422305614441815261412368765160607278180235999727668740195328507854983178385295894275116331595743278 0.90486778891429435811620063697365242568906256094067096484188433743594286862578964502066139216704291731
0.64195153097963808017631653983268212953110906045417018178556878603723925863474935180595579729727709744 0.58751069536750455319322303275152224252635839179687220941285974127697375339880352328237896607297229678 0.18127679267787989799165100323589744678188362998002084935779791406509542113914995652533395557917239145
-0.17578553196318169240030636692083410092644474921266578374379137994321616271669733418182254005029197991 -1.6636068276189528993783106883081926348313318469310559424474614557528364515315391762473834521398942569 0.82770875376584049926021602457269051817881533983315812914044575867801094699755455466699210642138329355
0.80713086493390390839431005828134283056734647561354928305289984250127300763824103584385709127600891442 0.29545797418498801690861769210578542074835675408574079422430427951982481870531948898297707934351014926 0.5950111891701154052703551306748669896501601012361456402227870490859771549264598003777966483619595138
0.76310883414949753659604193495751633860624207483306181040851080109465441729758709190248624922738836511 -0.057150061775712744336522136596966985226762431026735963273171742401397366693737173244646121038624667534 0.36520119252186606217341250750045809791980959366561294796659319222257520018451231069855152191556418481
0.032583571175713965729206752021162379236246065115960601086456128186945323168805993907935507836507858165 -1.7649394208264410607848770006179213058550393556379234377719314557618528057086283816536556460279046252 0.7323216700806647373076224745632475658112205698220475633178993886686685727144524017316317665686539263
-0.59209681173146974655302223311362464477479568898494881317692573868013054314759086283913069242887594553 -0.050412694609149938295468432507167065778418135714225785561186620644984964876282573967862435388289952229 0.37202852943373827587720172256755290914044118839335049971327979544308062113220595856375357936386655927
0.17112923712689856969328064755883999964595113739068069682066818600653113820771321903608666838810756372 -0.075274278782800123236218579376942281071615542150843583096408295876215978278055326366116668323491391271 1.0373800658955921171586696565026965519739213558966144443707332996136541523980733040313585996582223009
-0.33980677880295715753529045596526387624537716264824977255332411551482022322561380541041910657440734318 0.72032333746026211413381908484446300274138602673626555989362599862555890809504159907663294464174531262 1.2538731291817647635948547983062915393104291260167309858971673004906325702362728677291221159605739775
