0.66111542659373934598849757545003117203409288819591241970198741103425996535962932384005707385699468828 -0.17663877805645684838703383541563927145038557570238861950342178055790099613004189523887744655466518147 0.73502996278175321121171605376767327227970837828441534086158459206147358504252646070144244130673301999
-0.13570289630793892830308657343581868305684769908221353653590174420512162891177485314899676471024931953 -0.17383021573627787182379439803262198542699533202043099756739361786069488297328500058518372505074871434 0.70370360281373978259615281541045052344006778859942065006601783496356126990154235507523596144282097647
-0.95030265178504976304246044891576714278759191854652741834563317693567488087906684510794872735695660716 1.0021904721135126389245540177307998289579971841724926413121737917558331239923173285334128089876902264 1.0322255092622478497287768350819609516428738889883154113299726312931376865656541746279550138099274009
-1.7193079068285201541750166632124209146389205595888311597838583010142081797582015524600435367653029954 -0.36211200365090551633947207055512826456142267705709053962553227745078617808311645846371451361611051658 0.41766331020925529382250339654878737932462464692609768898371167899530904921358085186377218121772771651
0.39706248892789123266688578244975929517694876896513960319992413427718095008311413329829767649489209158 -0.15192629110214287534540189699940452061052900103475991460546582658744929774979249547800168537562817683 1.1701863422774675057496783498098315934376004863416808470931723439512059047264501044509328361522478115
1.4541239512455916782997721380700214766455594987493955341901627615083777871545889214504683263319397112 0.50776782551765011885842064795073342055090540949182162931279685917989047654822473923358854110338927015 0.14192692913006168335364160400892726435680029497496764125485221904008065198330837342292460701383314638
-0.01849355151390509186822781706142107810169771945508291111406672569941318634585928217397397078135945897 -0.026607699062023941903926418915190867430720039284498421451616195044015615153553941367217356877480505496 1.2381014726332117421688076547659381980191023340218731960321724019752697254332721489014736259713998781
1.4396354449456538691744573651848169042679426307073515409209666422683219823067764769363628286040988814 -0.16281094474983372048909381248070656739010267037656153192942776970505731547417071788515525853130225542 1.0799162091888671116232112218527911913163670461075177343206659423202451685375924433418502262731160687
-0.58603596942422525103162880224693690515826650479615452398363696329511829051086074730075978513916454478 0.17503127505533022066258479331179012024124007813068045738192540385618998483964812773926465591909103028 0.89803630190558863410526100302016708147266853778255164745286740144923599893371044881553655362469959076
0.58956211817772574872245130655099071583604980549087181931295802168899329215143277915490847545379143256 0.36917428381987343227521174329446854534516728133426806563802135637563933101699791210063418574589218447 1.021060033931899610269030646377305596171838615574220034016190622107434161123100584246633170006553006
