-0.3992586647481732433521809843304764157728887930560957051853280009895530745008686870802795879847255727 -0.58258889176303103476250079932114742845495147465712164413283508586439095914143318696877762923101616622 0.87360513070256765140389689017317660876763378842666223538294875273071772114001862009551323178107968529
1.6422216243782235321890981119836313695547643153839257057024366798954393194399648069545929181446343176 -0.26022478786903832055623390569993628502238415451940060537509454056281690577012008026411135329740676545 0.023046555157146168506271080161266487480250852077217956551698323688245241284278012541103817642033058563
-0.3356659657760774225996590875838729017099025588722499019082473751758006108678116309925056623873095508 0.41539537971294866397723454542069208105851290737545064603845371226710739219814782286658386935437377727 1.1768992324952446691665401830359163415100286162445246092771829028855085113686374225437246552415722253
-1.5261250365394202171940125841453154655167291073683936195922184256487939654890260552099622279553027295 -0.64810109047930577876578313937005964507490151042527890058993538474134308123094553460375261773458466101 0.30654576348203562183598653182305449420914272314490300689856431479528804970289002533682272692669141811
-0.0044403644026731609932271948857773610332663236141771918330231967778706926963898027257363339712765651678 0.058439856188112772697843054196361415364613179019580306339909095325244162824060749194862758136511528724 0.79725571458879473756011431397957439903656645680149628803180584748159512039728137671576814602944906552
0.020408223980166074357482476180477371471643492759385357855483115286925004185290228128958811876054532672 -0.40095019329009337619690729614857158736573292289612798586281812903760510543924833889999424518804169697 1.2114734060188247897632574053026902023896195804900044798184056381518131536737328191469501702606395042
-0.015092570893667720958932875273682366466099521021258149638842281996521022368373019647319746006236100027 0.33684884122263630506266177125823519949569507816983287392541798053823294282176048084522065332580865834 0.92733787507016483463130295262613016311295020267333756121512514031982096302458748876178953205484128648
0.56645712846428959834326397568929703113225052014688427429366789883460337270922882836956875283004959306 -0.61542175339601756293762392864065502208902473794794757485925031065309701204562752581951749535732928163 0.26379560550870663351546894929945206760537302624526226620318510565154895260110108366241332910053567819
-0.25646136228103153775801014201240456783526025162157204679216438250580105513122256110273507849291059835 -1.0906917938064751533748063898979988634407748934329432899476506348518860665609944268388198073705745425 1.1829579690407955199019336761046224883401942573322730905324779808213602176234192913142288989171728396
0.14201165055383808902824260896797798110275077719758991228879953046968464028372309589994647535185261944 -1.5579210409235710357603473183403329401386042793138870114180264708645596553631596173903625314033892357 0.66528287939883452626607398299425809515330478180647820388644643423429102992381428614190421243082212577
