-0.044260479598476642646747775191042983932988097450590621863659976267851187152451208792785128165851731744 -0.36723269673568887294518702235662349588009417703521322590211044805455927912713726899821723819902153796 1.1017545605941020471164816719740476884716680277399579320988353513094004523378835887279356393897622955
-0.10744424931663173544444477474249006569187646191996887356797259340770013193969964552505391930556971344 0.072615514357127841060972244332172194936542105196826541226893215659903253814840121043528782482819408824 0.3597302606771220610937929912104493587904960716101446517252118521725174171316009709537241863585527403
-0.13976881857237830621603327122870856735905620614052832220493502887858166969231173630517428657333644159 -1.4931080113700521552598556172097172876220393045645759870416339808521412420787615578473093771336501319 0.5378860140690911134682677547527463633095073823324207116042157091491417313406182900710323022973392958
-1.1488401185531516036147624625143849858578643928778885906029395768293168726507232052757925456608565054 -1.3415642090341972211509222310065076949032805263270463611048974514697007889336677657899478972590544174 1.1645896419218813243053152316707080661500341602623540511443272796885128095303352967665372218704377776
1.6660722980649205255900619324655912943344160302717385184294690688527131825528622877867150029214165532 0.2869865497358209492697838273923508094042745969193866682098451224604018849262765747991269149264359843 0.56217992923941973117182843703500733119006751064064707370921377197170172907473302763405056039770070179
-0.72521502515338927535201198195140639831146746770245662957217590462530237851753311555570879812883502408 0.18161077199526778402029220862267137090879465831691802865534155833117017362897195939388730153867137356 0.30516880778948957896253805576731626746270334283323874735712757170165022788902888199665262245149603704
0.48314248956947577751590115360343781444436804619751421142815727584274754165882770129963430983114996659 -0.31039185030699145563767261971310108544759830301947112719216765736362878224159565043154124648295868157 0.41218296131912104088105522703461536062053674633742211955632293906639953458418512355659906442072449758
-0.11532490973730249618160201950056511037786866977311806755005534340814009282323362016170398233117304857 0.21374608677775283488866969994690316935797003949650658692878615959266969168184187488138945766995586336 0.94672064544290773359756564285110513625404974358933293153906915375605289019385407298748256712533952606
0.26483550557940316458262243954998420233234752442016514726361294306451047842599570073047005986796928439 0.21207493844371596661431428699628455623909215210976072923090711542443218616474193267159196775233607045 0.6935606890376553552355867487060066628332543729111781168948013112681650928145643107497527630533296904
0.16833319926126952783255556655069434957118224799393094797937857860635066606216863575531492213695993617 0.15690844251538190699060568596221435545197734970565173875590247492578167384878100316059391719627183658 0.68232175122862206678258870546306531790703173710957088605861722357722424143255359188732056673459579628
