-0.14477458281928169490467159992086460493699483614012389834757038720555897163680938460363130982059500521 -1.5961690199721429481664326723319930573337044337045560777087010565176376443451581224389143809033045144 1.1142141988557576982001559717493582675984577091273572879107363538665817021710206332376793212786632768
1.109924079682616332182462163059400426094622966530004756409121951750506083254062176691493028555161883 -1.3806192712168288772231875141535317413079322077326363098554190340061714579089362893992680539986575735 0.8354662605810016851144807216015053965362832103963071763226139838366625996928293259955603290210361492
0.23908491434721514080126734193091944342890601342825512717505520037864006871175627055331530686652800059 1.0023870132364037364428945626791993257333954339275937601329599105756341802011167845912590830086939008 0.058341026856549856956924507007675624744627011362743314005560136067714264563552731257003389007570393969
-1.4209500795716602415966158148361058124197191309723569299264426191321289068576323505402706849963243051 -0.41076611308836843429815161865229137154195350626961937492158191622971799199338606090891477396035324865 0.25692367883769595823911887439240050562648024673257718054054681813904258057292389989560196848790132262
0.083547954782221616335135736629476163391397619898784355608146397070391778905129635043715536790158544076 -0.31676090161954238226080790723368836588111700072899248811365725107060710728742215071354321536918299414 0.67059577035075735518607057906233482519289300682999791586758119160952811327316169191080020769542619243
-0.26157319382281280251291360704603547025771049423415613958587625241030976283145826049088763204765724839 0.063106428408948714222147598259417544092054874473166383585344453485393181520487992508158411509105510855 0.42864055576095824553799977721352872908957246289099691747235152351743744364899276998734778549735566024
-0.53774671658953245933430487301558172595315737573179388156071605629172181986620935981513256263648342249 0.64572024862905067812747322811278974474235394434942817711250027678044849059119859600979247831495996099 0.97048574107463809900136136610351638290016840173363308444055069888167075398663717659256337770934918082
0.021088232942218429764515824372887793868305234196650653654059964967852564028038884789475308402575164262 -0.55790880774331068122597509608786564584109842252420891441120028489692118084387864016887093209316350128 0.21097335852061103014139764717268481679918741354357509824090198464485920886961100365591285587786970348
0.068631372558480689928861411805403529573219400034204835349200537653859725440879876989204746951843793863 0.20193108986162180949609614466751093976776519640082690882294180602637310653009598056290817598473681278 0.73431495744291504371136551164513034318913733375063542793851537631539873179069139124757388335697472179
-1.432093055389648337040537226186744003415490350464939347375936151788315433981847395502934170466537019 -0.53425865706116860076732281134580252511487880436141132029736223364432700209202625153073257299325660934 0.28319368196246803365346893985032233485761947596806914945155696839065324008871203261720253949301808557
