1.8093545654494373336059313140718408958100078929323665753618608746432020280282960360232085820147920726 -0.34020627746004473549730715618652837120384554142478827549761450141071458646347804914673802651304597322 0.34881732877693676792742334642673578166338934450839122815039165539161287756827710390164498334985798553
0.32896940488610603186907417236082220461996388736986353090903311880522996348171071574479295107063050847 0.28586632020354026398325730043571106196238775429942410054727239153984731162670130932156467512054692351 1.0882836171750284499761320066296073795885265384035769436029051835494083383003116132535668736561650186
-0.85339942441067033962873616674102595741074279927382908014885058639138415858201914111634764297904454984 0.92035084152044313729233959971054107822826045487080397758678517546130484836209105396038494409412962297 1.0575415312205411634036584023426345396901953700115842939839254354332256374421039626888990230032888741
-0.35737182163666939837522366487810227148561523603074774917917259751274615269699880768021231710401931229 0.08835618774015544766121477868661603010012396752798360767753748158156569670640504086995831612122471459 0.7088490535182136808043132254165646476958353282799789080858287866295361747063629268583639934237797691
0.70410854673954193229168435392234731653255777729984500486199645449789442158111562499558670458449057142 0.18691924515214969382013202884332165719946390062270167065473173984483916496479884226780478053975746972 0.80614455914196102063155906990098002562070315964732579205089517203729163028541538473998511072267835996
-0.71948511585846346928759512282616920165829735631268575096466146875180104813895663034496457394846001928 -0.71173244672873769306117822857984921251581219138370596602287642459378027211181127777606387696025889201 1.0477384895307145190245619994753865351601065947509235679938836262998645128764713261988866271863447131
-0.99677270364223720436642621966382354147208240221503995487734874564685096439271501293374503106970072206 -1.4141747623311035623184275828082144399087027821853818456307515781334624577527906309551966324292920438 0.95960643733249755905052924693501712841480695807711759785996917978137279080464126581730991738380142038
-0.76008362476476868569337254617084447631081892659206379472639896653816276323878500770326208852021053428 0.50666398028480496291620625529607138502567269564879456780472787510585928147358760390858293163445853174 1.047521469617279918657572414921517596330051274787834567452310881885548375927517333369445689535352433
1.0423553925999666697051115480936406985397124011781554737154709415543695578525899932837346986477996091 -0.22876496179882722162230122027796937669530583129049372858864874142191466550247488927757419519522118993 0.30223847423103532541884314342435995888606436414121882963022737622069119526515120882265808547167632886
-0.485031584004156646423408754948843949589131592717810250864355271609596140651328199428543114560591776 0.6720040911701694385486368299921006109757372232159963655346060832184462713274065936425087961235641022 1.0390981467137865751672687156596702705327675110836974810086238903119102054873244003891545562113608279
