-0.24761709515527902468291088098484441344794443834785062679299346280601696288135676634100162362294634134 -0.31301639455003028088023586793555357645301983044488699680415126445596943684149136496349908952866074666 0.18381701712990778036751117586146135116496538482493665825714947093461301752230413570546356732745471855
-0.12402003480482362273177430296330987322394932212081496485257403323896543465212526017081833731058814553 0.029723387449545117295914230473598274520891227569825761287566991789249771775601496765263252552577146523 0.41009254464132429334837636760761274255519761297383383313872689414608990746860578166166104404406078058
0.16204461246809705749564807655929652562429587285807330680846495041812543321264983602213291560098200717 0.85772432482147588348534617716912262144916378884077225089203867960546179426721592613823314494969728213 0.18938583579187125696324840191445803003127213278168872945052294292523946306370299236765976365510587974
-0.75766083083437948905473856327504131595032328232181956300934016301399781296303327803458021476747226655 0.27514938541081889594448319252802258860727234023176829068942360332664753072530506945920598826605327202 0.16552357500163184513564294224557669220414163549222733981856140272887346979044639027440124008406968156
0.38749285225412411165045218327661489184400171399968677315454097257205120767796743688916815087134096444 -0.15513581397946514607022978099411208996021118657164500643936717108675180035274818836900729413668485257 1.0395327818420208779855344534937645102693309217608057192783498976863509331757878893400778115626271628
-0.18294109328905229234709420299867691108383309450121213976719346740821691645421998666012890526770641685 0.40188012436736248198711350889916728697725579603558352346923018172000902520145643033998317767018976376 0.85836165872610075383563167048877255082701630228999108188233411665085531742480155881147685552443076782
-0.10647176202396165632499388015087608635184663370491735135102661029896116019004001535262833608381303051 -0.21005686710508656033109951066879106144115901901796458902677884590354010786726345084594457091828632752 0.28020032369444935095060892918558679512353780333588746256625303479713419036842670390480039682003349285
-1.3020061259999806239413390661411063404509043060098267438977659172893279868138515561442678660980098972 -0.71325180374576763118508062483813445416293241852475222707450100246045535058237846361067084774148310063 0.39632050444065883420388254196444328563801526663819331899539697231505911599480685055058360501135414738
-0.673794972857584903198296518210291890796020626414226771549453315598412710453642089076158160075196854 1.0202279330246068397242744597775702055530839422327859834658863073511569961622777116950344680617382559 0.093149077419086297942787118221216510828048708774495481402656695875190169712430430534955389320236509796
-1.1052985487758775337626549853562775042510570792631040380906192641378943493823708075365412475868172255 0.48427861517904567571731169030953002422748482362130525479427943183476860549526769450493669275241468523 1.0369959799683184978009509881950434391117646445361895687016482937093005564373994081384228736995185953
