0.16049765284094508773660860862533466383673101124552056961772756362613650411287581533446384472608518886 0.10749236196098890969516644469090933651097010995773047878937726993363331973648555536995683741953182262 0.83764269928337209395758105732586474040452444227731010299656608705619577819991578325083511571871532095
-0.83009835337450004556952218121797789824068546827390573534712504670550704247006597124949700374451618263 -0.60779078358623678946715918394379486500950339114962907263294720384949329452125915182166954318877680771 1.1694563198951410921772533019944626150913240115803235727614347587760560405486974252430909969080000773
-0.099166028555163113837666837264395531329965976805674795196206341866318394031684714816801635808479736878 -0.1630957147872367681660601421795161051349659679426632668984353563244942104294914725042130085772516293 1.1051247503088741946156685538006225887639301423602291673776543501373378191202696126601528988156431293
-0.77961502759234845217749412456454899411026739777406893716643412655296837311295415748331637315568230909 -1.0509455630104518972665724636067569549442044795040914191425700491752282941653151402258975847131681995 1.1578167453571092618713870125243916800014176273692396725248675707578950095303060718215580605372178383
0.39706905074912053077834248973023536240867210626009278705289402930195753200279218391629923429794176599 0.3439320165768490546939512741220921352301586100345947734766094567039720578763358898079676466431122355 0.33302977318544321597894135061538869639818926954195605502569432450070428999146021804805175108802568943
-0.499599841068673551299034076456956614051541304167891345889844641429120041234827272834305854812149988 1.3015892911571879874700263677111265850505551546654930125586787837240220729468648123471533568186153995 0.67798950474742607344594504158064458982520896935749317907408070842600284647146208276637219830246086588
-0.071896236729309864278523711327384299985503433344640137563054546192242519434207076695578703010320241191 -0.20755857718178006076104897248191417807210363280782789269566352461511055926720840839334464697932640007 0.52571141596766075494303486199965815801944566075898487915521087867397014358894841748265125394434559534
-0.20433305609978916846836282923694813196501646398114599788624345823858509664305866484272066607695799688 -0.1970794911277409066166768476321567395058644579415333826925281733100517465080586859008822529400909396 0.58307986966353520920604038114574393160012704697067002844228919571018145866796362987131635533068620782
-0.25221737570251348848590186489500654081569910044063586905008146188862576867524980227866825862588170408 0.61631494301825804880299273129960390008350992196938720438475140616585731417808344287417966957213284115 0.33761691706051175025263932523957252873939011548293005210622406115199422232051744716159017450386100363
-0.10915566014827993527612111172891333600365030712638240688537391823477273146745915906332234926301024892 0.19218106541137952711401258454568630264238583875508546768074156734646195894095797836498054480983707243 0.37884062888897229165810834038261133757806905730853452313466743152056677072853721838520914632086629585
