1.591133615791924459578803758078910427176665123770899252719122949790209267585041419463122991897344552 0.24933654759490919072341003309414622301261681055001150322864632080066693675272000698669727430870368217 0.37152138781714245239660180984738571155005664363135744925487853240240633382577440221779285514892411534
1.9082101926008832456624856816801662447445364484585007708255271074126171781065529758231223986068076124 -0.044155699775242935859468583609294266722828691458930852893854611906207335040357150851384501642311355367 0.82789571231485686165046028030731677516342507398400964203447051135339875820755394599930195955947794128
-0.97997272682021725862874477670174922813293405011697172511293848995730684856202645004742947379927008838 -1.3595210763789606442819559551225692607661626214614065638487164543649928907693945426238509143660491494 0.94914220749601398292375001536444416196750845570870350745532265558345352198653202031716300009056105297
-1.0479100501807860747308660740506071872201296851564514841661035371632547887175892544557323821830022443 1.0576020985987792229865848484333623394158440986922923933623735862325538775612937986380861528986508164 0.31697346938936468709660709405271978684327456189944005691908435293683616620721801951370831225945544385
-0.066576673475937554570860083756166695108730004606135694491563242333804493432712314890298315697547166362 -0.19068088445638276506957844291793404674978070134818100305273882474948784329262419656924362003066880447 1.0527452880396365458451392103549983822991697817478950412106995966984410802463439393946947176058050872
0.056276208311544529746012919750108428173678974816049579562296282509410327126557474348259226152258835797 0.098103917862353250913759518209890883553657920296410835035366756879874319667278940506924207652472121592 1.1875553250141097979791694769139784608621988881095463642958814598335865016893892442189166072949522405
-1.6900200021036566494464696320540326123202424161894244793156317162615243123267335375063221710800748208 0.70753535964608208897524146870921707590158819641545463434455105891908971030647515252768875459806135838 0.37636520874324452518952223161622438548206016459108470724039021505550120922982277370347929340711703893
1.294770854779805862686647874961914930192903520225598266932498282770049425753061751566708720572063804 0.066536064204919508623692272566959982117276098854785936701730006931269965608714918636988990421076749247 0.45897330033905988818968868299184335725351621217440015545767545038145703875951934350079211014531004133
1.2890525512763403848407588618785837653363782116211857952575659443735478235101473169147639333816656426 1.1295259818835610813935539883812556510025879460769789250368310407032147878930471298025593578328892891 0.12134138988323243220040324001636754012782814174670178495042452272574887440750337803487894471291527913
-0.017271238793267252556047375456956980087297732020511140513554051858835484543822863059157918409546108066 0.045900068114168097703505274866158396098380894867425558334311233688174139994308005825329509175670717474 0.18933678583035068681054685308939453657606477898918803315228975769662594539136945692393775422357233528
