0.44214721591745330596086078711002482472522146897826256975392884759166846895915666530401598347072874187 1.0748740721733836085016153616701796415289466763559285511140032287813357387757811704517182549181262148 1.0982594529535341949579149853128748599922606595447995743944454947765659005973975949851175983188556721
1.2793491281501253763900346397900143376833068573939077412253726286292541049799732081408095194575703643 1.4746478709047931405925187546058510968691934399028404200270467815046195027330394710707569943464697238 0.48253008040788806071734356535573833103498665989084192661689358842937909876208589957321198410739469154
0.46547398351592015513876839678227968579690478549350166771648915933975986974692067898462064400461871309 0.13208909094569837308992477479086346113633612807926525702418634152582376280821191093817217365108589287 0.82878980660646445103128380489548545276147810645214390283888927149025296657035493632843112071287517355
-0.6598365623407584460354139658569193945349515076223782914592963733905942989932695607887626358231151277 0.72969621565553288546757308716822342370347976738218738886739809890973727197236266888522459575234149862 0.31649319903160438376105963557524420350814835013878974823441980494577216037406367391705979893776775954
-0.16135973381182408415511969693603681465647019418941374368241778252266588574610407616917561985385122065 -0.36154912693851939701897842936239890541017589265096637810081030608487940554466575583295823884609408089 1.1264497308466064264723712889153991636225410138216622917352526560526051625003974274217576464063430287
0.98650018934272463014501974169311547823902167140620416210817207785626734372984214413199184213396972208 -0.1308898344215311367455147625948329593088534418048867988623042302230593525406015614264934474593769256 1.2224204735377696357768908805220093577206344204624950555777091829302833451174625509455818435934234191
0.24144306653325707867746878979669856127116345892420527542420864845820609047515026322908955895086434978 0.17829801638341952391636297557690940793239071927882806009261704049117206884715531005593052013918293462 0.73778980399799291191778067719922679631611999580126656287219233493687379134841602427242795579207410675
-0.025687406376649366116751282972997171390076784494743173337657034071210387514720745470097757109866157435 -0.11824025561696341658329865976698735561330984650337667810804256238456011847963235033439968395505948347 0.90447048429168929632208204367220626667311989018417933558223379502458173515191264184557271054516592301
0.61271974908875106507807462579550678628231496062643307135404340724257952441767367894731253085946093297 -1.6421652667634911122352131181309411471782180224186235541095094917736677794766672762341340329080680977 0.36812170900717430467437431768453627004694516585117756035345796344038766027077391015904399953797967049
-0.40118053333200895005355251488556734376066112568958052894902318433627286145237036236027074275756027059 0.23220702598028414445437499752167739918630159520321185141752382858981002723099343238985019150291297558 0.51467750457289719358413184181487143856992595335996933666722045126912155807372141772268713605376295632
