0.19157664303643852270822972464058950505752274323177304240871139108960962588793920520638462303097895415 1.6115637571570208223072877984698771892094162033870129981681733621764360741785170201122644955500878097 0.44852728870019008174481676789683564835232267610894355973525795146148259434797148196492196443800961537
-0.013057789577494179759263679549192554003398544837027894790412297497098190531908408801361457433272873637 -0.26677358623922086773700430936639329714794095415003885825994528071999378235585285782739343156292644533 0.022459719920052001418970986654942916617162804369696677712130990703242658524843456951475690835495834332
0.043223671714838605455715558609917710622896311950030945623375347129922111443364189457244121951986957347 0.062976423990888677319396069826665736854261427198513662444348943806738453625368103251241125802912654863 0.33587909470849629164648896059265444193442126075721363727121895503750720525628570968424071939736811112
-0.29289355386595175603591073372666229508643856135556291592815420955592230301341866755234650757672591384 0.18775240871212965273768603946664889582660543481764869083903133024389711570762265013108529807150230214 0.92714434520958090813799788782016777340818531750348436662374911870352356375043703659295986869136354554
0.71341794590203819546814167710810188559027011146410189474480935347621258076367531574230793977641180414 1.4362647538762926241582942899594310545586805383109526511933853401506321798404720442128485076500294339 0.7784213569801537168918034918759016269061934836771021288625782799901160778629295159878709023607593922
-1.4557394074008120992002079369045451310795756749500877859483623667940825867485409446106236358890414911 0.14626622189425234515963493143828157514190292752885144290104499481698833799829442679014286555280292406 0.52904830675049973803787993042873066568183004924018809883374506874316918138144203536585611616583094148
0.55276611874863361432191665816857142001515520015809760152551291195257123429301947055108609767331823107 -1.0045750309312841181456911209627444997926010031008111597609624448510065695969538641301363608704742804 0.38586837217600323188215922672155450017598249814104583473507886816653711312901838219854864171541608283
-0.67203802986363585357303047589926548319510629742460875779964911487149915905651361787143011503254636176 0.091528274905445795235825911486799448442521624527983443771078217288810177102745797532779177195980811262 0.79122261068514110701851016004319300050630862956696293483540931353828402209349648256817637380752326963
-0.35197065436247132972255675351309648178741525620393098155984652254535828190076146566686914198456573471 0.91943877939723268068229386746206766380546435027350457639631279623321971825036655926037866296770061747 0.48777237314717457618429347571574083265293092043102097042519286880579435283586303615005690816334815608
-1.0735899855882579250099537110438112659985422378131606287062244075052876827908993071386887421235679831 0.2820968642627413999445733124961642623181281240763401347777432009510977548244650045505926828671961208 0.9881501788171643287485084156036390368978905058465441268322097444793371102474967165009145572481906999
