-1.2562698773336932950656950898563420042307203515300194110280959936010047542997446047478682167877154418 -0.11623962899366087408987374421302810669803046224304402576505722571749113454522962314768807790636698504 0.40560554632692001581954197088288531545991273871570088104523284247120356797129298106802862343838815425
0.56936968042593822396584765953753882391446312093643374104271249883167811277889575418703225353053481051 0.0069265339566001408850285612491468836026854628311824245411457764664668435532649242375246946852286386656 0.268554181708930157018373630377104487052248721661022390361179652702361460860539726669124910435819148
0.060216521749358898993224647055861390976119252848819829721965021057229222458424595943078610097687372997 -0.007034742976961960234485380976568624261832415252342704461392928146065426263592132237572474350240735834 0.63364021276819931342082426800504891538291919995066514381431243507944466642802451864432415789959665868
-0.0037971022859207940977935618341986409637586560487744022763174213518795626295934814469549472611485616334 0.0027125159383952548858727436554718318551332188812706979257102222667112609283505112017750962357652658268 1.2030792576074359546730058198342357021279344702006535720810444428747612780013967862928235734369720544
-0.72959273054583944045050455133608076075924790728279608932295427271230675045939814431027330021089207044 1.1050299230271878393071688622212505143271848482583215652802450323788971331127632963658351182691769187 0.90183756292869033292902669950186515964984934272638035747454812113148710772809075137537293826853132335
0.65252089570971001341017906344921085351510181290896487376301745862557202883240025100370272449627328835 0.6960154776658532531924165303877555508977235764724289522208324909851988586153150090853819930394619494 0.15515273086295478311944782000813055569896076111058162615312437411060579322009897375184684636242943687
-0.54165857397715512996247886363628934346631796468397203287695407337955304588083174300992481357682451126 0.5443767328552728843356168313284067267080246411892374878350712970875886829447604827735207339293377906 0.43992174501706612527504525628700497888682734379443551256664618254871453421292171991867978354509144353
1.1506509622987104777221425295304583441234552338167537341494608857971862991388671512483904462820907868 -0.26038494742111638472413418248020823652747696101259989992060543927406741458965950278764643336837042493 0.59833791143786901238976495539388634503970956480888339181041872862169725323248607149330709471363045777
-0.18953632467720080981743634749200752346945210220107305910487767854778476294481528569544823318620261889 0.46681589299170500151259299801144895455237011630684628347624452847841850212942533312463487642870740609 0.11470107510153136967555048240165290358903755556094791289726885006229776607713751448319693234210586602
0.74429734572522123030950953519409780560177428094089000044055961288326960146324704898955788941988382807 -0.36584704304019513355704082388374552936864549957027339352543793682337434364271014377836663861650711443 1.0700692550594651690567976877599993220779166032474864528281424423246128108640824784863195523661785964
