-0.75850686702632237291971761816778600094503772571796666428495784775680188167757228639903477472864658557 -0.89096247155617391586758564753219545699330453297727182846034620786879474303522227456658240833993245677 0.59450211729660819038602038271287136972885268840097024401469852573437307756299895715935248687471485891
0.46130175628987335772547321024706782486297405511566742185768341858527517180903665358736242482710918033 0.77481920788026800633387485465030897235397569949774251953765117598183881044538679449449261589540388268 0.87623225110054534634787157637799792483764617948267819971273081937665206478601391899880630069511310297
-0.11820761770361892854108532073865935106060412163904337136041676555441247252095591615044491297312573254 -0.14446068587248737742497318960835120733412590752311488550639302983797288643761023526195089544084612076 0.76157872499612752192462599200849771803370104911628721223509768777109733836110640661632565397449348955
1.3125526049444637286580758541679692364425523946761829684327368414175042915230018446869911719753510678 1.4939984451276458574053617604111105624908661768621414674109944859801486675283844929626870066905588907 0.73682453303430964876443556552883791577737036427532805750304810061965497455240353525680470509784943723
0.6199667144734873992685104896856259639612552943850845124578020987477774100893834319403120236971400179 -0.32231495494660976221789252025062610374958858569035047528706028871576741456843014637753498188638917815 0.30937715441587647060808633175288916213392739170943715575929913238073735272979700218888954195814636626
0.81454463378919439876583395394538680966871895578110421789279037085582672146951252540356920040606096341 -0.89393606460662618215760934996629478964367651307324384197786127164838076608163683005524975852184539457 0.31905126734863146252989054517364892841944186538591546315731469805775609649883837448539040116136029611
-0.0065139940037565709863643325702464732585379379905048840460998149107815150943233284398834292128161397263 -0.10475868427521445644416564603733750326653219772569071075880393268097491025740902447928326124187153231 0.65553309305271911169372350866764428285969098480252546543476778317938492930084907431364564307878106038
0.68798153943389927271128603680872042746977624152291818346272768021441676642684596612370897981322088485 -0.15225934306659684860307536140778611169082256252796400903490200284213211916493032582918977739835871716 0.37441420799993967729251980621888300140857470697408153900183412660765233058209802143572551722876406455
-0.77899047553278877231714160746984485431003823052543977849953427434425613508425218435401854624361541887 -1.3886197922351661977278350269147274542074532215001551137569667380528418367299505382161311361301142318 0.2715596963940441931188209911840255890453719673291452825480896621609004147672684871970390234886643466
-1.0282224972293581962926022546420693264418504893435799334579564700733405358891395906290973111563806751 0.22495805403264189830446786286805425442079804149843865654151795580847769891999395838265898912793945896 1.1753958459984382306007802425667658339796098303550986771554331112135844397769433027004485144554234998
