-0.47947063680930584292039603231471726673883480431902419334584816946337482132868510155285182748845136594 0.29109931716655733269724943473287012342249232993612112959047932131960516639900231142178677468555418254 0.22778678893597144343508132681147157168199140688240150922280996524823626777662146711030470982961217559
-0.47515341407372847391903432921187495845702493940614911994743073039153464411806589125079663518726793597 -0.86738011322891789875523521355712122559328921894399864112044746662350492976544358172358992794253077203 0.13131292693474284240305968054314475944222696298662138860758530237628668844201335839265545272194586208
0.09024257882076238974953877288184369364422668387891067353353834172032364618716046566998523591213452966 0.43766315082088199992947124067581441156658508603220810807309636287108633575052885689959348461553194019 0.10702346632141526841499820899123617645179308615585971723798519814756845436806454250715774609852722467
-0.59613653245624504338776391647823915115776953243638375388724837488383043051512248565311637432991649086 1.0508464593881506572045791223945963627142912764161542362155790458451901088751533308659770042427768152 0.13026969278567957921837213994562920364913224687227108620800807627002473820448059235900458020753043125
1.0289152943182457823337382875863675520171905712190951350940492701141448918258756792267452637562570851 0.85115441513117254769240103726491410886404424074858404344463432617773611620238923685777702306070564371 0.68383233174900726550394006799929910801255410853119613366661931353365098734246432257448010219480338419
0.34252619206945124373594571648625344384086128144815098386519735526373071934833046575802025878685145007 0.5444732934400710325333227297826130156680121856833945396086449282085573866355876949128815270312933746 0.4568489239783348989191789553674323040669373453346017998805914410670342215696551512419825483583149304
0.15166657432144747778434207460200098552432183669332679738691707816688201490192888017709357175562597544 0.0086148310913086520547592077278385038721365895525711377522933850910027288819294725078292936957784227769 1.1088923141415123488191920932864208363439461634522799385421021243470563418136544399652149270523189932
-0.0082326270662202233635412269763384388180268726898153933896644386884443276493297794533198750314091362292 0.11503779198543531570605980902280628779272785323198288287307180033101107383112106969977207905391458006 0.49092564822817502716750472743380790311199817165190224592030594050663161743589187998192395956616076431
1.3776027317156974748084849152563130976387864179998045110507375182590936375429403377763053263600365963 -0.28837320138521178852695703885489498415301841466243370670499932291126465641349462507145689173200408307 1.0399775085981183001795009610920469677140944922813507154189260270898196696589315769744864700394628117
0.51345659596823823261119346067103630058078974611060990236811522056071040354427188871536739488917406519 -1.5120344168528508987686502077909718755619915715646960136325422337090263180445174840165785024191180926 0.99492745875790616717055892926524172162546504915302205118192270481911853851408991121642210873578417145
