-0.45226324173818716355455236142879395303736014890095525438738422172854270918155480039415779353384023517 0.29706898696995040615041296473518845406551042968400186580596259227998616896698777871230926076631598008 0.38562482586691394156456085848234011063607934480112842465808932690132235534515720260794619693908482995
0.021394920439135085268213704739648947665621631269190755944226114165728066657831576565287919348264219181 -1.75153381016124753678426684158547677368603963158227210766054913986814527193101712148708517125356842 0.40442683733597294984166061140220919097096482943965825331361767064483756968123333929466229213399493915
-0.023301031673133826706616802755632546504696473981280627324455129105271143343267196368477354788105401808 -0.27688153435425554640922031767033570706046837788896880403596068234542686319407424307562926030075906776 0.54712947984963024128208537650714614008926014820787840113156849328454475270387165491969896161027582851
-1.7715845731179246657421979450636896702038855244446387642646145317747695638743005967930983790584162126 -0.42580628053808277547442609262860401198207812304195797786986537673055155968362260697130588403058681438 0.89617755489733673349831873748655565015663436173194682072179273859976638144841815940640823633711121265
1.7925442632211639792962270766515744480238175971177396468120855074252990417257847992396267991153283624 0.11264262809550656614710215193494163347639365431837920396926511494116063814608481273348457444647494677 0.013586142273065231431085304952799396248810374051528082851705436085231637794138533068716858938052964668
-0.089988265373886259767256318713608934552279357563825757060895898126519783224722861499564669554307551173 0.030672994234048984427158945465328893762777383465615363480506216011455022669365993863366692357477965275 0.06957992847791296721604173229901315123777223921269498173580582815986512494834207988750069193580097337
-0.47902174578499838055986465559329700301255949455193470028581590183129360283945901847177037863965973993 0.36724900538887337611443393305740487757760400679502299193373270828944952816619832414390525921814567923 0.51538289767301331578581630972283589892320480398730412028658231008538517683885009249047687159870295031
-0.58402495435159969526024210104061995089909520209523515920952009285237238247349508262159637234241649577 0.22832663259605045444299458378320152608884075094985380670525599216709743896459209568222090665496003131 0.62875276953463375010874590529969819403766661305191837726730354351266495121546221477503458448175645021
-0.59335009914257976691295640226071976339393365861077562087746745015953921616206602721277273432946596658 0.95603567822445616147544190681971606926661641119116616908046056147050335024252795293082145644646165902 0.39232477432635334924686621485891606005694996671808275667425197956573660400219411985501207737951006962
-0.13083522843457891289850095846166770758792141352761922258383446586687252289643384407990350516918849912 -0.027390397798087807516855692259596820645804176389693301706368297415012908853734584866190446776735882949 1.0329054752012381554001365010530020692324424685343848961237073349712196515970115523294015073781202767
