1.1245731876382831063920289296161253837290939939738516458070936685982723494766772056727055749988656429 0.40698427278856854556927901381939165904830103347399340582601107586680652432747588672676110121533191289 0.26698235301448217875062220903420114635344117150684854808718311620929657897656125640976041057935399561
-1.1968951768077027994471099868441424498549471307016123892762747954541496080659947079803188840142964914 -1.4331037966082612606849465028903999904168633624085978329774703719646348491773384355856713246923051927 0.719963832639337203251690313475907501241587597407664669016381597057682578713454807329678406612543423
0.1809729816947601651641491747366684368994254771752923559534086195029283487195201345804618835061218248 -0.18210858250533441690921551767627923523834413791124556380036461350874108052372006192810586939818766563 1.1710157510525867542393199518480615385794410617642655966830643416597230307104922201899387876954174222
0.68710262091500654961219152701317683936530745026400693634641308400090178131413502853063122419030334459 1.3144934755926098951079933830982631255963066391328803538526624901577378669895092655714349332015531092 0.97701011691730952190170437859385734039632564473878560330183618866245623185286330499683525144230189307
-1.6624930765323750140163367979325737496637388365225306649643765278368207401710850912586768127453507386 0.77165583269429404716316502574713199984385366910381948249825373217091154224378703714612298280979918579 0.55455699302824441005952118702074590523210550290377923223104122127404310415503229198082978390870585554
-1.6922951631176579197392687457104751467041760031784707296395719611575015955267951562098888816318675505 0.55145693167169958849518370378361412559812493328915414258598890725793408361582897394810193992971218573 1.0744329857055263970904278339106928776225462133877336846512383058538416573855488203968580344752533373
0.083698422198519301309655044661273063016739726471525970763659684289640699940726573026007898985090150892 0.18013234652786255906880306442289840415291998834740454358148445979245430283504342587061140248713315765 0.74508908987884983206982634439589099910054200132393236348338731903081137084637274769366157225969564723
0.3234148385349999198381173523680719470422459227267233577912452674090899882628457665728424482943436781 0.64580532162043569335634564934471873333048649637719121641380972247378429422209913399113797880359684397 0.70911004125369961460294260518569810215470413754100017395257692765407482116300151845980208015477740981
0.66858529304179841770516133952063933285596603684793362644234660370745211398357048142842302458832905277 1.6502464550283502215000734989157338002674032208905704637467757638134743952497189341300325952704554407 0.44552397739510699882654181452892497717180481531856625471250007633148162370073239756197039054536697113
0.47104826784032248593001257207493207223748751518480864083372566795791027892006183430470522034823149293 0.11041753431438509738901647039601971019568782975485052827858732706240996414720304289804872813216162174 0.42011738070137965665233931677422506072391256853515430461105371403759090334108671752625430975750942362
