-0.36385528495916438712607137422131683609306342659578599588503928313898421823413106646326006356111770744 -1.7864889279844011070733907876479382647331810711359411856040717014410913422782627949048688218607886882 0.73772912147561533320085083073208924148160854513632074166604913916989529737673042391913474105013149382
-0.0060166549388086624181981111389383146573513815546831680795287444521830003135372825756398788775777631207 0.031029849218108261460496154076504189422120255673577196058906760657786872263898805448455878633400917346 0.78795644994408962532161953908452102026587311691401973311460543772056625555965966670468704489631629091
0.66369199314043707923019616169735473628195613326474355688459859615540421091735553428690215057103285195 1.4121441563298526788701360826053468409047705445164151977183978670794091279626047207571240727756891254 1.239368082494595107967644028714956916396446779607739934155439128028623287671635311062581847612702601
1.206043969107720861271196755200244275508765716797240537898809107896662508806262441438600188204323192 0.81074499848272530509616855387710068475112809185478437628517346939744260729529722151797183267060900175 1.1506680439097942209092881688986261914156503962386482286246067309617287167093673513508824274332241307
0.20706927476082469018414247157888158914695630789199160591426306066897177637077272530283900846146993392 -1.1096274976589085312523077440965177672652912981555112769288854351953220071569959657144886701905083126 0.92486105117908923298068273401683252578993419741321915552184811696660798878479024948993587606879099919
0.55677847813233390725309815422041405575514475836535172213607084834516447108004884442167634369772224154 -1.1046692453073630859148070727614732358849586211676397341245841201047294140410427033578496223241084885 0.3840941454089319781020810404230102626834315508188577491175595539281883355964378202902549062254738248
0.74525923976579159267298847722890325811912685948848580139783952044695542706034276086503152823552060856 1.6037849520189272172567372340218339283128871952795626795785696873213784431315033328194966498894488492 1.2275526827618208328702620559237190612913245511201192983564957130288917460337107456604554715829312113
0.98926018216258824719633629410613703408973075919325548067707093591454009898174680532357699892722671008 -1.0421374814151408170113166047345002962047958315799586622079302782975725686472652884932885208845191458 0.84824423655940055345606147215029155669737488683814568719753477216236415751211058694629676074920629955
-0.29474899363892934961617796174963712722731530145067789636082218995803923682110244853359021019267579895 0.25052803224685026036795911657230894272799948995903185625052296859692749110866388444662372780352190408 0.85104233261762318439185293077325836850173502906460804757459297989104042506741991800150775534828301637
0.51990522441269779547243699620920493978211914582121165418431603338590562303179062928628452227595886522 0.63348997207278995952359065875438091920818206743713690291381527374437181114570500624436590988666902764 0.044808865013483486340975787211697608532314695442815610027528897032630012772526993225554601142334902383
