-0.077060531294162088301453978148279740428227196935682093187193827675234214333907805024586825991342849184 0.63006539516576475991767499504271875283914443982703473334491541001306399726020066078354454917619788935 0.18905438699355319205555112592300063960596843738670062297479310556767863607922579464290818819006850272
-0.27456848339346067594079242003370758117340111881156740657390084264982227554645443880585230967111696339 1.0515075399841107246139215520814132014362041837617579535509898611718464323852634924722063707045120923 0.35208904156512759922434689883666523082132421497803242001702672018019709511769230105601839255652067284
-0.67632220807224250449062438648248752120713213995607172613051985500246385155916201988130294332341584086 -0.63352964794743635563235375445952778043586261739302590803454362126592703813703908208323721426792411047 0.78626715236103770334529882260052853356712442793724803781297906132929341174165228856087710698977549557
-0.43384662637199414440563795952476562219079906339613448745525477929880826062160191966428638156424739521 0.39095373532062308121948896345574650961066900874083725948408730125461690069974503030264371498795322322 1.1317096414054168194928706308613220070816746355853259233613839473270786544950186410009174802994328927
-0.71864990889300430213598049136050670847400437931185017196306032621810662633095020901082469145178653542 0.68833539590089882253586105759574869170346266988512388280367528909862193886429403345025081653689136884 1.0125449903700251222844310443824699510446888233628960170278398276999421710713857634390694001315439626
-0.59942800960963067591116805948985412252789935637994766214176667996526691841442093255727413559839338509 -0.4956824094221367754844603867809448961607356873521408450349274846467070827785512194590873871026158298 1.1879925815420557244734212103719099724750449206298913492040675856234843615155955000872904045673818281
-0.76796052089904819265556318644990250458667900739094090759064463995607013447500703080730909257883352258 0.57701658504877588714679298659257334869726660412428118347311051026465014380760402449792575170441237191 1.0016750055105545769365860402723983825950044516034384233012440840302406870641374891994270378753811508
-0.55415467753458913781811682680827190511850092756778365801812039487427248776174923632659211814314972414 0.54731527829368870169076724628022835414188900396679792407253992866056795147232510102640960066391370577 0.13154379265565188244267163917986321267474403914781881543986216000688831966357319694965656189407646913
1.8035292152932157481927612694690994838155181548142070983869560673492034118836399535224615523322859699 0.53348488435208050353240545071706264694388711243630625941622503341690540864517535089543835664098515846 0.17187693978622611620490363273636286068516076706600904931118237195399981714727975199102756538471312087
1.3539077526411782348765906223162673276167605582454607982029933856850278893450534132605342833377375102 1.2185702016405728575815701901107308405679829233911476689497300727848982666417232641513238620100310174 0.5161851136531294410867461574533791109565424332372515824579739057017951518542787667276620708765566828
