0.067176867991332616301473704846684001644583441878975721890148575379867944843687810877042691808912945334 0.095660752013502582058970835584742811022608693638624511517653023327212284402933664512837887181855009682 0.29223864452460828569773504971924868765362842658490115397913242783854754944305647502781829833685400513
-0.22338129333857740716145381071413222165200126812362535610417335187964360341648845346522417416033558568 -1.4742055585803356873666916901386906105133527856734785099315194141196531231456860934472530271629560855 0.49845335652253672399627199390860789737978135107207674667957314922420163896549824741595300586796075603
0.38451238480536721720039918211729106912191021475341038806894262054057331413372482364691940791796574384 -0.8598971408652108957389958112474211569454163138401565232474079571715555859719876698862272829901575744 0.26427078034542740671805699709851003415549079612234586537272389583184126629933181624773311241978497514
0.9326425626026829999237890046723805983069268179528943094531539358754570199556298279907950322724730109 1.2045380843274224630158347566257356171619897549611449250653804021383468304542518391983553510771829649 0.88304303692571258599991018806852868533498246236757355797281659227647652917473125374221336953882028848
1.3744513373319007785538869784436338659233062559855476689537960797086157219726720234281780090089239433 1.175555903021184166916086900497647051163902608454043070647426726239991379531234092054151321738923742 0.49060992034226556610197944454688076735372920044028291382281477292792316896775866162786558510287464793
0.070414598381778062279150052893255349616483136164898186579341867258501845398879835504599910253893947109 0.051943194857657791709609064768988109265813779172725469327849534080189321899719161023949871266783378455 0.16373680878400367337195935853868646354679587877618101032005869734477132245206732949624451434511704001
-1.033487628488492272939291000381548447454887682856829542339721718057632996244192716338020099935410147 -1.3576934901690196427482992846875225341187634409974347896811813957388375761775744979132268885550575232 0.86646756121835306812671188194340852057112277352621473308879151598059835995257929376537075246081188491
0.045164853018469234853937918117222980889074862451383791487171723595082619435074455320973097988723509422 0.0020282010399304125392250414173246581799424560825484960336896594953854731724284738976278779941158454225 0.2622363808569605099916977345960301789080118574473349600128850471054892354090141369971304096927843904
1.4261003208961250836849742225476868242049581414219237124314820908861722027615517953421640961766275078 0.27344281513541959338665250407879834929782276145148442499281541585922962820500613204065481878172720929 0.10798500194627890895005807043167069127718348395975914275219940772529310488959017172313411459655631207
0.43569315163416858215689455008076921409182601553745805571853126976823127994418707500021032104934854689 -0.71209487429062714584901463649949481042624425975833262270897733478311983787135109213756613604570575991 0.69942016952984570804273576072342381564745054268774539611795710620409248665786049583423429551317750015
