0.42865166207100270041181783285477728136679942716623847822525344317971034538954110183361928270221914877 -0.48171370468008346971539410646069311012708413182335284532132519102577942965344185781445325951578131774 0.28234558005184486204940267868914924818333277839827073694535858147368196692827338961256456669459766028
-0.010435373036550604613473791668781998217741137773888662462739435325405083028172271358659596792075264577 -0.42976200547420702428510516435701871785254016499907843207132249417552262569371483992371392056806334611 0.50595015489999927218972073156730342649526754408926281026211438199002514633637911315485165174956935016
0.6413195462343267704208929802137352214052728016503209969762466329426730746780053147108620490809938471 -0.4066725144927743878821622439870912478292246907547357140263825395139871505207330042195930730670467484 0.003133270840423836411937260918460015366892841604689027449030051391159532473333332873421308848116679405
-0.79648576764933610059984535832857556893759175079224017176441350233891369051976930176987166629970216017 -0.99258646697141031222889018507399276089590343459685979460949794392520112980574310459970749815018174951 0.44341721957291822160914216326995861756923160774152554957568030930181066202260624970818108065652383445
-0.75745064722252682457837327620208529944143199843320310483054767635957373988463197436993962376108491236 -0.62307927820803041126590571962613037183505529453541245035534589953815613459667782990744355673318550095 0.19726046290689880293935608392863665808545326487937320553077036120317728623148371522317060998422535673
-1.0139507591267529093326774274750489905961355931410868305744300834482728757316815543841617144334425741 1.2750917664521887365488958917761189308564970330316848591613711253078911980101799723229441641053866807 0.29454076831770568247667588048185917236897945284874975523640339949606827409720634593329990122488726026
0.075849361714132911861960629553104565145850979680447875017949864945818251358664413329192233734204174457 -0.67886389528600328594301626871819957326360315610394211633538531198137060414469713680503461661471233836 0.076631487758183251445076754347283132155959041442216866699717744399804253702315316941264432492775794647
-0.76511652082147010259227238356189071809302870166940073674179347898972952807890674786750151742788642031 1.1173217840661146133583991350752398852474503798828864276282850942348835035109632718724708746996071196 0.15980549338890115684488178042271113164364689817052867865988509669639864597691194977092380816649886487
-0.32720439412995217026703510446879734132417635318354172571150337978594822774345335342012556469611287185 -0.14220382475336367084150123414902459309971930512715489187993119178522595184238450868991786627459699244 0.22087629031076877518032390346275545795275983243702168057257415686338005265836749181826744661795213
-0.82777481101271034276236907776824666135770228330564281329221021304295281995063770511323997504858005923 1.6965432712700928712065332896988509378618453214714578420633396100338385204305255695716836244187771376 0.54357112818316013574133355609991277681795265682369397202552810548464535635755801395237244257452146443
-0.19118669399888166984365981951777025525660400936937011356914920456773713215537204308279114641023127367 -0.93300922221731507564724020042827891971767708439949520821238418468349074658358943402383289261161238757 0.15452039377830232527860395566184464122272185121304369680313514216410060346169669125303247910150958445
0.37631216038046431351033964801135818608488581437712524311407858479486371297888156699138926048738331129 1.4249747254855373051690243009293718828835340084711879268907076573672439404141629821509480714307107399 0.039566299846411856773923025458693198986874002814279449124633071003523156743478200383013426620160125966
-0.083277405742564658110763788401403188852849645261411428269232851661113860690686798791864828102263582951 -1.81333004217515408263539009532947152407906289567589774685535828845380861359990438793493013201808787 0.46793044190411493845437115117464078562905174849992195377063197463210028355747747595280533736259926845
0.29441781384933370624808820235555325812739428959089631874387244929847112831677429468796378625089572719 0.87256696344063287069849584379943902076322723330109969762841112575505336093726251601744459510370760883 0.027998953126934882378402062388718682839141173530222960094413737160255514274827138759148948954743817863
-0.24102821926991387050915225419208931094198770394746019402321020530780394785951320705476290837341902168 -0.045884899722563091759691029259181418327529157410649063250766836645048616059963553498024538176971886667 0.46527158515044328988936665838553924094151860808259563286086825709966931054911607594728710690230219102
0.14729572036511445791327853014126911615184662889687487873321664078845623043007058432077614869942056449 -1.8520158744669975860056754027011880996991156163756117837724221857148302788355901803696518220797106371 0.28692620425685515046034320421450100393444228820250441718100451681168847466314759168441945514876563274
0.25040818609377408917725812326833773717656675404439851466201820930923766829020294899367706121576778817 -0.64560483654905097924511937874647266681786864470701841014490876526420629787257904103806213431528662601 0.34610112352573153523195635562087920711717259407403619214297085475870228956172036827318481798823038719
0.28061028839092868145411095034514941751905547837880736541741192784834621391363614411148392944233808151 0.05814317214084440332660208680323586170434135877700155737924401467600853265776538121073621933562971452 0.088681281223769792577973669726144453552312468737985812114405715245832149051396956009575595472838748567
-0.9260414366451686310441639695868497461241013816072718309559568372999538775874417258249083708133253924 0.47133733943093143652837668297354529288546013590154739750969963057441569235574514220494202594105411485 0.31322935862372649535705547023808485878412947978575990247589524662321921689275069479112731442473892961
-0.75254814759761187074127056742457309880972804742952182679260710935280559384162902506975248250173347411 0.73898688501276392657604540410868037860487160773188822239269375337487539315874013565235483056806478113 0.48357715835456032547604337251166052335159817393623671716223937775655401196808031581627551491711390599
