-1.1231778192201687454255339339618491172264777758730448520749259837369591212124906620566746444607444015 -0.50656205451698716820976038654034551872186658174525965424215499558279827030970201782901633679616679055 0.57969822775309296839532331346030019396716081111110476828088258833362456965254212826127712960510085058
-0.10737120135019601687231505809589869295844431883524661004388132897216696376638867969927207722973087564 0.73593500487234476772243634250480156366453430400975370645392223339306994750187736243398545770545767754 0.15951162187562048230450456400285835181635157581970202055787319913615543946203468664877214702819691418
-1.280594160807893740110266875101343078640116520007020846312794945959235190478321873942655332969269425 0.1240405306781976478119728242129204188028177315771062826915239445997599681522633555449838020186792033 0.031474550420244281363081990125708055711658844949061779488385892072410434108537223785784862074981014511
-1.8998319832117195032511482921274412275378494155359648396358354170244792779009813085182107354306369005 0.4914903941389354336822087933002526509805025266745382225773664125223341841876580734002316736174997029 0.61432068563488414877119667354346969039203464076023479065847922286554484390964278988561221878088919577
-0.044257282751224803969915717266036646422019473761452624310016323541894647724145475154355204009130194007 0.62381061581872354820001816305427846571387509012238349716177417696378079648987588247967104648766416257 0.26709228493875058552296507642899338004801125637560758909696108544875300020126627837868965070822364928
0.46731106108633155961215924785482414021143679841720008660808456450765647463825422100230890206263373426 -1.0813411996063941051121560891184370404940234713221867312091591346745876088952331825869663901693016941 0.13899836529176132557082003768653151096900726139422289099295063736469578206912362709918311696068320137
-1.0401424384788038682353147999604673342578245056505278333072045577173530714687332565627706619958366068 -0.91495473169768857942731663277012220990663636904363985532474476710194560910166384884544718416792105296 0.14683443789082229709373525236551955418036835046712950741888920587777265373914027668479712455768432198
0.93232711151512057704394337891101875782648024846032043826017306289611148555761999800361127343648467952 -1.3677505888460389631236405250240665188619474595265702840990426235345140983675013508615843110848807836 0.32372209785516533171501829214236938271263578584166850063973175049353846069854722449918484143178003051
1.2151985982843491965906157432390036279929237368035768867302391887363266141832422082612698379852318666 -0.41165644788910388974642424589280274081336457918265758364706790994928412716927205221306469472028401725 0.21056080142252621047668111021154448193715883511749151594884634294070186252933170406477819347772375994
-0.38341272606048111366034643123501412098622704752144685564926713796561332000546961680838345087974102666 1.5396194254191573838422407656781019790147516200925473020479328236995165085565370731937117081953416708 0.07077471558926258124303125262468721069968480642041836182991319000399393410251450116374799884324390464
0.13950229883225684357835647295387514859138659203680196664895312574409088730131344767136353496242566204 -0.95270485180666439626900389580572965198407793267112629654436351880200096215578340820435999446563309378 0.24936510478867606925562033961210485248383351482335494016157725837993408329251398915378452949724315134
-0.003383942151905983734604212223804211160397609520005583859343167996931959841247174520629865340258496871 0.12379706019728684547798635751204337809397138704157898088845356453010989929205467964047953850800037506 0.026385260882426558109617395545041211569739686848848811893750334481530316745478393942702281718415914042
0.70384525604405161874880469416105862115760676046430977898434208944023189075729612335525039466071936812 0.26352734477325528737395001945746245284571312990205951030548952494950319720600370111421913106867813996 0.045188448539391158766257415635727148949400480837211268536240617663547858671759932157840135974315510215
-0.35491516864201840926110423318928209625295898918288230211385400352346825238035510619738923171356985441 -1.6158045752454218052456304610703005077434715178735628162983164596003355680264795502363987506156367412 0.45656567726560250612801079197030794116903118323755806932746064527281615543169034933125931923371575852
-0.46900343589691243610968037901677408757944480094638631005256321690751470031033609995547362409699140028 -0.25481838039533298465642531384138803270813061416051839270377520462164934463938147195314253273450655749 0.15350445250847754270399240063993140226033705746256597129833689024044895033993467299318203458547299601
0.83527071584386093427647178806768955255754997885654531507960409591404325550682528779769637302708680013 0.39037047365120328452589870925494328470657123562486447633211618712174917868681411510281296169879983856 0.36809426364958917125432367967033543885621906187756541343884979913113956116511249000735182212709330758
-0.41448840167596696728989291272480582829952333042776124745796122010748271557696128021560948264343451747 -0.16538979685963073393546829968542080603959366523069155853972828217537096644499232320753651030358666036 0.43465582766421127798065162618740640049437906138407818543853814189904409386713192890940620261447128039
-0.85123680893571539934964366026682278873017363163400720731332630167243465307903536326943817925005152762 1.2801019641390873674793100579570166818953163661423866688156845140590870179986977722289769222263571017 0.16502608963353394517544852534042811568436467122855223465063804776999403312390179507620221994043407225
-0.18140815976455033041271406554547507136256977518857616735106092297127602954915260560656067280180876405 -1.920513156123952454423155136203431874965336972776428176218218775110484077872838923447349816926012567 0.51884307677776057625404997324859912807511730300306590923097241923943430825263061894693933370343506625
1.0203589666324825286409957183049649522046139718702676171811650449260301077297259349062716266382697719 -0.53188032777664126127313916455287354927963320243862500173888596634363189756010093950928988018773122847 0.61718305997235792597691133703524665437068268885937742448148002095532270490023488584599878568523809186
