0.92906474257726433314393969466410548193229988284344540520165867536965337463343173851675216756056706226 1.0914232929214413936506444096569354508168400534064810642439210404759949811845815511879736369289301708 0.58423987099652363127657655579113675618126424599901792127723187489559626715273427782003068462736731686
-1.2184512150528430221474571303051965396899535694786426145303828610076474779980813776171553269593943067 0.22829277385183589123824851287670298547775903028741693819975493837243427126148030010593349420105510443 0.34281480706627446438827978440699844111468014988727153441582911884917579549681732092749088927744053231
-0.3640283295748155311035254908548971386238777047491036212742106775617111960079582785780972526016290741 -0.22449097546971401043569511516144363063057183186377061745943101672407996846243851176728634379110562036 0.28920154711620741983503046252031003751654895776137362100280891236060690631181023311714447663080627899
0.67495910717552925862135051777923873532113808634720878074290930928853260662468848056763696737078795329 0.87806983541177414251521277347461336224737114409059704530862521220886947175843347972976215625892091654 0.47246714475399483187294251569687921980976082028964196803257001483716287196159848787459969824069847589
0.76897549555803181131797857592721379906452879645959219743124058812420579892044934174104563268063005997 -0.87947114033426360845242504043175243723902448086871201797530392427602972862646755798074887757631317935 0.56751784841435119726739528066909678734425958415872398117345983071787586658697542769297487538588052237
-0.7681536696486871837908624069214982721576078678921835162057332000015088720084496845444329929957015653 0.18695923266383902962087951243828503373990611523891436502019921432773415182062234158770403949876235002 0.13270578979496496216561830560763766572396674145633315937320946657805462960679401807755570924051517231
0.15590756526574578053315114361205760615130887458316577314774203136139694616268515372500643878305182971 -0.46581187289608864992705553907371065808673721048046756264515697571944152430721105172211519237784413477 0.60518990918826273303383585383832242581145942823917584363822656958682508024221179853990896626049319134
0.29808439534848062460144028036293859471391407749233658153354175971988701763383521216242151362543905783 0.36650200113638331992443432096625390278004985602639760684061876287972732273977751930459925088271151019 0.39431900214972140153144126146690898050437423342824497010223116949686125952180554596675649817921656945
0.28500070206095973303677893848287239647603284623671871076454371217527197233507552539816646722682733263 -0.62737286433061721823606571739123809381527214173237819707286231888225856801142146122075995196040953031 0.56768091761984051633746998231258018003979629482329570886616955560103541919082557932800538974876676951
1.1461914971589423190055270991286039649730314204940245655247110204749882510189918513334242003724510308 1.5392793078269320240860505411022848514649432579152367726722893466495345359820257145290371718117849088 0.17784764483113612483255458861583681390332795050138827702965133128784870256620949227449210014875675204
0.17633641150867088275874303968907728323869157797414718954335244950495358488682012328038899277163504806 -1.5033084297892415879902147371701508334426728118021146394609530545299536320796884150104139155744904917 0.54963247751233929490329573778453502819944259681661034983632698765473328237121553864195370780173926795
0.25938411997647986584931394448843116348998338622570279980726637662995221691284365124656068535307397089 0.26140533364587943858494122437761559590296774270776660412562344321394232609044302181836041083668193293 0.11178105582874999914528016888852680252223978029668390181322388736044320967664754737806458532511909791
-1.2720724305687066414441357258274665291103186085564895445986096783129829860171787783407132108267702698 -0.25581476385207787214043919005793064227261788991353924151385404520838683068289260346516089703295924502 0.26288955777064407882217847653335097609927115825850278576494542783103220722604998490787263350658500144
0.25399962464500855187895547397870825390605055189056996463657513847261628671091637754930263131820511678 -0.3307920189517405309952633008445916307310139712255045903689007358643752198336939044924968247242639373 0.42903150234075798544974766484493163580962965305243126520211005085913862298380423528610331183931943274
-0.19222177893740790616908377043702712858441814144254797377011380065242303120954002427737916521933966797 0.63063986374893419249674897248746951317929382425281546317731491003084508394552128528418478964209925083 0.092969747774399890969776918629651900332028293097656275425202153794599458646639014538585341892805638607
-0.22016595529938400101303000050627524921218616199605056886672232505971877867964846246940120152486456526 -0.61989941442976030375365098817017838427120541278830552911175960000334845572267534070949678903218575852 0.23766512855749098606024477384318708124636783812780804099645398427292712932428470932741258558494797539
-1.0627177287180308622508763271895790182868040091334166723202881103197074036506892324613336671023431731 0.55010463305971456054211570612515803379912619519401241252968742522308484730748392775368004524702083916 0.033529786960586156152805845025501074852486975444070015465856487030855810779688342951091011841359951848
0.20320169211865338475902551591751126773002734779880727099843711343665895181542708126973490219323960024 0.28540207394414361325321726926419669048078177036629916839109020776373254008677415699237823180459439848 0.023249178468533027323811403275107468304431232597370779949797100482366909204096535400264862086452583072
1.1144693812220385152279524631003796174379240338321935401108441984121860425900013711568001743371084061 0.61128871341588466504610874432114851687611845077336129273287269355509630579844279939826277050676457344 0.42757108196543215119526956151023742556370594179753462480401103337267894988929921452934179622458982996
1.509948311581887439279033260081495140801496454597847944317609164588585580063772395340052201755613237 -1.0970458080507017167860346686859114782016026479893704144382283057776965770532377275371444207888039765 0.38438483611485760672531392154441364177542421632929770041279571384399041458435381321272640017663444265
