0.35838561740426389157874438113835443694822726390621265364353194760744649443477281288900518036591069224 0.04519113096861587235450474180089865347143070451070251164492986821623785108256974589655991423360252127 0.62811076520171549860180255668529363950415575676141654364997340208008256685823260485858088475224649316
1.137612760216297314267696944121900903534783619875931872129387158603624401165302304332737549015236163 1.3777163686247884569416323836700629319531741315781113923529914993916122984380230784264589058887980952 0.31673886418467726739797088975397977428324144486178714336738473751294422229731743807901073678618271341
-0.39588282167649172054198063968714359671259701613260649460950850111688525996371059090816546663094160285 0.37759759672663578232715204952169565757195554478650729473015795118194327725251939100922953206334242133 0.021427876587320906778703826764634021340160865128883780183354235703309870938776023754126945242365882731
-0.10909876005678475426432083656002538187510382636328221204261243198328272841093144232473014792328115996 0.36939650576153284309146713984681299978770167051735246748561675622139622112849305799548336634817515624 0.22750773625644738339317896031081519155566395534718618588747833372967437834131613764256233261657011623
-0.74074002487504459533999876111250350787398631001466608411552305865866721889732292619263687245641840884 -0.60757123519796587198334390695714061970040292946097479086362132154289809310583578651241670415057112548 0.57052314091476531120375306144215509861158383666785436497932458512056117558251427822160922123875407903
-1.608150684124808414953888992365286318318986937502713200573698883215729120971367121407628636337693555 -0.12570555806978523499541889496852394937252316533748985920977819281022909500811237578806467445008395097 0.48509444342386384747536145043622100447123056694513312743916482087939992756707497860473931296021705315
-0.66161000409302618712198259082921443369412866781644444583643086498943768307260089807046394322993446313 1.347142587954723948356265335837957348172802198648313039795133640919759062681778391880375319935343558 0.4913991790447683184295980022915556119459021780129149536525020365217986396544367941584181431371150901
-0.95029033103218983983177088334463513842052267869905997096700189949802445339133205328954576330602199069 0.90762283848632193336967397904075977284481691092618774209674796228038324885086697780420812957656111513 0.62740712918499959405805179879139965140395381103715594561778411362138425740105631351731246765394170211
0.74966282856372863491186393282938289869112492253118383597768400820891777086538637712412237837475694245 -0.56214292554471599069935904140484197408077704411731725520388127111988626935909363025976965121328029055 0.51280198715043034054340782604955260625933715231414435885575109830223820623449231841797308113493931127
1.5679892965449661467389214818630530693531038861535566823572438046590217171286284146195599105614642626 0.89050181497201997420379070543857428500993101061867511966248644357037908993996303771635185467799374229 0.39256119239978804588670642273312659032799949447363604158535631361545395756809298419960469927968310403
-0.47876460473844317166617911929869598979212529731726687897674429187063037083837297418066761266211340282 0.71007410973801272531738465289528995110030364761611307465706071257953731674685904485358826711786540321 0.081227083693061019355525912139638624251770115118267855053295557111730665618569752480373529974536155854
0.020018463204167507734858687302655195750455596028404195563554697470432524146314997722036462464813980429 -0.41788389101005409470527606543842835876299682805644389209585438077530455046199584131007385281148976239 0.43779502457878795412479160287475881043751987333777457264054421175214555891410951433119595644741854021
0.12286855966857142674752491481811057999633261541378375290301730055461910498477496342359179830612094222 -0.13074726778460650993808567975921741826762084844520779024631595911093263998359072711002800041222750887 0.48588552992934444701678632385099516788082575641698867869472451415788337443570434616504547381497440414
-0.0032302201866213340993974388385513053891634798180865298220919754095925735628328601969789650322651073525 -0.012647760952430489191643487671282236267976430463236908672296603372659496879611422317955923682258652411 0.20636306932299581773039913622562835220294311755193547392238867155391061627982516375426753896406215468
-1.4073731003220738001415549263446306487525174280694341418010685955258014240908626232191931723486685367 -0.48725785527902893825026062291806153310443181548565839943817656706779980042339105697672996913446061608 0.11190998018969676175269829472197222164482971794569446975052564728624952359969094136096298790636584304
0.4647500405516244595503238626725235281625923581282865384487808470020318571471422981263412039730568185 -0.041306327064808545464220754300292993762603288473218846649393735595265572693078972493189724133152897663 0.29143764538235597322116564101141131870814439906482478328047323557404171851912260713987176985163845475
0.30550984192697143818490377533444993717870984500750031863226983128642770584329850560963051401707768655 -1.8507937369195759745207181601448003557274987885423265312079347390880352585296920047738379097888851378 0.03612424233857462752965536910253671825110112038750260076231262938771861932818705792824741710094212888
-0.15267259559569232465917552341609548377747502008701026344680080190497046653278987325954932424492208407 -0.21539694466017618362273178327007374225963119915322944824851048641551712949772534886134075084279710641 0.36699742320600969780374370028718160257215635486157062409050438803040269301825071254510473122754487985
-1.5727916563909972249602024660234272101577072173852533824856426091850495263720143722870368187322890085 -0.48907252051943758578351458979260052573329041995841505449529369459738836428063721258429129535514443684 0.43548008787950490414455539136158385075213077511802962828155339020050197326520321422575813839471189715
0.36645303839174918116558785330897164998721482776281964117505031072460817693352345432275699355213459957 0.63382130685820722530929290954842641489606653086528312136891545077755614601682136632542120739498804373 0.009416810759218360127426019813477587289006865545902974180088463599864588678512865855774343207416138061
