1.336846322240396938671468201770055817954115058579640725307755986942614711853024618892018563728185419 1.2739055179200641465713811534443990232902355298547085846865990872902630435108316648760099633671705384 0.61494985497661992768830143523260005274220792497404822329617685114999723144858458680810876270848841215
-0.19447764213688470239464852730511100733270282178136309815112142192231581688312046259224519516846037688 -0.030611426144575388352255451892489766932352581652216465093030887441674424676032788166088934774362318772 0.13202311714963591962181661767219955159754300020490606877210319430002893864713878025462535786063935177
-1.093255908133124168349786783030352658855347446458464848440044296831178801017798859353391586781257939 0.19535932523606366939412373847182139720481715379745718489167311379158300718682809967417080042552013479 0.28672804901648019796641984976033671016181019958934622677963612860410704357051018577348318186950609128
0.00764255623609834078729369725264379454156646484477125416928491715683553854193628202503805913333319035 -0.4148880339839842336817707081628152192995762614341371607840283607416193088998921323849393062870504564 0.3770600956614856358558491295824885454409683228218139859807453894411673168809158794228769867743529438
-0.92698887603296077613585463880041967476505235308762736420206907894518424458211805162713426574843284456 -1.1379156838573407979384487394252506659673633837940948049429193630328555065126363571012283106297103782 0.027382974325999248863010336674240466355492789554740133477049651634930278201169310395882290620184704595
1.4827953021071042129594848918201007741596078500886414684930984603474003200218108151601487294842532523 -0.37028298192482203017149976773207422117074850724019133634142757727310486360206715908200437931257465064 0.24042178431478101033763325916114595469593948177844471489367938903085165019627331162659099906183451891
-0.27236850330331717572303073549158094188603815318899278283154146474564374882524984357425143276244771338 -0.73462025942907522078784646096282298639176226305672873688732565755384213044006021006847594614046460554 0.10638548998462760792693027344240853751487367820811111324582449268043209492785307119861844448893931482
0.59721335275339734828325591500850350934906822354429309444631683596751191818130855436278295688973683129 -0.12960364775401733532850997762095147881168411050405420204813372573294023071499835996596878610249880173 0.47028721305768789012452951943484188115304106905969499949442565964157145173024341328690962983166333836
-0.73620079652469008184804585129060905112815587389375835744514831727836517066139765912187297743125604509 -0.22860532628962735725018501597792132607559146170013680025172591916813662100502976945708086765881111251 0.2335767638500185052250023339747595707573729268386674475541554818838034150715342014707382156860860642
-0.61822459288144034061081500601894229356652909615088013774783000849403110972881464303367248377797065432 -1.0422262319182794569405391248413362882164853435220176293306984246291264860139603832482613633131722525 0.13684320008946172517509215267051084344242894049100005691561799285906453671354576405181356049205220115
1.3449946309923208861238721819699392104850504277483300691469507918159821130981772067575294025329998769 -0.37962582454460310230204988722456519598660603038975249976650511731772488939636841329035383140522588375 0.11695467543026509514068994913392709447461297250421309508693862415469823070604321606835739450937498618
-1.0162453553922291071575566905204741072228111794296901192988862655889812530685496444433550860000887246 0.89783329363135016622847442927806963576444681377481079878532890812143332449883517144789420990698817606 0.29189033797334400112904976749162537065701944396877407342177505339600454113382507740259659876825131659
-1.2892030564850326413786264548238623279935750880932384111334765338695497444224218489784474069811891009 -1.1946644078042235600262251521027646999994124061329387076706380456697685638123808692716721182499695555 0.58226827086526677132233618912747343506172175119997472197584839339791902221373094171651694897688536143
-0.067766431239847576193014796908574908919784215602871175913362175906629078113462829367276675228373817193 0.017179573147892617194192954266502632820591175702102814917955205592802576376845721184181933646808443213 0.41636994816814491755161823029771140348389260797954804604977461080137666029639799344360568511828618483
0.46527762343817047917678019751472293234207511508707178005833432428724115373572412033472346741055685988 1.1686435913040276433217131660432305025316076689456301506159749186262473387814222586436372466220565718 0.4385054374923014499117468096045017023054776239127694508007762338472134544114335450097720946470491208
-0.2802162107659764540266284754686339393682902904704996349689024723468526010430988651617990758303093545 0.18829986419724159355298828683572108783715720516607681638760734914620101497460240608700613708317782813 0.53559633966682865750967394388933479825378806115027204018461914101679788356830309146443665078475448516
-0.70163766107785395536250308953859648178430473534023298952546408126515185208384203589258035498075603929 0.85711016293458738147528441662641599023384600670573730531589820898338651748146924124909620937629029898 0.051746951416123808818696399068199949139908450857956562822901038600928612488638850034051275911580500762
0.17081425491642875994664542403054016903898105797044852472088030057127883376563438038043865451667615962 -0.93650669013821816713651479059756881199442515564590838238046873421164265071386877087612112305145175524 0.043558041990807222570277946428952307933508370889001263323446788407785577060462017288832485498053144103
-0.14603815012271329030284120685976471567059124709278512245821972733196246791336322419237127055310455676 -0.14333460455535595719163338072646535054211225991661622168621339151079751629518253984753752047269320296 0.31978154792737414466970128365314463408270298602171193052390121381986643650868212813403796272116760122
0.078665556478634694434234019407930727990972958190045186316414210922424602421565314195338676633002310829 0.15028937826282597517759632127321391458212972418201884759423419280705596319131436489876670764767246424 0.11352055805221837544869492583491552521413328482083199237353685937792358946156072419925971981645051291
