-0.60419728707905876929333525128145451905692680566538033826740195777661822930709730701060484373548658178 -0.89672812284151226666759556353011205228218999229829962002448414596202522116738242372732068465569494976 0.29162272029074335077230002953749941922262771880825625815694338121922052749101143883567947054401395684
-0.04011387135382686236455370182018599911671148519042177526989061910981194217316720243224771810157241016 -1.0318764164389024080508350642513275585103258318065525220680682995455226082912216350755331333916770477 0.11790266554903727934588590706546426248282151497518170109320024963710909437069808839891574560819894054
0.66465662283660567675575186470077019904303567040231439652523390821882238867252332161157610684970254131 -0.21299673924785224839664854703517951199005360127798215331454013851237896888231903677731868073360863688 0.040620230210540613071158525265821590346365447559266343106410070696070500454551490832528527707629682479
0.19380011332420964882705157842073911218937005028114232833996236348894827545729439675393130751934736181 0.099294758474284364129743923129753586998393562192844792344223647421122112935668105143942886231083961891 0.57568522379472778271260926345606509070391816949834833265556696397113941913693978580713003180200591536
-1.1948600434753298101080278148476410093087668367503262748444981211042320816350269892617777949364849499 -0.68226532510562726336291328592143120204432433417520102843898193931883011454956427329402446339285111226 0.35333318134293179579477855332376406250804071119944867420358501952010789878043316492310245989164351714
1.4623568144494065476165742116492825291210342833659034949816234567339997637370607815628213816632126811 -0.2864161067598422873234413225337594753253716084012874653446761746881567309756383653242501028463575523 0.49396473783717439824861215455511676032122938585466873949141298188786878616196946177146788839809202206
-0.24063643982880587655751359945115203747333238786645314746432155619153028371605005486389196796614903382 -0.49784017819029473394227937961966624984807344030417257170109041012616835086189394417918795030065350165 0.16224547304727387751876304703153817963727276190979041624404164399010418721538941246919051161364142878
1.7060662539065483109847276231031424267424416979492736879841117485101727438312406015786205483271423871 -0.74267810675481825171904485664493628024003483286843573707547691540268050067724662299471239172726456803 0.071686427190118108476584105389056921328334885120261739517645490844837929652328754310817972809791717815
-1.2778497303431186486657461984717234723693035156887747786788668781232928902878818841823621229330755458 -0.19162608413559498424745419215857309309765443183403855414559358107948969491898814126572884769044270075 0.33544330343737807589185309790301570662905097635469741235686190131248226419673850065632033410011416977
-0.012735706449248773467758217487475417342440522655227590353442488882691376449364354922929039695951042263 -0.32050639589142751500965182884767998759243362326058628166905425207888647864821612849463524762796999676 0.27661282340243412346774451559875155833771144692097260711502902587334317915153534687303538550948806582
-0.11360349606461196933049471747470046276592422983866850408642490231767696855164003296609357549307723413 -0.21540086583995579024677068822442061689454119442896905975692081875219596878265207246330912974488887627 0.0081645969581532105141115893085407742562136310838245104098849346389569549879312464724959138352382636435
1.080866513944871659436445652801833974875830143138381692336925885503345046452924401441110862031934835 0.61648768003539671815220377193332949747040155167103664800320130279664176073549890746982563091388984808 0.20646261584603347506936748764940546559361343514181640871540306756863875794839970841151414488378896219
1.2058053832239118324089485538216183286396993766906474071997928677522054996980142574100285349011388607 1.1581898767150124442378422069508343262825198742321575762115556521114993996324676127434701163732940638 0.25135457002927187936286394412548517653651319888003008245625395006247115187090806135692405818304957492
-0.36973951136587110425815035854933784963089899202313925521643180909643646206584410825360969295724515967 1.4659215837220683728422602942012585036636360721563695633012583505169980965194991098186417469974602998 0.49948847385068642285193908884588979404949743817386321807155886472768866904459647599297716911777697992
-1.2764418679070434168237470657841348219709486877156183238245387751243674248288722074994827793312771235 -1.4505563214686722108932005071795562421373924866165971490534490583026190885157468288750907608662329707 0.006678721104966670356245411375833442063944313316160228530107622083247075472882940785648881266284597321
-1.1628033883471280178459631565110392138129481575327703157092765802271772966314243997010225659963993221 -1.4313047338584774732904885352639855246255868440588529111098524335319686608414534763037061983727202332 0.43829813310406299569865375208092472085375397705249080154397358766620709618631740120077864745003046376
-0.58172599972585607028600773206994679604063057381863567023849787168114488837598162358760947179145545434 1.6546754022229242935285698865037526654163407455319291637515970497628424517333965116497628269051873627 0.48368360946420360313278803252052192959409852131201365650498810547726450262277357390955121859480254214
0.65533357767439294927110580535346704526154439692591890385338919963140031149484120833177926392809766197 1.1254374013140781591581418046925282587013043676071851707957619146378676477861078264318430880286270636 0.062989946242262287760869251327826460718218845951858467942843084251149874150553723561680016638264622681
-0.95802648067696589678773035314827782034992847978267686180149239908502807826595516406128766363619486267 -0.079505218233779423969154729211198775712270466078802943467642192146184678834434930544826320800712854032 0.25441384377304568044078568700864389976426243401790734454537425303438860617443650021204349273670698606
-0.54110944746600129986069488451613218302834852245987370686226027089910606080093993717529347347299006211 0.58210156108333768465127331282220414470614555278287129305007697024669339468416788382933658293107118014 0.090321978565451638584742547750341266097835604926384496040530585459986187715509295258908080952291859356
