-0.59441734952855361036243019738975020199102135602789763842725699495899808989279929717650168120379870934 0.15363651751034709365862794292656402466546496172872753708215637572639012282222778404628066104001580142 0.18959507235427585217492768388543728100570806584794738343794906444515331088673733784281371288215293745
-0.61634784166069305741732123471359871326320591445685068620210679123107885828366926286058500064936229225 0.623693467166004994198602906144301278670562282205569160814068006681816860873696266771863154187665752 0.47977646124329534349764188654165073170776037782508380958627995430116020740994375989146201107243647835
-0.29153044346254436091437220029823426924249187184133480114343464654488657638200762895488204350999256501 -0.41659025688520552633534765578009147208006550667288920137751633199925643921444468861460207804880832733 0.47345669541878295275403733622660576642737383591952403561104441028742491321613788160148302599841332443
0.039583618438752732936535290815260548280138808791180307232499294076544198143678276649118261633075965625 -0.02747837456231263343344753178299240936386373217553378391077953196088822910704574093315659417910235336 0.062776315498506630442505661096364020605235227924073121574356443466697506193366164917103787124399831407
0.84244637981442221467552204570842935572969386006813704590120994432024559513226212983647769676929589019 -0.87631112205735793481050316631065820201274271741161171308008353347830980379131775515595497627966168621 0.24498743562946943460803012777637038497403831317208465816550318180408605256355384296278486507325335469
0.1482141799401944715295415886921805786254373085494211645056839349327136573269937376753915667921954259 0.84355739885811907367347190393917184324355846954425488253870989078281212820443202550171057045303498239 0.58960452452156836427913623997976101613214313207316205718855492748217316369799149120043632027425800825
1.0022516133630311085329427998927413098411147918946939690527346919963907200339890551340803189027538298 -0.011906929414776477983854638919556250408320453276922590691449495760224907288266473717694545320888342192 0.033758880975166274974539108546443298701463304089336546836776433455793247565722046649312412728562913277
-0.39568369915018886984723269705474631365680498573096818088571654644483508937328296289988550098617693969 -0.57742490349288136321405478458362311763835057029419784104987273072815579216551537293675154303217271972 0.39477200998656021993277447476838916783938791396732232732004517109630431535792414863033583766326296653
-1.2012105163372433441372384798612254379805216694055513252954818645991318551151160892410930157441822957 -0.37414571350805817902177426622304944932558511034869868287026618776552863710484843562713754080880452397 0.21098456590159743880876648078391809020092154563012114430795455848932644063549161095262683087899409393
0.17350723639606836752757211778672319798261507334660719327924075081065364823906332356112555659166812271 -0.11720231373853905973666669102181575974730633031747600426186664216051755773255947217223162256349655372 0.51365868084320076807525249230728958006934872379281604433390283413014887575939337593583251573547894784
-1.2553143082116728583039286574179328812982097412823905018705200785089781742826712139240950044851845502 0.038165025722852551887575452233294877406549036790225882306122886257182704545819620728412747532873208617 0.34295050196421428718703323445748758060830773640476357758111061792738563252132304854320898973447988123
1.7478151881273646157258262051131552645753095249598805235880130930880760951598787408603015796881993477 0.32993597044820381604285296733737668435343587706136878561848139530323840223544396361390898721567654734 0.32063614674307258359120213645650611978550779320263372925222854810812126442882506294111106338446861566
-0.33006066658488437745257532247900578578649706506680928786865025527148544764920379121538116824466156233 -0.23819008281325778722150968428597805736473303273214867546717308189884678872189100427701410706642374807 0.41869435696943124458837959160484408922279201429287184406306072792738495178670938868330413976280200059
-0.15141030117477822055045796627174993630387917982943709048599627363872627005180456648604640012063484722 0.60914629065467490357798312614792615103621768219075293188270162550829180011992012518605969075232642938 0.21660248414938753940019505079703351840153968238372423055939603194643465199471440442788800625866830674
-0.32923818183687833587765481398680837034335088402165639243126358164309545015219434810082273778646203102 0.97621285718109009916443570042449720460779459817770859665003698027534324760744083624543180545044778048 0.30135471298615177343596176339921098881261521526013274341548936623862415329841801717930086689627420244
0.21403691247999418953571457787511049782950558024056873527680095574170202614105228106562901856382582257 0.65050204905258345410079633984447760322327630594749502206972150636168926884279627962912651253680063313 0.24721629255528894908248650387187381387354483666158357811825039011693888436606451003195983037040634575
0.20488999237899372232754709492350306830314435222000803911416610595703835264688304831509865935236508403 -0.31466919788339574543778648238177047897168727226570999950360629459480824044434576590448897657893154975 0.073214002912176865073187631141310774919354152914403719833412163363159483038615180114989479875379718494
0.94028546709738610221515221182244119240142753706219523398705252898808328206520839129736031774510456357 1.3251270276194106675220354436658431380439485746605117912046789777443438519791218347298291322395078112 0.27148543332267194896878830574112795364525179002579549018629219134592053078923545718638290368992109577
0.49919647007409448378515400076100285221881752405340671692060503590262648916725234309413665868735241616 -0.19382565268028589020551024240441330442377382979284802098132459990286115164790777139520871619962055443 0.02154209296375246413910286540354650417027901921580352253131583166210869999358590619337405047469336295
1.2193387787071867469275329861611290144755872786605320200590750990785100440653756178189139555932368046 -0.36635091323055736773307288682080121825257785415457213109515834265209353866525070392171428027170951854 0.3307702336059480076969793762204442034611807409627965894870733579618971040906082014980275241378100143
