0.92522955713025615836705333121582910610103861383723325807130090621128850798856952001118412538698707298 -0.20370283549356354293571350379378219449290088810241528512479434042923571777198833036662038805924316987 0.46086548296477821103852331074448312813772677343845182971810758196120669720947564468957633455074289918
0.20506417649624656508334321093409443709750388235816222444612660552500742036196793702380472329971971534 0.68933829902662225270611949250794260508600693553726385068911451464367196963997420083201605601081341037 0.10287131744954419414772902917328001019264100571477862222444545089647211605635318083582524895494703537
-1.5766656611973749745236915931221550701992039616086310192591682706003779485558393070034562924384739336 -0.74346495491824317300710705673113572742365007422733734492419168709031003971408684948442085541103837028 0.29750953661771383764251018105369662678976679030462768093066555013951811032874046217035971725577693787
1.2988028260966498019174397874095984560450594218500515807658433681419532122411947052045481054533757284 -0.081321615660658211623733048924598496454434768092951384181820349120270141646380523011837052892489240852 0.11118644993534446431443623989113240868063080589146446619759808298376612624113544935767658398389645991
-0.43563748191847389224472701059234696937261089652622538997154561934486391705250994279159434487706361309 -0.0096838006404784847665268428607833582784717054848683145143114070903772045682091639578508406128311208481 0.57737903782913157421473424894318141111065605831353011627885443444471257628110752282100800509743549068
1.3997190094997922123387977077636095002415627694152560955440117317379623365412733003152378802705572253 0.7508870381845195323075373330635378316016384991551803521467085521007285823659002095622636577243055125 0.61751537317270074620104570609505376479530848023797489766077944735468315446769106068236257348885635397
1.9621924159961600945779919888159554452808475169059016659086456116956695710712059845625335930838211062 0.045003905290147419118603076167711899433288794718398686770015509124081452511251035028227535622372617394 0.077092895955675532296515348818827225648086836375328639311510503079958304881375699311053586602052288206
1.0271894698475385548778952047115860234729510227787585019806894073417272162467031270056733239122652666 0.011305424348292670286109541821690201963011028375656001685175744563819989216981242321322732727422536058 0.58329219159630241383303325529006766037738683839914812486495489583457658822496704485419248300076020426
-1.7580066548713552724647373016414344676362710274855358566597125358495824846642723568993854530580564749 0.55946630884289392000051643444840424867624353797246747949774673792835694299137496403739501682652577069 0.47459784952163543236935700742305910097955450914530180792039876864120254701151674086428379625649584828
-0.029266786472040810997986093406189565136243201525063851481836852918208891067568397127835161113742497304 0.060508287843227366288238182323805608523231085971261337729998767692643658715632482014811540941746331446 0.61978758981802545296658752844043765370454264141746941019230468182789295173917849078957011577672775701
-1.3210068610273430720248625035146102089135112494619876482019343975347422964455477168866054157764246447 -0.95742107307151482532384493018085967234397061058595570784922525233062635408235298799998978839183218749 0.56432137743411666490438298582197657466404500877557652473367690824741544096441956825659759948591320019
0.38856667137727208508065146867984057952499676735327781537897530504348103914389490055594667788544420805 -1.8337081671867479838889161822425938122952907155876749117852469732355391377957624616445280942822733321 0.13402059495329092388845772023498714382284459693125059102168768447844637120132712761585419673669835728
-0.91086120812685115138217397418987162222112388401230476610928459825387836177541063518733005475294187733 0.35247897423612589676220999464214956342139989816931408491154309772368654577713546840807679374407857636 0.49031513977481078263031760981538760282505033839653698810986850685795228644859129509442123164443774613
0.72233806428682194692029077495079184785573469785683176257785026152075857520875845832262188320154935374 0.53576029023152711549323823224569648261764043029003045380565915435803039858011811608095944197006060943 0.0091173385716154586773426367387145942512642284353864902433159479152410815063553701496997248361709345752
-1.8591623144768483748891280585949580837919479561650535180521495636126709186932243333283331762412515123 0.28701809453665481472588289382989578426888898481274104578626484808164409605146816021053548553712801496 0.079337695821800289472494885422665122466573782501605629299811994912779996511287291208375826241072351196
-0.13225647908167702897996310398189560210186060804302277892893910613328915302797455898208018637349342492 -0.057465232419763943046206003988089261145919005108088099404964965094304888707888315015363450204906945323 0.0056185492336698737709936968874007638711672231625871083124902743692562467344306807242732404797009118395
-1.8204372399448564120694665255810958455672539955424975525751875075328460428439955574871022365512964574 -0.73188286747216729449795947140265988441561113804474594630155631545981352538998142312671923431688153159 0.064808743192250373911472659603431739942789311856165138346927029541876909449920849564993707145969262715
0.14181987586098049836577198169890632669811486010480090907183540171566708204143635707462537889816797631 -0.055775073975370597175815522710262870902185922564324130186284058823596798078918851177361513023688839171 0.031911869345923911224878781688636531047891502332118655194278961003079597993638453475625382131539016035
-1.2780310451650497029690920982778533701998153082218463993811000267420653210085477454332232170204502869 -0.5827662753258468098456583029365307379447372708298024763825542160838397230166865945595171194175785925 0.093852454730995363638350294265247030310267905664816085398718346949174761468730772478734054349443774028
-0.68029031201146673389867040782802895577831646895383591819710015720619585385771086139152639866251292586 -1.7824804860719183264316577967129768176029172359158428311859784500492650293507950199758695252825224796 0.46125096636981108890422639886356477321161245185539284859373806959028877970542007113850483931569637587
