0.054940404086585351954568526171042386793767977979010089190776299988544088977754806657771177801130886072 0.0099250881960138918927434008486467830317578010305490678493845117208477406706148032543000754185127193415 0.37267203921246123810730353290062310088981755350358332033536748769644008391872116363590450454427439065
-0.8549327749634378675363596009332900898522671141297834333679895013961198049909803891364926693527790556 0.2446727272234777044764872378957171114482709314856924954202122590243586539276346062992648827173913193 0.28093194037151387125255266264436368025537724416453729779302464934020758328664187464305650534192263986
1.0946010222348643466843434586949627305197773094244000775544994253031436194187079566372557894415369508 -1.4664174768331600100246643895648084845452862692813970953513207244844925586224533797151893632223911383 0.21258183933307023178779104854205225472141403053036772986038653273101664653369387488979879638026059481
0.13953684302137986886409280019438269780918055771611227337534257400707915538004059996518695686263973326 -0.0021369842011291788298610197238912212364629582450260439815788914524034790334793416410204306096938006829 0.24528776893616847166480011322522232550211852133024723319708965151885980102234772192300966694965069896
0.70839705380673196522627989878572944285665308277903901004395692445841336321005760571870438876620629611 1.4805902064150448729369098564568931457693484390145608075136350861986977909319359914565611557113511196 0.54462206994808877780072086925252647940357013712136870573508256712576313047506144066536210163976545912
-1.4983992101618004136446345627516318716786101654849392093427197797144852099348728901187271104560438366 0.87478079960503821824040113547644602760111210983437506286758729405622914475275661495275644286160781318 0.089701197968473707669664940297143425269938139412041963193257708814380018886834366861510606054104863208
0.38787006495147366188833344642228154957274827839131152045251215864127664559328450658854461971901237191 1.3315696440416478766604738337683766665481347713356896727302956260188858902126230570977526627902670222 0.31809580795539228232922737861583071587618309720855671056502136830771418681644566376665594270979103248
-1.5082832256112116385742403908013025510975569302659600146557725828604606695492603249007169000757322569 0.11128389972251730661850082937600675079472885954988362280475771106239535442423581233318417198842506958 0.0017990482594306378265989336477271709309573166330040416070124830234323205108094352379864914519957739325
0.88103072053435562661461095161378185519248210801047985670004326859159021817030636989428673514922644337 -0.23214782901522014597900951515602689822484229606031318196042751174151670517187577682646788953998033068 0.46397511510728752031940663014775362366257285724674624070763028507977564387583806698005901317884706063
0.033815923487263770716463042059493837418583328810508868581750929123071582645770856321016449591672767208 -0.51695156901444362550426496627816150825725394273413339736154437021004326569116442759197446626423475068 0.4973629274010895197042806682116212221688304496393887066415561580142306090004909504063537131234516755
-0.073791587959895297520061135175010230623232850478571741576489741927410328092503515830757286097917674151 -1.9049966946580666242832609705925214168913804393430587785577610642507338465170338965416204124707466855 0.28356192179861560316652745250152869517863137048977046915039332858176163923660737516247569931135173663
0.32973358390509580276777799551438881297573084655365690796226212113043556911452178438548173730269548664 -1.2347200643875116269885011466345508124634063575679979507418964932440174543108899095199293199341520977 0.36390055428912926511303044826337365125154341862896179076176077608228617839883829696878547399819977043
-0.33744678504962297105318555485515200285377460290998266093230830384074111765032503314615853924153511279 1.1973806048155374310560644991360277438771240717871394086477311993748798454558692693833647460198042045 0.046636546561295937212479200789395706402214090716248462793412274717882866944705998935866545056012990688
-0.42025154442291820569775271691879290168905313248937312683441220775400380190368020098409711215917884291 -0.11339479986202278739264984498388718838072629810479407818782032102259283261737696110500979957312025997 0.34051242912574201064947847135861404526485864667133190459407988730425808077300832243426239145446634143
-0.49989662509006131604028212779642348198415136520111204423267752230812138335076883486501419572285212955 -0.24798001350104171405714233136049738711038003872177713277044007064695477774516641004934923711049860029 0.4719824991504904420766176851119388141692225749007237270240380233334315145659911514312819848020743738
-0.058398915414082472187418588758031946136051625081945767132038828350483139603832518869526767155585551954 -0.012273207072150957095960136520929372094119022035925402128803083139523950772622606611209871122324578785 0.21869374688163100005423181936515954746069577833854295651961271993540819535099147440859785123463056437
0.37222373171571572247090254044672976551075232035036865123202220812336231623604257270122171058496718685 -0.12383841668933011066650577701222013261095160772079050873163342122800664743581911300522013257923983822 0.50733691240559574909919843281492873688207734239389681798684028149650850584077978963600723746528974234
-0.30070097082989856007882952336026597672698029442908802999442103444705849120971396278570984938352095437 0.25985750318829355251240901678687109605967905202435837986736508802401590127797538938027866100180289933 0.15047453711832481833490398392825220964256734866371291721368185469906992014724750340300553263050592547
1.8588184428924731458669420843817774758322527674287288138846063904008734603175786384736384041743383384 0.56531609310495896327586697684729901300231053057328529859477127485061050341322913917910856909506370889 0.29172304670617176891494842303813062392156807011578363809899294594576227201179537382766942459797160341
-1.6084919812113491015700732966280652435418710654487679614851218726099621392604273350305042563885784076 0.14642422531851880685784300755861515361225996898817394769917478235929075388768451926716785570345396635 0.44212722801349516070640912834758533010951232716949370599598136546455374646055959819099115250821261317
