0.12475717122803888411892663579876056521972923802653601739775223019482276347336424370817566376071482709 -0.15227489596288458464952529455485456381838492514518915816323430328435183268731810770484660006726192754 0.098883897560527394505384517336622108424506080779184048582242155485224593650338811571056192086149041136
0.53880970773786156421117828575712879797300173077376844109817270542437331248640326948917258735969355994 0.23493265794721204848206781119664041971842242855893571463424178409994121776382212635129012190800389215 0.48220300848675103337435446347773684872292877777081788171687537091597801165275505985794322372138571024
0.24754799096994488003885558240612567067235631264074107987171135239370252508366206755939304413282151435 1.2241900470926875078692228365102346877585509172325301198489518840441510901679393370753931524081074847 0.36500195277532754506676690906683183747548649336561835315510577263062517310470769265440634905829072992
0.65657840000404404515904936522930515216048544455280802835570316981308424260987143822471395323435022135 1.1271384665198697505317201845889854712172837247903285956167305992862587244611816142104344314207515825 0.47510571174555050388237802900499086840405824451162258062144751472909339402466084560435898141107140995
-0.83947255997966055231882119805088958615901666664261766187005893860426596237080145973114285017617823289 0.39057296343342789196010553218097352877140301470923962370052657886948103820129017452958163243290144182 0.51851503403234262172144795321518549759924820087438601782262979401493131564222333417212004269034650502
-0.029491861066965250202432353838890168958073030399213320801237410380860030138431546884449975824758473268 -0.34933320202382887688088286242556630334512797997717339367610676843047230683811005280504104813673490532 0.57206750624160447291006074818390939309893727349437574621741211790143007024648650296085278583308064052
-1.2200663720717593379381448549945640676772919313897898932738356903789569410648010085112173906229777134 0.37806850087911327519356364940258150435103500123398007969295187616407603684942552275829279285542453647 0.49160656117877382035727752851963158959762919755746214370678895779597238171809152270861453978908427056
-0.6285773182585138804677050902996074048593782098713931397528906395237454565359596238608507739782744584 1.6438777226102389279191416196591755028431155334996368698343371628483021867529799694602511812127203557 0.2261862219219540709402487236056322677379173910935049685247019730322358878884759473987441583613938519
-0.025012322204091940223347264630803421275808932869576978109230116746174494322014885700645194195688641025 0.040492459333302299630826193890011031206105380836757682485464439268929816943523236755265072137003061278 0.079795199880338894400026363287925150857533772021539897458659841008096832750009454722060194189579202519
-1.1758457086931339628933499173247527318842388330312390756533510516368739277038834149295187754772207516 -0.68532044643173394280054151303026989573757767555677317353304931611213615393583900324840377862815211453 0.15944069237568182665058104150622975663388372777048044543790515361160343887682868618884509975862262875
0.91722022795553911858821232299126156734426513443935724898835073775859328033729670373057502686032409829 -0.71195523243874773870810143330243302112856457047245042942496629578115720344897693393456550244729021402 0.305355158636754339169708786466932961269401244147550271949643044100600032413925009636457384182640662
-0.94883281941294408843192116402669713091449556165628658350675186622772955112763766616280820378491271984 -0.29349426251350185764478920396263314032888860930215869416899008437507686092858347819122163224438053828 0.086177193326660580048224829061923946242515819645283115260243229316904688792401403511310229745224534001
0.18976370849746733376491860173085291076465350870585910687294496372678111744734649341397216361913429003 -1.2271035203005987957177709266381452869794387580653670930859139624723674326643012793515476697613695284 0.017209067180268028933112609592346143120390773089670861884337859140860528606707850940274751546289548501
1.1078396643748278734299928634758645860202220545736462153541814715774598152845239800393561412925076164 0.51397563253452804480273604349480399286199711225773535499597861697935424643455746222866779694895154133 0.38226628325159072476963297017551733736578391465674025153559763356268537335258292803485900293031543465
0.57035717663788825763207929427502979910491956873122478726210417341998840731267104630030455107088870965 1.4842110047921830621483666797186217434391712653418886053355590286797394234049443178879579637037964932 0.21008703764095523074479703769327209175802752957766426304783370822055979029116106326331764990332198296
-0.082880865034242556629537469919612170488379656132591907096255164711344896520946689503359750144457178536 -0.25162372266523948977336199139162339739732487005349854614258790518034777523111223015473680171908777456 0.54508035974329692045138819980373987948759301193736082515030089938907871026946429550487380716202570059
-0.64559756065430425907335866318258567719986316414405690969080720582716391133804743322301579683216333573 0.29070477628616722922860718724204836763132503945604957475197936170020944296138261881240889871179671589 0.079834486325393146106118477441285501966642900185682490418043692534181799212113390832819762141364985362
0.81664131854851271398138667441305472847086321228160307777309979480121025254466767436609344032355128814 0.44312452899936079872192469916941028512833466350366866560885419369738236920218618439867598425962300726 0.28872101744188588077482275593307879648657558637061507629130128269270111247307889339689362559884512815
0.17707407283697861398624606167534490282000478530746576641734567650651121658462504814066031589456067634 0.16847505375128528655044249145068196342104756246580833481273151103433113255394708219717765048791673203 0.41064696496139950726886919961105418123773519637872315653238485174212319857135556687585059599456284886
0.31823665974234205359009204331620090295507073099280280895127810096822318351291863319510863096606802071 -0.78003104742353316834218500020925282893951872009001536156614586705676062174945344217033020438331268378 0.122991037440375758882605266603710227611410894462933734515591398892016331411897532559270972832278202
