0.017900569496707426397983802798657845399295403333516197571458252222500309920053168189934896129076552128 0.14606630297164908973946309382180331701840038096375692686649958121371075905980887620167694354894377965 0.3584907416751819841007509671675550706977305168188493678993441351128437252498337352079169992069668817
0.46921406147505839110687856433310571446692254405173707326759616679677754894821168992455966249276190888 0.07072701488220738818041488708075475947311556643648201873442877100167044355361234551722885495319186498 0.063013567010479788607147386114342948052358288985930807903801836456130993148265758638535094353494067093
-1.2024075811328627489931848897724330529879074900736229901709875605852180905861529116811332731776131868 -1.0650597715890897731223333584667630811431513889313882182773660200612789723506191061153530050756021894 0.1047441756599227660488813193825153950747766642872170285351340858497334766606961247010678848811326522
-0.54762236333564947838177966927580234249767418157712503644503704939182302635549809436495472621417417187 -1.2957889879452006022359272762516173898315927796596132145650319912621888029510784425120099426604168589 0.13272227993200767354015363657778370485820397029222849958053620222287404161071536649790318265886314286
0.61840410256693289256948278487315052877307138100642779518748784059728652925334422527157335409111986297 -0.10663071024730327445742106949073337603015599464327800755292258330350686019990326806973971175453499375 0.58964854095281143324126573433455185860925877535167185570945416340331169822130827493724156316963365661
-0.18527560269857848701214854574168194171142266981466426625161227000057293892385279119585566651412997141 0.17380581848404621787405947889382558320813077525147606252214962266014627037502842657771952865459479181 0.43439470091093982415271992690730202473102745286859401276587941751031711457785832501696399205771629023
0.019478862149622346913657538669522989132877319807328062589514557455839543145832983775300484359909994468 0.61755921749276919196419034498353484810287641059520786154871922483979099879216672448113771969850976949 0.097978746735668784941217853991421868309027364647618038386114730970565942185154772747911148368092214871
-0.85913916444505043037991150501071566441639669619477833265118113120231706573184510929138709888105632545 1.602466242288893072390361715138155039150752564766468321838953380644866699832899724996460390636551213 0.2677559724305908394040020484417850456296796961515557034085833312516949260214843806855111527137169415
-0.22075197383472084348283169718279089651162159307724066372332893219480474522741314932498516053853963816 -0.59896643794455325626745826350639074683893291958446902680021659000601827139043867915919867946373076141 0.43870985552732743281808438507784729460454215257371908958240454022854777465510220959491369087942874817
-0.19353664478083618166303029410984690353389834251189768858664855455142359934811222903366022610033709665 -0.22373248429352055699028772648328310916673751706426331993020866545174750266994961177808276370141258798 0.57768029672398169422174174781101806074666096428659902683710829032735040498540258754307263293949454262
0.99997189723472221319518211260384289743160707094272787960503006569756812824749959802592600730243245031 1.1464672729513763283091208672728544461304111385194160418024003400076472274703708749936353751836223771 0.21297934380314654158670376195341293630328479716600834561659573783953499239700188100033944267854336633
-0.045963112642973419827368897794939393197226158597675241181930204978152100481092535692892152695947105361 -0.061017138151028208015295179547054214274590256253944902324087065461487360265640430591377455398580029868 0.21600863593876667057181410836019293932278910620253930425570763925178271616908395906766249421306613311
1.1960364168425649096881263326991876610761006804727796514407523400653303410486545389818090795034592198 -1.3837167752537576144904273578903623048777125256052748808630325685377876849627107764528662197424950039 0.61525114511311758733324202415634993032186452567961205859901984473554766502968190788600464034032823354
-0.10656818855155091109009732005437755611735191530306446985090352875809827558621042086810131448139681632 -0.064194164957767607065822113317588044150145342928429204449607098213623164084376837410083175518805878526 0.43025292975872277301466534915937115155886923115574478103039092375102590453760390606755873344251801045
-1.1244368269259531890537004135021255356854207338505809894870025399427620768855880072102048707587091888 -1.1757597554937801169340703906782481715158929283863562416679102707885697860420914629884617239045381341 0.46308266030756553444616100847465433676866340329426877226923634558936041449596650436336537640455052105
1.4517965040802548772158497279052857659854859169812085985294175266894783125807563562877377751316069701 0.79154081686098690154413906529896369754387178303308545922040701062195028365321835338496692654387659724 0.56848973927625451481423447348267946248195906414793270410847786924709013602804898943589152413532020484
-0.6702981791393217337664283531235991744398664153482257075134399856046346093216753040778150145370761642 -0.0012294233571640531075643354489061191455502989626026901265532433527519897081582814234780389622395809397 0.091854076109805257430985073295736952369991307850943140138642500449046316666922503867903015334099260447
-1.9365966212156804006048289710269836186917755006460343099024675641981667502197672425812890097048826435 0.14332578787810180234054649661823036541382743909154886668995094506613780919993836270037035052595780863 0.17828754314114673847879778579000225595436633125908677409928720769460005009140717063605134550615424017
-0.016322037029901265392024901701787069400285658858990957000493410062969952358505453770953526372729532216 0.0099623116770015749983821752387913443759203339827303486328464457072868504937394651668409460745425400156 0.071341857951315707692190434079590703726395063734584212037074026630964130785546143741308108812468550174
-0.00029245889967829546205217093657512690068389153442101001581819598033586525135940774406028350304844044713 -0.83589727758706791053347449223191709769304827805095486606641027804226773106898813608527109401023571399 0.18507321811210563784679296257291722463890975150440401500350602119185755845710335075942900100241009126
