0.4395268610423272749732355665922309093868570522496520126126702748496187249891277348388368460827602181 1.4705820807275700780684251276284815251210673344256107324785747939906027210236681504012723533702070609 0.37330678755725783612610250468393122601552633915301761028955137937188733059320535984440612207864168334
-0.13047324068510833517802787835388943225277933864035939738479884609172413429510215029039345148322098004 -0.028724535788452535616601595172573528813330548982997422729008930015151487624528530182872818984817028001 0.31278017430907650901439479431870515351049928990831900270951621472468560952584776479238262196975757156
-0.057259294841770811356439583730104925301814419600687034289612448916414362702942679000947808499386677728 -1.3380645611940130867698289428744911287333968595526163657655429989754143993072823699860084528282886276 0.18179930136565862596840101172009875738008178179294931958972354229105464411954392652806284016833179948
0.15549041503526259202390486452267527731726824107767571137235472086260240480988772944759964345047474838 -0.11496233551212938762553074282584208191333596755392101640722249740370640305616419702717518361350533286 0.54148805125617458741949147838100118413203432227279998349029486308136877858176127637011987053677433619
-0.60466308551089337108557695793621230591602546031817467174128605186664165991244585348526895580664012703 0.82404058439030133525550559942060119993311720902534326352030373235422843428512235228582068988902036162 0.40430154233722881075748357328978835999362833840050527249151931215782904551544260241654666392385797499
-0.0059239674603764799746141179543263931138878948889301231759391433111414847118524606526891481322964329432 0.01616312584013183922208047406656365584003643977265230422672374215141913799513913071556425558761989315 0.54572770117727975483020826230716130611378389836548406797874484488916209285626077908513629652521127967
-0.13417346525369538298947998873303686928353416921694036693596127753483880261012860419642757132567057405 0.68917037691903580753404019428476609375483350407146251117012172920458596439995473085836853001700431035 0.0026537375828393240471351739564681802837350419645006209630693884363005320692416564190036870077181376567
0.36010591697685872602114575445772703660119470049470310133696637779455554567110439783620523450090313625 -0.18775081835962799326552686597407007710742789897518211293147164892031751301517515375790662934841680118 0.18942407102700211244726546983345787854503773575328425750402961858298581360897453181634005836349263892
-1.5851788756005004961221953612966865933637032475630725866742927700503320819463466716563132613185683154 0.15570313879776964280997759542644362490913121332315547182778351909773479636739243998781364810090184488 0.16673832557751675741706236205792199567024086512849565470582917866734927085544346808654247486941347491
-0.71443080605498011067801182093073692665375105409892886826158883158341500693852675360398907515238974891 -1.0906249179073267387910272044540051883992142780864279310093138213457383078514516369222423690490809615 0.27948272392860586309694334033408225022279160577963589264721328902713065610947398535632987734352295701
0.91720469639810252986789971669258425186540285351166406825634817176873597882848092534693571179975000522 1.0627259409287668368997866367646588453236596998728103911399209106124880983992113525127981497439060761 0.55592998153127738442043516232729165821105805734620813688072454632983818020323873719561595417914261907
0.47224534006637570008381015821952656315940300589069517378294560065471950498485610669361020017672778051 -0.69355432038788753390967509793072372815674258145556813096069340471370704028483846963043088552476436575 0.23207588232436915057855347914904806761773499885245592560851768238827471960810792735279263286381067785
-0.70263233016136226985697464998968278851265414703903426835966868262494778744357436694786834216376248001 -0.89189992073684109061912006347498568288796206364197951113918304738592746352548620000345130426227602449 0.038320100822263147595126234105913830001479623361866661576674748514622658461599433732902038784773349988
-1.5118314055774435505672826954126128082847325433999127150252613452118270788885065584755907010725322255 1.0377678195818887535817627630191436551090924567735386420511926812718874728145982926562315271915038052 0.1375065521484863854377534686992349693276985588697337578106697701389644997758673364722886802440522238
-0.27838792750377205300573906137764033331091463626576616405162233194661451717293856930034360009353240343 -0.88762492188747490165775869013096620661548041584841376678805104756955982153050538208886261541441532524 0.3990197104349879625105920443645650234715823528379889814164767208915273858570294704510318690548715604
0.45651520809326940777984762021341853311312830424845441634907066596676160700002653702239886726873982858 0.025187622543014193321296340889924017091849295916379087928336006707060827250806102677182425087375294085 0.5804108739624085437745129022379251836865257548920286131170833392792969172892473951468777716655983487
-0.014784591250346284523301581870854778661774707249157246582801542367704246936107194747238280768548849056 0.035412662505958027357243114521833317571904037169912985349521995497481309982119474999128781294990582066 0.1159086200352702941360761287540536117511302562826889509687070535436536309990933328194204902632268464
1.1775757645705624049510780720373191465496398178592702460426377713854423721837070461717383192227660905 1.279704175169055433056921363192212942180720575814942399680330660349212323138070006586394098549287816 0.5193548420114407844535708610043958741269589717342043066938841223789250160109590382783602732594293642
-0.77803583897613191753981020816540206843026995295407539155880505365463067852982623410619283322647700872 -0.39637023176258485118384637765326612816729876309587120433837034321616826840603611257209616542507209251 0.1018628107298086019142526364298150783249770778186255786515765194734135865348930204718362842942611092
-0.57813375867648737863355981216025208879482922992200006195181101310042092554267433941069579025347088185 -0.36733069230312136321476999324478989353095622132676084406470911137413630423890523681885291025198796632 0.45688566721059427167113264115694142837901903752534711237518855815657802314725568815458501060533711756
