0.68643632472244539756806700490333845769935275601500476216980302916440054734862007301540851017413884679 0.23566196124742391582747757726407911368919917396976739349609704797273455110433684729043165758927499759 0.085698652232761346922352109721307625446120819480923587439669063203150382859537377241101392770833619283
0.21399494522455805928403382829579014022004645973611422933705180908997378694070628165745826252540455531 -0.14263219671783839832445189699821917215025824784046718696327325925173531993269036449600576422708233416 0.14128931318388198996314730127754700474738856070023121492369338340571578678906339628690889865615707988
0.80280265938191745872327758624274926948941642564890951779189279566832836181985862024152188599731139713 -1.6385264576786338625732207978831246719672159356135533993920634343196878440942280468360804428583568159 0.57966268173492637873780385410771727604444358755429496081073268830786149984769824060787377319454033932
0.29758873281318028858641167788061102757571785216661882963165339165808208858594622816962565459376645295 1.7252352635538443169229146393944263255612469511510257409046086804409927009629767611720207124653971688 0.57924158672619381504592183123281516560727388932309001925317138274740659549969083496424222721049347302
-0.23528562138836637861541798551069635574074513555691014539759086029337312869290955357233576148075963308 0.43536125784931453039660189464980671204616407053244240409644237259623247358982264660995743375346379914 0.03679632193855956055065935550346901562354076273961919249821117367752809109612928270287916813509663936
0.767742982107493367753813820706235402267639778525089094433050951503527859328556417781701204867932668 -0.97652413443651852759353623096179310559253117018381411198710052038296251440225298118363520411512211871 0.52581746924575236230648420164980985706333218922391773539108156848086338253020690788386978306078387304
0.028343961446443340403523745087753521134127857592355447505770733001243658221393419689377860076580568897 0.012007868755418899038193928330703938218045574178206992510679403101094370731133523817128055815277469569 0.4906631456658602488541148530149205437141853646495741605513162255247065077847823523307943775395688281
0.64732604843541450076445288147687578690585198065033898465250478292742556550707133940180707384769835523 0.58132303941051772552110834508189351800133371570938671672910701117833044341376119224084516348341751026 0.2165131992609522622116162063156223700143116362187493359856779240439982742998952235118249208081881155
-0.035281228524464197128773547824713495987683198394381313884972284880914165384890935031363733109899384867 0.10022088788328379841120492006361617850105860472111597213204647331483362272386363774229765421035148954 0.29511347946896200362377695052149792599645217954285945301496293755038214178553168518925928691399784436
0.60627200813390904294571043652030993839292656290137538828133408896938086967959538811351670432639860254 -0.45306335097520849295400127495681622611751253048883461762097730613082147514048360015831010904425429509 0.37557476671923115808819502454362084166730195449613784816610774633542293936612756198865277625265040869
-0.47358451155384867213818152776967634420560333718862070542735363715471018724847490137449539188209794088 -1.0231987023175376541781389256452772552526232884598407056167010791620452381030600992552173443261282652 0.22813108410278613481642620865304934554582293674408330771648505118174817890584037063978395841997556059
1.5117785975224198159644315368124431362970320302952652156877697783649948143123128202100637576850827164 0.29497892927584964154852497929612975090368465087379949019288386110353594857421537968272970683732736896 0.38116405939751472770176053760140169958621139853998090192285536531869102509692357793925573845342463615
0.48042087085167956040510899553264317545883138418076348649383936087140944088936282891036727580070028651 -0.30148134911384316199959119684329514433350340154904158136135548456915051592600154632514994922766597697 0.37193970268087557528719114910361392847465628469315598108370515010232403679701677851192566295944189855
-0.90354870747639203452879580810499534056451666774346027275729258393610365614095506534528504899888181233 -0.58035829601404215163489020306998572327926947073789722121988117849292059688794443652997240054528740356 0.29183781947753255646276931242336976683554435282001991642113044802738933298427754513157301991615438325
-0.43240895782446936529482056572720108382470195083504324163647518128856411463152251590348494346908643683 1.8542595042035697815483944679574499158868908004680027518010932990969221689343287158714256496238276417 0.37769465361628750310369425714452017640544553654786073490868005125670978886977766628836302574974961465
-1.1811696900923940943934770770329562207167119153915483577986389330411281379602760036954984671598370196 0.61444554635308171317420143099595648728551462826673353728841140989108399529695933620770582363065605074 0.052249891917157307703795092820286123850115677191849308720844888156622365504902323960561910624209804883
-0.23531606363108474159519724788708511479708388288588384605704504860025755701898496487689961319120602332 -0.32534766587858872740660478985592826209499835195931186677926312894236416208005825545648623967239095882 0.54687264308793550964463335947018023263958046258237898063980964477584288586270370358422835148581170169
1.351616603911225543693572761597803999807759046917841943214697799442850219320844667845354224715500398 0.3530516568623300038524444659935137985184053502600915155957132210282564261285403846938986982828862013 0.16241291084137697159178798232706623993929480849438886767720032617917237410102171864925352573468055001
0.096776456693733803313396014870733541898590685848418099098799854682422200377879153970970722135239266421 -0.80107544392020714534275830829799831015238359011418873707083192231942701431446195854812242842518340816 0.436166636077388875467633494939780081115983802579073612887430670577492763452800031321356171235592086
0.012295596899147406342617270472706348511591922535567495724799103503445066502996829909618343060537388373 -0.9899045341301461205616369995458681359520888653250936168905874257346133808528361408304213986704495735 0.26256964343075044300892911765930362234681144843019832751924639844881517275549029623558276008264300175
