0.013012679550326891727775707731255870345754521346791698474535355719843855437289438291749521460948714631 -0.30961628909646805104644280873019866102063436764743147338190087287569290514118826853928751348500412589 0.24441315427524896995768132569630320398468868874069094736613485053487475280266854229976820832573112157
-0.19643054330113746104545817065434659490580443698675418064925516982792482173403056077656067754729392151 -0.7892769453311263102296472230782259232098614180816671722316021519643429558770578890828556582166607973 0.1386721693272564679361552197746117050650366607872441789497386091731468887190157453404119939201103107
0.73801645644719643598311185902745944660950188169588499650583821447934449780700285173520022299899684045 -0.65841554064532943593269294900393962191045495172167600753648252865294126739617961520487601008532058573 0.17646254778689317683420925562897503808659724730804322916512244014480417267658293037903098002144315219
-0.68626251351430458974523284879292762688119395322721340150328409671366813747706879706619459800208488805 1.8670279078110592134102274806439027960605009618640181545199181248031135217620399794399600297375380443 0.54629344119589736034486275077615440755496574384991152612572606928183608173231188325699259424729001197
-0.013180628715316090737609465623599823329382773290821705630811172800980588268177702342524471039471146298 -0.13271799676047205608818358501673792658306806994677047890611953598312834405799483998344400350523556283 0.23061551156406582884370704407612388993939807944811619490244182217002736873731285601527596021548011886
1.3822505812985078000235076025153788683879899514820134088520029020655601784530337059713268338121840966 0.8744261104930931439558890185366508400312218213496811825129480907755442033345555224446086042666369834 0.62409165486153292477629964332265472040195234414870303871791628864514658487952245741225141498236764013
0.068796815058047857958726796694867815222926987077421731526305525350575312962200277400950027360997596588 -0.61365145455439016004328176014028496719893314361408380422634258634573765260846869490834889853299175859 0.08478566202136307557908124540516288080956086527795374275623642987971508066843501621699218010900818227
-1.0602752488214818096802469887794848901343248374996001830237829593575618908796370115738246749499915423 1.5682003628644292070979628803150580500510102625947346542321671618635168406866881704471571237047849554 0.52122513884397202576667775300060939890360043786442243086402124960457502067993140542387926989217922678
0.019741966826683509944947904745213346104533960161801886579455756225720642382095796800894188765874704637 0.029599065128853024576044562714404719841564811666931095252443998358998614125432394485609044329112832052 0.48888548555162339573826270502632940997128280990753340947127694799132799713153254649364513737684278082
-0.21902499998449876595095603146004121042644636740842405019723471873929757826724765176850716086148090725 -1.1825198202149515087863361570076333714608514520810989952384254470197266306434028112365422209688855837 0.029277753297389617921976340967490308027467864823491437220445263564866173631300206931126765266714577978
1.9910846500076094706538447850692822744837157579356213069908195216522385445712274498668352701484400574 -0.16242665369032243921674032155483348543542379162242053512986961198947306656731728839670255304998222055 0.23062408512194596649230608878580790372848931935931407148317314271950352358306012855023877516275463577
-0.39448408231633588110292071436774413007637520196220330107627731678357989618080370201007555773588785771 -1.0853736887313472112625556985692353349767740108777983406207480560103850383401668510546341022479399834 0.41937219970142869624613980390874544818836378751004843689891445748098448168128715577906597914582847585
-1.3684657517494287647156364434055044088353543868645479234652908953951843912710824063991226440276009507 -1.3706076082798708746808007515169527025448018455486324160836692874331329270428115560470160671296045056 0.37353748600507275402812888091593938273612839902014063430919331681431714715202709723401320584755568453
-0.18583051170390785810224022878760217690953394061303555034379880139315068757367137008810845504490474666 0.13377492555180340357913548975686717902181438997681030149799736187263067986707676013827483185360350368 0.23474201266129752301484664505463562145568914539954552521741745296550516185233629916567379898504485512
-0.30299451665091944103646706730704645423618520588643783592012443039271156755486919747163907456696215487 0.39780071628982452642786566781078724169544403831973973580669148492126024883245784948789663525817872475 0.0088239787516427430390401079008620004871806422945208665827710384407603433008424900811881726114775594517
-0.78687143815451736068217387450441848013483127082741350995845449221818235992409789989960307324711750152 -0.53620349107993874643952076431476074302086209928920113635398239080169437501152776569720206249311427971 0.36580914613970804669068198682820678955008621597663442433940589337429698902876488382460527016002476977
1.3953140690485236470191477626057862392006190445471020566412158713954762916699297654217082470473052712 -0.73981849491775111925787774840976906469430990600330558263994421209684802569906097960702724646576688547 0.44057103929972494771678464127858400266057235166481991789000252539040389462027602385850014462817495989
-1.2464976332674086013110343893619572827264801223884889267654065193245107842273577344561383064463529702 0.052312758856615726998632367278961611888481428791274583416451346114488573663343079657195059860346643444 0.31844182772930988332606830377355186354936666202793283688000536726864564342815469970316162797988487372
0.87670403057684289350349057064507674243712148696932576998502027989247031667227952038047617727314314868 -0.13574653499345656664025924847112769401759516952403963942052340551934203857078561771038797164286611872 0.48301884769843084833387374143333370561041182412904175716574163787317273899391708046045528911206352779
0.28369650844043595723435567601179662832534706302660692880572495756954563366697719909751484220509802078 -1.1462315829969405475582205166514403338168882091973014456088184154446687887105797126073935015285900818 0.39549682775522551619956234393376944949363338147875424599549350846403194357581247029731323398782583006
