1.2855784924942614482911003719631348789370887366571875554885043250780942266474579460214370357697187322 -0.31535973135834593612175603612626554044425781030887186454339448838045907874922402323955808007567438183 0.57294539084244601622091915360477175179410170511810467867346403440761505317375367591798489584850452371
0.62976322627036504264185084393033158318755663101381438808952859275226953519645362208256197134890425757 1.0400618463340208768499223587172861441393713500015808799171395352424149071248673228382755101761920864 0.29669831521818525266707468917460292899605900631418407248159033543017322478335023634036866660475367331
0.46589788567529720131172654843241688184923114716737300232925470144052088472339883871391963669221243245 0.10355305515264891620080814784240297957687801600228257982520247163019291138582902692911414528443942268 0.5945825210995210202171008799916372404736491225247475944500201233092953045909607694573451452616140351
0.15616755816461391607921427594627431759940383342189144237929975606116087303579880688905613902179803581 -0.066093619746667694479878358388878406873875076394946741583005329416373424512048365119154879964535690491 0.030136126528044076622253547693032773266815001942718419005005928943912064007043906899027541213881837162
-0.29570486206458755362406694016489772152512523483466609319336190723089699418053911023388933501431827849 0.055961761727179713584776844929014115223517215645395255546714090931213783607085483144642503893109409467 0.029326813711654820373963501339488424071919309031413041119368257690098866010190097322171951163260452421
0.15675246069422008442353879750247344715662849752945415112273139956827891925407771184242638631553641563 -1.6703449150524051884314050968863373377982329310920551593987158263241138087722910172257887489963445372 0.28201454499606511061721237651198880204771823327923227399926180930294749163714782031466445901093092606
0.083502872193378362199856207402639467044514998804364882753189307989221518094266239029985633221993910359 -0.73201826443825244329119261422552513572382375687701564652926444482203891545449396227192897870918841836 0.41763506142782821870307444567322773985027908545063205565277989247372756172887041309652428895428369402
0.12455427517888720161550493102227224922371443447390269051090297269886720626267694152906856770090390144 0.16921386267211891066654377279250984980168889058343794853389223860698415703085313216611331109082325663 0.13896221019616871732534408530035417456356165304344978571452288624675529951009498015220862617177478957
-1.9015222224133822142363770809990007554301142969402549723653263507181093284009321277322363357847946774 -0.082895457296701364363081494099495103436858401836387419472203596938480869004271706982936166040580963915 0.39387842514212086620457108121495112903512095719603965256581818404846501077614996426913243640635929362
1.2925585615453717756991296650697759944334468993941788786405122075717167635743332790366187419684833132 1.4637149072402858244915616975338642459021728692604980992822131962321268977861704813739273867003853191 0.43343142024105031511456439809138112781377392318976488440027311922842510492742167234297336831840392129
-1.0377151424793691704391341606411471977145113840479654582280632976004823863890679253273354637449109583 0.31792201565800068276935960129174770942915379358265833967335211713675365480498999423080359468625771264 0.2164493874989916644757602582771421316841315021803799730589054552580493851990612024722665982186854156
0.65880034864576122047984958848393369220162272898780915382260843355521428179310768173880373101957154855 -0.18099845929596824968677132948825338264002011263570711711123802005671966838401659754360454515579147741 0.36954430260591946536548920029012018252759119221852647561618340687937394702447173745013400030978573465
0.8624642665536087373012580555785055060873507927883526823377335592066337632783939175444296611680290272 -1.1952172847276489238947593952596453809735749669365334436032744028670913581911674874123870102021840585 0.39344814501042846175607587060653781826736148250062126891587585504301480345278759050902130832885153651
0.26129963203784409945389815625790218184281205838819275728834981285775170353282496202700963917252683685 0.92344403445819472101893470617150661290643320907271530744522409325976723963709930705322351679686244281 0.083700019713021647371453560913623349205678551553127929285835569149824762883365933461514195843725922179
1.4526690352089138550908257170276625270144691638722625311744301485839745651045793927811315146487188768 -0.13139320953909250440614879705746581059474628557649413592377866476359331825338515282150631181879250949 0.58736036803995457893322479207764869992837327062584897454654415997563218661768186270259896738866070969
0.75467567205708493371984888452037985329727953384929295745349256333682608879323713527775204252760839811 -1.0883109968640065189931583992143355553848358759221671981217981367575954097529774504242431811713789719 0.35054661457584809101242746954698875599882775966482189475116147659447120177391301581550138291944939431
1.3714608724855273378130984423282741297251844573834937164986175606729674117857524886473446231590158298 1.2649662428799391418820458332416970389516615155112404593879639226396258832532265922903991771020478918 0.16640568915321536507211306830652291496134944553417215869175172667750185877993122196338114514139515937
-0.14721558091016761721306687754691995361760731384458201989018221065041981000707899499918838467449510258 0.1954102693808003239064035680728910171298225068560201429952510936218987764997736711525099810186152103 0.56908666704552675651126539507403886197644527435355936075209758833712917755403516473765463373386750365
-1.1206620487563395672120659852269898819579401430815116112885005112031696009219798219467541918822133188 -0.30612791741599549446031049380856146970392166883693252149310582736705183632039665311520617322670719468 0.62639377857680237050552621712123467625871861013375545768231772740779305271043394827501604497573057587
-0.49193616154989176800676582546168709461833183325689317417233715798227506332485456183850121305746785155 1.6893888932840882458294007979514265861134291741454720830094167950043092827497362050553169631043453925 0.047172708633586195074217140826068836080033525594671730187255314922841112888090946731541922407930432943
