-0.074593368249844057379483223755094378821749346367271741125521300288210549305893175839816641522651743621 0.018546423675263646458202351816111712101324462264639615540863683023546646801777027231374040462799985312 0.32220867260403536901828246245737433293347366537929742733302467433078119799089177204359835206715211677
-1.4024180587611269065128048378177165305294714555161609507936134209103362263407032935370285152401114452 -0.21893948419598696873504602512181062236961535791728811363387025711050010467101607438707983005517080045 0.55495444250070661592188942583771505411887167804821081577501565499147495341117351986056770687719717968
0.035292030789942322044604168308682103860829568226952697558271147359980545376168900229931262354089517349 0.0079519045180662883708443626166116619690558020714038522216939630084308046783055916982852146285656007662 0.4936192122086882025121593529774412551138339227246675381115061250756056921434671938746379951286958313
0.63340805492141557801517660387749391039548667133748682825859959164466054827289055636756307481482702449 0.90701435410838389517736308579367944485519218444083187686259770677361476344882593886884957536425303625 0.27334933492552188329737417430710773188412582117853782155639481785041838280954062911748330764000222448
-1.4959755367595310303822369198398588007955651003971770131996639691446121383665937162617964685603930008 1.1224802651446225593486338820276944861061600226992027476191575794892666790688207761398130986188304881 0.086544366984418198098935556234141117134181091275397979623568311542138734550701063259675485224885191226
0.22513142927363314255909214678897067342655820575772662431742427734058749627454414741249143371040865682 1.9850924520183437450689202503215698837048983185299895420761297867586412390135751619094763716878152397 0.34858771613156742163643186828532043068972057581514522319757717710940117060819812885618699131491354775
0.75510479896796533175293121994465943689829737580128507234966527536545659142195062853078846498922109412 0.1581184294918539139238772560250907206686400220601545104778511528340895960889220533965013087685060619 0.3465975997811374236910898426837697046956460502105062906924222796840033112624943802687166406975147159
-0.44083403308773341918955557495750052047375234117952438735888897006939132641475930758422642317490792616 1.1349173199650224022753260326052037286484359096504368825860017400241513735167704138287560898370592791 0.277341597709532759744942570542734768497148155563075667674616148011378494436688318880666647159663492
0.11339838505414895313310299390262399448745792655865052128485939065439495455523643674494208565512344173 1.1543895441799999211498204649804691660772751009966450416897015157993569897167330920853831973568526939 0.27275670479099863315367950311288335308566729877478145771463325254350333740945016060205870760242725736
-0.17387528700954492459722554472770157958912400478160916731826207562330352545721759376379092210015394106 -1.619730315474769741903123535607821884521113862725244244167781567071174877611506213458689764605552591 0.18745374554943631392138132203818029450901372569169097074628780651582093376917743963208865427431218468
0.31181638473204136959348912968583355972499589542044720226506219137701958393272823784051445801432160221 1.260284594847870058252701457230343568861697694083435018118570645701180028675061294866502788791424262 0.19327815911940485930828453523042740599896431724140828449859362479059280643245939110908757274345933863
0.75941686096532769830115852904563068561830952493213463426692317777586961067944721960438585121439577052 1.0682773021626310148097844682433643924577106322468358710455218471979691445751860248232028527018101863 0.49700846961432145712961144542755403177730487114707711322541267132211884109996035184356584996225494187
1.4099342351311067815454976231157630800988224896595610529497425616788016766366430729632870464148372728 -0.9247335990893631711470671482425915910973351558846038071717992250276389951201002745716794756884937779 0.5838544826029597032239294403424281903469895170715028677603651240908794528708986255636359736594999664
-1.6850533946591469452206904545070455486670836021993695651945833308993735211545933328569882708839211971 -0.78757537111470376431899443277489324494222421354064215646129836144444061171899997541036431017511623444 0.22128319965378491477762120558678740457304976361173266330675754288739531339143146703350927192728746652
0.82584467896150502385744723847118311273835484213401526543654602612682976633893150603767880429545909936 -1.4996323002451668198404977707656803254045050311322876948562184045248717217646966292714877130959958028 0.10174379151705500517333153965346137553763052767944769224433388891234937061249576730745984078945549423
0.61807307019234143908544495981710614908338018352491267323925181965356949791277578308316170072260237924 0.00028741403668484410054840357996638585473635234455375774275245873596752457253671232933334651370935734396 0.46381307225004792580170813127125827033983908902481182393440262864731425540826640550521633134075481213
0.66627580948900127926210804273347256093953890759009225194565733642843254055266302651342528065651058828 -1.8600512623999723752381598204280452465354184740755262529715394668439967371691432420001281998520858584 0.59391389526556711990078464247121698425654116635307752875443555895933077549209583989711062178684933184
-1.030245293789362119299515722624035185210731775465426427374658315438621513259624260236598349682122479 0.36739667341262867616931861932915108598098270483672504382482928687909664243856237579505386986094210303 0.30236356480613519403606348923623151306618693118839321524344359868584997919133835005708540836197500622
-1.1267914771401101180648291646708585495742758399837684126375954409472027333774257559433596123366099701 -1.1907082881177379903588464662657537314276939578100079439708177980516857538812701924789015795896314055 0.23236695831568192286888874528161187163187541185816115479379135925267921367739602610067366569023387739
1.3045202541602089596260497620619078465312608649893077128215817338177784184889253993509716308920019301 1.4708181029797029316496153201320668648981467470844470640580025275113469577028089426644046265380958649 0.42613160269072710649542576669350096053503039687380300028209135035462847735748722325922073198964785668
