0.4593783511262818794788714205166515836257766418937793033104698578768627164620001055484406721159227393 0.08932525013740906649707644376857540998116490248280795509073563675527365558037564640803242754138365544 0.020337174851368209639654874634966984135323461277114136649017817745217643247491692634868161375678137233
0.31847071295516606406226882226578482393147409592870237428242227333906754272756925404636390478073595748 1.2002780189595309728399656294326326324513815839349723459505399651555456032462950367525311733591142394 0.5357096455888535952215309380698462348332371890330854694503836202744373366713733779886137307759654801
-0.41002783308513376690967484256805511886600998419582982126850811977484996292667986515568160128117742577 0.11888319997277551047789899758036106414403577496070464449944558288789085148358998671276140917650043408 0.43825077280611062140163699602560505621603752848321501387145817358557234446248520907826804185617257222
-1.1557043704444662446669592590795177301003175340246575602320908986164874247977785143863477142648799792 -0.73114363931908863915673598693879133692139063893574779078306195305282138487313182770315686924280680111 0.20290825596565387371171126758942219317882833957907700465659185546470780650757529699176942094177419196
-0.93221454280778729985190599646063499289470531945405062774528730011945342198656273869864059024490831494 1.4759142770243493833341306830683186211695191992126792094425919032574955585241093185455650736841335238 0.027301816173401332727144210662732902409195491086195152600639518414011660921237505849575797751051904014
-0.11848898197586401068448018063950793508817669758645705208653829027710405788297414032634657826958452109 0.28597354388807239727098257383479010201747403974036759301603305030859863631114748487224461626236031485 0.088810958989258580464504788987848482792345258908302564987960468401892992159189971193837838410067137367
1.0417391059236380865098629549857447757872191663976745628483029228333123661910565579466437052791615638 0.4876880589613276271159013836670334541393544798626844325035258772781040175239370340264928647931551805 0.43473569342199556759552336266029205727758405067725242375578496415720749513433330036235980589156900663
-1.1048124620564829440727509403283302216450395576171754524796272213618891277784428223739928880149249153 -0.51973672998162632616564368361522564802075437648968436054234439859037082863707979201019163836267941567 0.33169673084798590992199676183056491248963780204398563294426959180163904918194897913600289148182884542
0.68961054677264694047491767865769996346387701154581792438784834098851203809792006860853965066150765279 0.48210091649345207286359670199304643465742404663379975543162970831425930986999124604864341381726257021 0.27796058971924767887416677200518046714729360648635723950664742038141103569735016358002524720484094
0.091205783899551616727138640659372548470565863211211274375107574950773949047483017395040574964707357952 0.20019620181899624748196619265796749796487369458480581423599933482382353570358353620798371532721461537 0.58885532090762914171902363538227903901425351921317914640348568268304431881770494643652607678265589911
0.17718965410619948617170353709707505128225050146101685463965427595051296590980603529218333240676412622 -0.30518965288672892480897852141336719285154092523370190382365764845136206215053929852075639134860174275 0.46381920776340328101885063696578350625091533129445214226654038175152342743668959329038478478602310815
-0.88869372382496410517028582555383359816694374601376938155619790588508444105798717318352076298708241976 -1.2364620800601360166621941386396378825330365119371222180429773490189561182304613330965860414387292588 0.058091181153090541232202768912861365243435706270907966137497239972726967430669629713875398390769438982
-0.37891425554831515397220711946597238156477953328777932872051455914867168269953187810162755526039220917 1.0157940347771847761331359514318266003323481973109303589276763964849517095821620500975807954637795063 0.32353929377432641556443980361746615344027736091514317741578059531668928948435104983390721718290580623
-0.27371944532017280806941661128621793741539366218774420161451899096457194534671615489320818538031845134 1.8649145950929316780511572809211765484486131479829961606037854884137777923472357616417947133028479253 0.3993167945844281779349899786538941570783659885746478003214458989859166447055606625307351447534267134
-0.71305375849948442669810601625774306458321312163786630765303707652044919883440819619024518982678721172 -0.17958752473881847835706306824994274203657412280368940082089550230745800115179614867800945830968041439 0.60498601417258070504184980065390147498566176094716442474551834227656526300822426751263135613733299662
0.34985325431579010542123893568774608774271177937686614468213260684238060094844281239057219046570306391 0.44187779176187775504389522573426849791639718158677279674058973911502447577500264426590386881438929635 0.15393848498730274600402600548332413731547094067771297645163883170957586487418647606125928006596192281
-1.6788689005455015996350376965071909125893385798055308968364387263173295004946913632077172543557480882 0.019028453251078653506836158919953756950492770932735676688484683053089482984545447622670347465130571446 0.50100011148129525742639417692599108045101563079777500554987391062398823984690302199688818714696616121
-0.12948913902245570289326380363782201556846398562168672516353215169417424248937992227432130892822638069 -0.87119632898320075704298258888910241570384949089140426651275660682573655261634990228798518481890470639 0.05817088564230499320157829306856022202754120741900853593587572435891726495199902015246575361844540511
1.1027106299257267892139215981836572175290509253452564247187016128119836375098871536272201633804156017 -0.13131100046645016694765983094566974152541707809157334366112119569493539784692009738628326535518152432 0.33230931198981043171797286098623260680147997685647908549737411633648901774091727272915486211858842964
-0.23459759077658009393165750003060199337826596311328606392140732477873631398408768558422331058199858437 -1.377616383532605548099183468992462573528107451524406879640549613759469038511359594274404313068994416 0.51958318671559649733897383809410681095999521970304177561135939205383924973347549707516007990283582754
