-0.29448962879437740422799177654241428899905309862072016955207809730066205681762884659242388721119369258 -1.503748809596537714246030407405523570369567201455942662767846094285803224802826607913315153878081491 0.065622332797572435989378095326471888549791584406435852344388096181663770602029742629199735337226821113
1.3444620372467448649697263923912659907566755719073788336901694141928531676225273717604835161273403182 -1.0326165250016027311697414519559185963923109719748101030916258044087013814466604697270253045230443686 0.35136633308545024052077054466418265102051527349825473502255319530296475649286815481450162006766483706
0.77295888998672352419995474694858450857542260512646350550047991365102773162709300412826024485163085492 -1.1145849795433218806469179345876887954561946263630562895414460464801666167752529361677229506041303301 0.19635835432184031347832949953833285551819202333278131963055848428676803843056048945492789171683333167
1.2968127864145437127589087524273516960219924314221959207072022751574143209696410574888094011098432095 0.37953104816938526965882460743410905283484209447488285542710687028747998545362927521734142145833515138 0.34019188393585134232381138549607216907564692396980874889261417481734051468603747610481398108467212033
-0.2153521215564136645442931178434394888550937039690366986769335529939457455831734487749942042210626637 -1.6165979842063671863093573922806649582207825851727602629210077802608325457357135759342747055441932186 0.21003696180341690047239132938078659603494299793639225174068688337474122522532720636812702175453482539
0.93536831265724910766639239447304641749189910320723520769037524005249955857427160747788058561952576036 0.44125314169019520235091957777842344139464381252953435849479945825411367222650420209536709227217485358 0.09292697574935774614232604094858372906931665862985193536663704521672033995930183127272408682472210066
-1.5697287702437064610644457643696460925353358652578801280246012647730084619869760914488547060603984761 -0.55536689855691573214997532016254181433365290706401706028792652536183471483827914583361324790097906979 0.38493715822619041357809540705447047344957369666261090384995988339082052602331183155730350327990319335
-0.10110720152006711752569041636151922865858749385083910043253969780565982249164431061089989840778600234 0.68619425645204671291124863991493319083541310846975962222724966298157159471238821576188762194209814584 0.59688703806990742097217514002775226109107101325124745256678852935512129053217108409321733223834426725
-0.22384417179681379939249902081620594729083608440699077281178047849038129577459731947790764459345558521 0.93521066903436930762047684675682769814141152361980055757113571339414769844594978056351717658467335365 0.30096706234902590977785933582232246408035999320033816892607616103853656068353603260990616505168039308
0.78415048735379388372211398972583654726914871271374780549118425057468879384590080660786966963176429133 -0.086588893778042409074510867044019224148656564716437388291129010002172001418904668413542359886504193141 0.29203496466927092828111302372124265632375848997156878418755133488587965975582778240930659634744115495
0.24671638179954684459775258007369765298593998046693024617029835085062753692429918133459583553870170411 -0.065805673358796267469952512855979164675930240818053800144455840900244351961109444808863011247309941647 0.28973506555785160392091983876154762913381448636005981499681311526371957705669539778983452388705757746
1.0588341409445088509771591413045730641648698707786363893183497038022952249014339067638073725466136894 0.15155387537437463844968681438503106620075110097316311465377805503016832010714074023666734916569466466 0.2769702742620057998036059687680563289106679025812943106186173284421029757059652420311846276634434633
0.61407965994819097587752971050451406123477243170395664228673944020926738542282013341176232329567577717 0.63286987342575848068333622411039842903011538178015247079406346782988683700044576362428086153849132917 0.30946953964110630523980994360401492817480851565128717785698427065128481130989057354106149245225225083
0.60164787795531529428430285030216470481701862505315046980077366276693795372521547503231255230120978727 0.81712032140487070911169497784270499617246735136152325167826749863349609708591150597466535492127595588 0.1179900912053826461410084778256779476806079378368447103050048475652501471052063738532124902335084393
0.023029773336038216632305474312533208652858510548375368653101155607872959511056273519300007990034509339 -0.43429811476371927005106360973028622938003274464518397314151443310187272603309122263747092865690205558 0.61015452962711376845477754539210678587566991128613673926522808314993767054557161098666090781925384012
-1.0978032690718508037215893227747835099158197762628686882976438898150271756855203886758183461674710443 -1.6637228833013968463379185356778704541424832452177020312403074166201125509564491132489684292732528367 0.51824526811309160764480150878601417201896504527979368805244446509829848910629745413839043945680368
0.51681056378714249807098460559694264806157174889965062118913628176607788635423185697050898398548722169 0.22935107512793036837889099729554899076539704907214781271992915470335890637979411639560183732829282921 0.081252891155846901777590082427949637622545679582108391542077643756616663249064970764262690016694917381
-0.37682079909182419273821491249888076588203994462018036031841102637476726966408278117263444742553757705 -1.6429857820660677836383015665866485640418658153283856351825489425047552469012878449356431079049181031 0.016359980107936738526088364433830455233230351062579540215804931402813827055132605626042621909347801578
0.43853806629657993679644416748787600683582119233941666931890788830633682334379688218401932849869606334 -0.74588177037743684878892406768228519929493383795546801151900390847788054565291288971788612926125121407 0.41124401759412725598560621287556872473977371109181462852236513171841066806893075816370314599519959551
-1.1755766151936385439258163449225804840180518773810153654048983292623802872532445949652319324204212656 -1.1556664243758388639944368467694588295697404548917522164927602612477603759886511336551461437543899182 0.19369841791117855331180668514561504531857203921128775057736653014395889283023890402733224713134091368
