1.0575388382289254527770491374256582063234927865932971140807369493019850949617977950032575434768648541 -0.91374108537937443364613012766533316132036729080469123065760421074124492068616772736600207556933906974 0.35689596576456730383573603165442492211044070411263421610329905861573898178837593197663990553822223967
-1.4649737530687817967116712139419207991174377126513535914253226723841213778423315165035521352907001357 1.357317456891986855894146648756115032830506778107614445208915911162256913855188985358147086340226845 0.60417105215711409777823805010632923546642411581760454411879854718183509496093749559164758788066947269
0.066456043450662997954255854405417678044522318451253481916444429929235139151698404324430445613787898946 0.11963397743334535414261255091326627738013101454390181434219282262741940210432439979164019106860285781 0.05039247913472788779746936019452641168618826107828498671451918029469007715844323952821463416728563123
0.46239305832024020563603651499454831332090593529218175299407884076449627713360625299286361372258083763 0.096413539038135874129344133340885421767359650040028271399468275003080924469382476264048245161855633418 0.28138541384493365839767519505774259616743514696260448482691468160612989273057316924883334793475664408
0.78343105596963132292752902986131444702293416716075810904160727113816901951148404231121483653466246589 0.20642018567386861779093506874305138766474299482271533343713632894119940004106955625657118391937833883 0.50199092206199435979113642630665744320092579413506832117390419542073208520356076194995443370781234966
-0.033233593365244801758320208108934383216598198161694906230157082063261248584836221418435853836517683846 -0.26925639216378026750834543725500088461233463860935175114461687710710078183261068244367585175383999382 0.29666521746872373572235932607422341671839462071451144051153814088326108283167503699906136585771313561
-0.13751128598741832252016732036236463169464264157598421218384349952517203814616862740164894612574278474 0.18111911200053060249211812705745588063057983716630847017900236809040481434125344015579820228222027781 0.44505541520766111139737198684183508717873500368123112919594897368623692364899931608764018342954826445
0.18623077804544288397095579002835404490754219138052783790832681261264558146676077294069770266695691343 -0.2826372244851275648429500619290845203995278471052496819101777261199981377712628610851009894397793737 0.033823274147646665967355030326032726870337286429490396375743003444700904192192797643148304929150237576
0.42931156526018487355195838843125298125662579314086618474638436457268824133652985148191452085757226561 -0.093363465966731178805794493247681829821870119478035747991826128598795648656197518468818413489308711914 0.44816693320444638203381363368618820777357663898289088222144008172659807662977846652457748481437266434
0.9287401049377684539272838150204101875869537396784983191415765129609420080875205386076110988190076717 0.88773395640351770854949468612986228376001426227226727202763254786494328695242351375074249147575557228 0.54114549439455843638958039937061311207013758952305294422751229317459153027998732088315060162046681204
-1.4931089656027404602043342096237197487622461682799009961444143630852188193569788615153088018839426276 -0.39287542888362069458774454233992128368950426050545823834810088972284630555344721386363532623682907627 0.13471419818650264563640729074670356242171320799320578938548718847143527143117826067865045984787083234
-1.1155487495524433377459382309685158357069653800353334739266276968917275579506578639308319369125280669 1.6502625062095516000117918459376012684776933936983498272027217132614507302859927415056113613874698903 0.58442722479124075235548055332922304148791733334574636888448658280208608751391524700388667718253759439
-0.28234968951311537711654788441688252511558253640143650253826366392856484868586331988076799789951043492 -0.81501204216139737386496682004429137025855051613638348848865898711789481079496514353105599772814446894 0.54202124480821439528181657623823382198799558962481214385358593622279669609160773064005455749613017849
0.38050973258230284837844259928337229624442765758219309216689375734373926815255000627891935708316079035 -0.52417029755228873291029120571341325245050715530862717769230555216364855499706947899378301793452298225 0.49345772337535885529793617652123272687992226553153475636112916368536832711645840374154667060337331242
1.2002111102748182570549550655034198930375191938198085826630130777311121243180317697473541644463324791 -0.58046000534201998246678343524206004226416614865175829953550634532188079299966164705523435135670569428 0.51743242130579030088669957206627093325682443519928425962361887897664891273379451826827595723151503682
1.6644353806656787130072473388850209609418187765828410307383869451836677413327971353643773291923636108 -0.43024482256381539091444782188561155190021813853341054227402016702599086522903329421194189178342446192 0.05974767006146306736608845772794323831891200011999479335878799100740442475096401774882541429218281693
1.8404837495976088907373885594929899400838940335215155443013088444044154550057330700922066788631214764 -0.22157608934606090966698267998027748096579159708685818087713453367530906912744498620946827592870229613 0.55479781547582611249670582377431787442066459511092784513750846185391906920277934548215265288523461257
-0.28098749468338063721741209242907265041188873386363328284060930006344746810796476690393754726700982266 -1.9658042210316542862056184270515155071840165990901453184937524179522220961665368653435320076343111496 0.36408911190155352976176192083622212968838325148545824801911447318563829774745917725925806531841287272
-1.5468327206844838734136284811916318278868115504654369157093524644960339258435589464369121491447454835 -1.1886289938103889749442839745116205352026562869282785890225197986575619810934380195325197983962513261 0.074399418310149456184011674562359284733730669978641075140491169187550925371016954690879797687318195933
-0.83924879923740553218793862359121861937841818821708887403664688802553149737867837846374541941596718619 0.57171691344467642628826823910780101212075442676643026240367804873498874569754463651781395923252504091 0.48137937903705372427748526412403932254421541395052835994029660134121057475173547975825404957611628681
