0.6814852682954520665518518221883004140923128144328493822856637576683487396154365097503537702343177366 -0.16842939191404038961816131725624910890493844594079635327613875504392353441610379316589180258482786832 0.34967163785883848288073899993657963312002915733185603604565727639452238190921135536426622592108157975
0.011408878837734804684740375014016843047034276508565524022165365774828697132062858025589251438456753337 -0.37608575131271479984776317213665548479703636369594191725635012085814351464135513141098568106272283742 0.004680210474389011866845485866971018876059777583756901605833156469370457696083397013781589097684115259
0.10265710004976207657971152904623370396985085284205941604456433329283188440489348391669376024464542296 0.59420934906171116436453077951819375016880531527509815610840523725153538998889642878973225787520841962 0.25790309682857098611468235861527067987619387807829827325458897069526104835206705550888754400221470858
-0.71464640640277307868231953349425420474217099102777466869375512562863913606754535542821876775948391528 0.80280828526893047936710674156600374333545146846467951579315475570162755330711636774828442429981319393 0.52647232330388359128619298805998600687008525547006954503175983103365001867968993965483374610219111605
-0.64043580696654328310200606540487161661978888573603442634919255452176701022312641784205490750842474546 1.7414503532652593421454142201960237174200463894620549087273884696613003720688580991088357920095042558 0.0631621418183816584152847113572077902273686044094271686575125984123267552654313157122881196657645517
0.013851586958888331116047550757252748097153110489788894489482305496969454406983811550507030347243638258 -0.58751305142934174120233917323103317500042827026281783318871816425070160938149763135384564121090724865 0.54251635799262772010317565011434591262009354708106773281988164609881341016131548639777961969775786557
-0.24115703339560745082829497415046893378814561038812400225830657903274313994350984400517810551046945483 -0.041372003392084863821519962976890670037046465636285332882300066745925936519154472426813989585858263676 0.21281323944623862963354301300609735862965134417661593688404293686758589818869181506032941815741593077
0.090023847987320385161286146235594646696542275202750295312466543334466720063274415356819278213856903293 0.97016759158807705349069517664321250838351561033017506441622314416546276988023809324327484784799445562 0.37323337797740657336800118697580535269911386075273581612273423711031784888104757825835418761099931168
-0.28160520822759180055237765212458939268571169089806107822197600968308508835139965004392784116743226889 -1.2989668969365744597571157445809883378920663477845033279794765098682900772006274370702302868829157312 0.3669334342827746952199991426160280059118882411542334189475398074688739080004672928041193537277335761
-0.082910869713001462333504835650762571836603291461238983112434991367013232829105882311705078714170710053 -0.04054217733435386225986034181293588971001105776098812172896550976642189757511148184525452954098022698 0.27471446353379112115709778569334185731450143658582053531337553813464230459326612020681896518137408489
0.57869488596614734828093439605425574125122084533646939879799067644277286358689202320914504942565729641 0.28753623170952302189846094818672911603814569932159796222815861663272797139973637004168741596127813526 0.12477042048744562980401194296531834319075347758739908182219764403278295421360728066014281912471562128
0.70990508196020969339919725666053283297713966695469595830321056247328585715340755331055790727470729432 0.34006354446563141214938979179927623667882482273102964494510653410212077530008461735510544754272928379 0.23692471891398820136876065622800890518970001057507622041837973268252775924550900190712050828509001788
0.17104297116127571918129276384762365250993349912534718965753039970775415086937711549671418640109099764 0.34753023759038056800460626511531766979861436406388889707277921004213150169464396223104983322516297337 0.12642778109297506801434348414094045606471761003780772312077081617845848377449378060095470970474145254
-0.87092420815961287219425123185960380360410770280031642060566764892477275543475009298906488553080135994 -1.1901858670122255803271064270830780923051547314418072184057739504430312249133996699847798492312924339 0.38683473357826578686996289981303395864053046770871202853721849921712238875192462292002360120531320499
-0.082539357886507961004771365115028733814570508435332869893298699471725447996973363160308567182726977489 -0.18527622219157943558690170949295976249594997171056799849859045766831893649007927057580100415500578368 0.35846463576165200840247802099154956887793166960895227583587459127940082566757092022226016432820180969
0.84652512933456496756148120752070333605921774350056551367084873657526894960259547141501877129055336389 1.0762952488544424825539357804989077918907539034334440978347443856583640189657567578493110039091957347 0.33251521453875290872991195843187012023267527918772342092479176151734997812157375347370447262807665268
0.10504245559163920995346402922649237495099587611157360450431310735376450788600810077916868490957177338 1.2023456592264315916801042659946127037687736845842098490564002317832621737597432754714154800750118359 0.31996753639945379464311004227121192519916881511547235282643059226862772635326300681047638450474682751
0.35706219665519153988985925486783215597889424549271469269267779074812979380253251770839335217970470283 0.073748084249535921000863242149063115991654950779006267572179497864686553493454573519292726715419279727 0.34257979074648308890958498488595262447322326642555289788130487769408278486789467568420711678025723817
1.1660945848027094712388021095764204113480301605380143292140238768494967822608823494230932960900104453 -1.1163698456311620887395660390204890945242969660869408777549216350262886036055100012074342757083365754 0.62641450180095490010905012097948183004811608076298273587326689109121689299184908323279795192302706437
0.019806288729939464449575047163141159197523282110596499318346073210623616875281398316280742340879809437 -1.643010969166942556085336764700021776477961531817574885725225041861797949416531726901845914268612651 0.29589839292614314968775571438917476005107941809368612817302796551702670529626490833911349616332767107
