-0.2013580359731260710870303931396769412452734186159257863847324393092478869450931046175340889937391788 -1.2411808802772262338317385774169384645259669275264182253636075963796761029136855201915494490410680931 0.079510076567992763919884907800888953998808292372656433374466759116311291061412493887286903334914356502
-0.40908846386265672101390693507627396954890189362946796311311968689948892034173677501407194772155648302 -0.34886895274891584590001607576813011222823043767924200220957785495733226613636658044930205333527089817 0.16241156073665728437318190252694962315055618747707445268107916460234385867139587961290531081920548288
1.018421147336846239785454709347522352181535379212451680821760636781898678742989873644944200564584366 0.19646313744845606171670181177263261901211749280586535320313908037082800473923539240045519010439043406 0.088232880223373877835376637129750336746509874964458944329646342679304370326473752903357975562553976127
-0.16493330186141100234617216065133441964870685127257542498486673161972096693366863787182155098015560728 -0.75823395761620733312892125249250515796434320899475461290290736774807236075306986032355142390373060483 0.10396791857047454691137552780052989567073511115089456516328420204865442377299542147461414866343834122
-0.34142385255527710615672982880495278683916965800217564082431163569001607746955907381758386419425551576 -0.30889573817801965075551506331804113467901295308492842187542845168482403615510359827801271914339385907 0.092196510748556645973054472383842354091113067209343469541774241587771124791123644611379894554284873644
0.61001455795216325690233623023780436361246062175643219411857097825327714061706216468204494078847186527 0.33600131742240737506410828028077634146605519940719233144332470954341452036675610910523082448152826669 0.29634495911304501598068160597388276570430254316930873213745691403068830304195025470528641620189811174
0.47439174369017124273801487599520401733966181412615544979372299963257126714146651183911212858820518419 0.025266502924256048148550426263179384408035750279336056454199046401818816115034695116089295250786073956 0.60329675853559561632352496903641193118804677312013886406157647563266251515511514666061240208786988138
-0.18307575632687124210389390249661540774559275439544758761839828955913371154313819541078810014587925475 -0.29337076038759632599980352706184343436631601819360173863694574464000570229791847354898470755807252426 0.31934809244625838490016315215450256707596080245523697266523665420662124304678456899263702639571503928
0.47594012195843527447047169790426973241242173187252981187969019568740305443721354581465741516314944015 1.7990559882357402013647256043725148290934341299471662266827442550133758346264721511522600729759937114 0.14722247813572701994428339185024670906377239597032591585981645429439126873133234472281917274441390843
-1.1954916565599795672577921858756613997669156233130775834433019333816048492319014259181662192369575143 0.75989664280640807490071384542718569756790182836634729853989457085432981282430431300393748416526091022 0.046337315569540134774339830179362037619704125309079839722685253870726771291896411571670499312636714185
-0.39904083419082340564841724171162064571516643741665279562120749450370310898014253514725521787651325075 -0.84960562812722301310002483489532414888353175906154219854521087406364100269998322052604563206205188568 0.45175470916607234951817290722758444165699167650198344895747807487209657616879141393859726258733538373
-1.6931540752797873807900258004665797260034554907380814369188254145212046263522666646425022291101160136 -0.58876120653942392454003454460978623710876973691584238853100554552548175349673046656020029111861706871 0.60805705828678597317348285033771379287081617256277282749759183720678608290073156502139346769057104495
-0.049011589078357769382723338152269457245402500565870492679410083453308656210037797662253131856631541134 0.63520536780407253083361167027943435269949565722274350780068199171086650931172911408113352717547230714 0.11565532902662394101262962406671444309298004881582947557689106042295567384934696026027078650681388084
-0.9726884663163223080154582042724984345674890602627414440572155324972930932525165346350427228937426551 0.60619882908709179950669432400137713811720796321612694536582137781207834251743471352089900164144749433 0.42229444168764586570589519292007103732512934143767343407530485492291539106656833101261389894924857155
0.05680724536740242899554312214218612041012374226599240988286809381999249184885443909629932131388669354 0.11806798040863303905066138265842691646161606586212744720609500501934554233442192172468765009727040456 0.47412360613991568990018828010271498913871248028364206092218770086211408014094473077215407713999587135
0.29038792404329482507452250769786387424443075738186482531537578156535556569406858523857009716639911113 0.79831272469107925554105239299700674825544536855276981465930242628088862838610442826025469903469341709 0.35526694192947193925452473936552316903959116638176442389619580865569451866358953028873306214873489588
-1.9150276156239557168068521430742870097986231578561786620888824670153956708128441710314417925229722464 -0.33498898045067516438552992163568122938264466639399688943931915632807645713588395084562648909922571091 0.54021858364032328376787818244709229721779103774543293491157712384045966275113328743010313957835489645
0.67097228724236713643017448827601521957604262658320299838494579210416015165613880732024932690020457899 -0.20089592873702507649224876739355860131411086750934880141330485682157998702559350956026100616315178709 0.24823220487679706609602081885599117528180527098006375222270773693138182686055975752628139403546642767
-0.47451810064243192981894989814354397881706158736834695048369058173175934457647566409368611740393287641 0.37112273937871467585809466175653181986465103368379745753865947250612590425436411775944983991684023639 0.072922172654167739958257080740436197568941183612530357757510125218736198775651239036819333623618716213
-0.06864120632212332412903420819482730019347740627313691196156510728375410661485635389498203077917021982 -0.39218951808322958265234611558646710202704635856477571669659119187206351928037069854036740224470687498 0.022888907233786664069222767553630203652626011605841417503553116698860913267273408007254504432364419539
