-0.19740601021842556762925901725567938415856806748040661840313849044245415560189000406000759699488871987 0.78404641356939287916245052290192633095031582370702188627781477716427700523797019413022540685899692282 0.47513184895704045187090941173641092886250144282547693865798734246511008862297598561006129632751937592
0.33903416803549118212673122368433523565612831798211429618047917570376533875213537551554802071528208093 1.2072447365945392785594944159563705419543548775141216095674489451370455234168124240009605806210979123 0.44140971417473938891770520479282477652879097463773884887207435778514554504852778109715662918233378267
-0.28879523839144857586316101655684266739925448510772373370340388992406382143410153149320818745765105038 -1.6229490718409528963092397919479692826805303013420767223490102455193821491410561597003428514944399866 0.0015134007038994829999686278535228601934613501531660432582527421293487071862531875897606498941363077607
-1.1341819999700912055058102916256589300906404829577332864503841886678100204429695125337206395576211893 0.63012089997198071400538183713332370489758497938238309091679374683794423439180213314428349028687063444 0.5010270660925220309969214202514693388843300570551706924266918626411747742439917669873305118076010528
-0.91036999724065237263557294281280099164364680496247188857817034774457472352206802180948152509587155457 -0.038071791766488946299079819542661240183918160139079774392294060514054367908037679508350038087486613557 0.35748245334021099605315507149890496496719754872918816793429962189825365002820041531009783559577771708
-0.17732804960469521495424346106844424446872761812553857214245294188065943530158142786728655356622541262 -0.021883478132111462571647345254181482046419730516172044824034425064611426725506305654920699787823245811 0.20711235881621822456972297935495484811685326917051450203343899726208380327140757295402262617002313618
-0.41736614527361468584586675178697029849759270096657060196578937102325225728252446813904588540227831405 0.29266404973951552914012677893756419828657157552115496146898530622602444716715532472355098965829483691 0.53313820058709571434675812754209332692403153470535006923985690247774994903216762320903334654086342484
0.06841575584685987989631149164236655548189797819507006905675944610618232920341785907633065874159088012 0.19554178971494851030072328470510546549097207775847882926445318051852192201194275461043341604005369257 0.2280644308400364031247458415036446888189572143704612512659898180051630528371659802193075020019048803
-0.57780063774809576451364107596773107173770234462770764530712029556150902746498480674228006454594212298 -0.73824820807659178174934852608743516701451835507896478747324980922600472000987946044598205097541020163 0.54428257346014190602772191621781491922686562421074804898618841472300380832642648198232015257675828223
0.029633169860197062726637801375493464943080778101767284118014194468622260162842393950793216141225643196 -1.0869635463224994292593129678038140502864102311841869892817065676508793333833605114006351711581669624 0.39966955505225652508589167919133616256755831400070860623854986100141576233129298937282277666701350913
-0.31748266077932188719091633500612135016033819188707014202853270278713490826201869399699500611531360598 -1.2138846411468680321980594817842827257628643859887126320838401090527839866880603742306584061488715744 0.24126348260764324328533274783546142197031394750356400122065464527572582552778805191663467967137530915
0.24109674415240162199725135644814333133231916144897150056916646237266600847294076748164395400235468168 -1.0634055570428165502863267771222587747726220284981839089112768326525518333097009440396956526140673899 0.18864303677512570411957570883167312012886652636424566878988104919370351679509999259429733807873129728
0.66834097179650849641295851720124616818905033275085452902526055594523421947898335701048057845553401239 1.5589349107652819017837642885472741923245049827889866954931161602749312301726006083802449181485263117 0.57917326600476889586034395064784996639500996940108867903512039273615775939941521845564058336260223333
0.84186446143796128325762029850928495723624799339896157795065800950906539370804032755251693097659708138 1.2524354039366644046620376378113267048499951986448064036911352839092255092763462736272440057834006539 0.24310165573969777617022221421522721419852720643276497431682600527555580808643747033320268252690331255
-0.0083033290381871305261998343416033558579097969244171525095197522538148135810641742172267974593459670453 -0.44316730654314985620007906138612348036584774053597311667041447006101292655048314944342405007141028378 0.2118943724492022723003720515882116975803027657800043795712655244032584374444288724476557740943874448
-0.025081480251017125936011283232029835886320150811400473922363513087349614522444583277994869495283127804 -1.4193996897669939450184385653535152480915918777015078629753024445943298040351786020112247613895366678 0.26015199052669883477567301961588394017536019545723701749697436080547015494378602650462318043047127242
-0.30643906291194190230276598241628946802105217253981773288930784951332443438418340058655736848021089431 0.029440031621753183172075629034741905967739289060091932716598765029159804676254262776287094633004442711 0.49249293739399518326744629585397106891159523410134177942864852766023193620619560589522863721133897625
-0.28202517859197219783701077835999653820773194476858785060058424695719453353189610587010009782868749393 0.78684755055109841722505690253215692114614167823978340971877657227110106986013002306247886787625142783 0.37545586083517749557626943830935246084146524441361657240573902241409364890510356834753584688771022852
-1.1730124059255998673919697975632823503515449613263120941137403769065694128265507128486294397536164149 -1.4975571681436934544058227650484136518988293613765067563043654232250593562690265964825003094144337867 0.62463109834132203928212442450142714531303004876104331809126780504427705507695793709775100433669888551
0.12969582971546907303038321191446694615270603233852301621232763593800690453755665873366648783208493913 1.1084040333973246553450774758766575571747293504491877861929579721451318127283194808754538902143427978 0.020906865779120243002047665128640191886189717886029402963966824491661526414583622630251490428451376267
