-1.4011055269775850469203559081250247132675235542154088616482369715057003462043792497895819123855911741 -0.78543987009207535963584310278478153682126461257277321388974543398343592849844514087420297691064021438 0.44516779909029038869238323931328355032109788575899612173659286035375061839965988768187851111656372512
0.042464115916755755835722426555031954826443905851174810970385451538231396565108408070274642056810897083 -1.2529887843001087767666484608511985598194884596564089750118852287776499999084226858640978325188746586 0.5600311026629039057908451804729757697640558952211684268680086602784572903113005829985021396054460456
0.1098152559342809277919429018242136401389228453469600346137343662397703466992621244076006718044720035 -0.16904014515915070112980933990746183266716927273752212282252038391787692138299310234442187568215034158 0.26089920181171733230533962254089323097410196690059097861451162953684315131711701215847040083666705321
0.27377577765768001390908913482424492101273558778478596880477116215207925047957105246973214493079481961 0.6430440438334541835735488391386975904334476589644195162123527942216608776301857082390113198560429214 0.18918148302316895068608832758612487577482800142188665944209063820718702835313812856443985650103052961
-1.101891219243986811176376463938705559998271620918816491140180214315308516145764653254144446680306008 0.78861050962749925262739396258675420573236512145858533087880848577043275183519051398183654928758629673 0.11630711393283265470844233895587833612402261149214853863556972185699234876138762268081025960763228481
1.6245337000377691265255464530480398963415046222168625600256033182981089100945447361247842490214203513 -1.0047457550589694443094921396200240584237033214701776477515106385855005730106321938703159883107312262 0.4903176626295346343533724903653657758618437834365711272884517996340149781330797234818197480956553481
0.83201304632682352130352421541589804277885942664003917332056706906179468852372922854030202914291614678 -0.45641199967766491027215533282822796269613914897291259247301447119179870164236071838626141582624379165 0.19928290154322907002707625823853366746300786447854214312428006644804289253131885412832140859574449345
1.5384968796912920818040740252359329585742698557977098736670459167751121830000584154063639884569032294 -0.2265581422430754469170500071094566401146572078279547006033099709115744936045383127228493083185427667 0.57233467151067369140427524018666150621555628073740204207111260258842729634069324303857679912067410117
-1.0652305565797489947417902397318765471988185044875790008783098468256939989720467845598359688682842824 0.13880422611084090791509280283727534917143857817821203801927335639780363350313375541114459348415032229 0.18292861736455663778431926867838143454425163537884883149196626367451297412126476387825373627402816703
-1.4030964815254232850545542578683930648211645844130884215800084139844105805818822097893228258202039849 -0.32626192615627526166751921873662756635691809079126990969970973702384581568180179234839882281320291423 0.26293967551433905068579116908594568739624272874767590900314862403836245992450121031129682484006485746
0.19611041925719146908481828405927367395442127057338075523685725230102093199810269584950042334997585085 -0.55199033870434429147041036859233745180770329267905308370442689604663540487316897004279690110763729808 0.50522471256270552470891885818226133179128170388399818052038124923086670646873780506694427969448436276
0.53417080835651025400020687596553338621080585561585231698404093761778684613047031320632047010685502927 0.5513375262398792279925139281347433152285776869505148209080618244949091591172032448815274330266689463 0.065944967578009533083538338392269297321311960402613040332094400568701366773444975960803319186657316257
0.51899680397035791806138558198308941980217332893535186909499827923505412016589174731219331934883806165 1.8737467621688936643989512505740299700739106013889669046414135262604733048570082404195393011793435927 0.56258844163732998464322863377088793920286600275494635740606983861653951973508936201244052538820303757
-0.50708511211427876663349512589079649999788353980162922797817876889186293422234637460790743973402388336 0.42254562009782912503065950306561261142891967061870627304769105964438646257127683098484975601205036277 0.47056231952895396791357518553974536832164812930954173931291263405245733506143152985545922244667395032
-0.70561157948173679880081005449139086129269728808220119262418725527940462284349714845882492981176369802 -0.7345597015672380800322951473033325891258108471066154645999173509749988980630252067919364115166167975 0.31296306843671540516212744503783451282625948089041817382065384637873285426106066252095786190048410026
0.30687102840705530485170362817142169190298643447888818489024760164417957156468919233429579588969761103 -1.4602662411937388305935362897126542598795025613580324841893671943554604799803951291856329792551837228 0.52537700278253152546684708689337097705862802954315544152628163806391081809377433576382078739010155358
0.11049820917780713750034558965901310664420348690902900799595645007010632902038473816833297688079813522 0.77450338798935886521502770431475330871237629648164044480197041348561776451494207217375507233662307428 0.46054398817078506074035827848523803631349617370548934823828581595505883350719741691664602365183766606
0.11665578570327482815202814140235870680467667809963644628111083909251952317434799032637013841578991579 1.4342079125159531836487030222008337155029730972406261910665602064939111508369558283649145882619566643 0.5387547025333878739757177823370506359031271547092111525551403233677987363540408727999775985320887205
-1.3059379209447435208441424824938910613790740450797420395673011448141702153556312316653451567965752051 -0.63714384036452417077801923500218832325397791368670475934597523806007538688910761922717026596260900247 0.48455141374683902303360414158573694701914782764591720623504436237473340658068016141041309537768408012
0.12603858356985340835089950873552049667348858962574180383617002717526603069748064577218062565157834346 -0.11156534768121807450553144268618288232449866910882907369941236614768619701106042895916481666303241843 0.24523883483366904244882210268054497782623728200644854265710610650483796931886172977064627421861707485
