0.20692066532964419794253711736228643971694355749670579124847802367976336372964355268111686516652358479 0.37075338165587033076339211152196289591014306193388412192961370662605015279058956558457134721683917288 0.14903147216061359415566227582724360597986606719518169784696124737096151000259234598731058365788736135
1.2833692133038162692278810446238586969198976417303885396632638059833058252240416144270697734275380066 -0.69309144592917720641274890918237757035722147542765720363979533503999755858734384628297314064110173262 0.3674574409142171604941849348446561473879724740009317755832270518381118165367983339675378066912031
1.2581287313648384056547085903594168356059146982280031451122779422298819373047168078527153793279034392 -0.85477193671840944559598049062559721631411701248646295580925738666002815746911633432899908404706181082 0.15478439901032375119250025030931162039867428791645929048665115850717908790593677858386010030492149724
-0.42472010472627459438702709421930816309755924335917228639412036534110843522356134747198913574564148581 0.85309193719825374393245336382212701438495165300622161059188695994989243731441470495879162644078373665 0.20540458603593493530190968406523105575017199876844338556118159345238695391503426901976825891053110513
-0.47980186448261749506201528144717466741169528923537798446233226126750128325907905046539629121595578639 1.3586733310144656571204883660354267756393718699461928724889628663617021746713122591711338320951978746 0.40726710363355470423933295730883700227021099020062785258420029792004793378420612396180605177445265327
0.02387418914064847977570283917952623743134224626021246683973027663293222085513091688950282290014235956 -0.088809755813524586971420609889877590382257889418551387420958948413602024920693559600116813937022737283 0.086602126997496663752436809596585549421035556177077789591663471987083941541477737672690763335189954623
-0.474532514390761323993447599673229202838308676147767666352006168277676272965396653200622487652912692 1.0201030217937090137808506038118804550184518681917434995479093054114890848249554326668560653790728697 0.53188145211413314095657901140087000592430680099326714974845475421147355230039254510294431531303614295
0.63049014527001137700128926087135014996880086563710016755486883905662203423964564070332706242409990229 -0.62243185539727581847530372251168835590537026291487355729534565539353060848993598778222669232971265329 0.56006025800614937908506111397014839773635819570123928338845688854244082845533444403063509644396396637
1.9199658895349950534464905328480224896616230483066677612524299858147557818356176496848275160896702674 0.0013451487890702853715629283423611446506517054049565661637353043254788859338844298062487906997709470426 0.023587897795626823663688265207770891626379599033357091977037507929567431213146719979008573917573447268
0.016181747076111903134280253591724670940773737270265800069624416127292580624930511284527837743012350831 1.998308127193122356791388276882700752711497687953712404644048388938362918250096511772003189440406883 0.61626249707426900757074689934739085894335745771378721740597715964351275751261920440657855213821978008
0.092589094699431261457403596324398714382143326702152873250916064356743706338906629921563163697792257423 -0.49191775357963202793546132136261354039171640606527265819111509748772861253934293369587576612207855613 0.034542554487273423845437076811754467073178380896903097997112059052924814634049304818554652250720464362
-1.3339441789327936310742761001401952314669111622521336876752779235539745518643724972103736259582002003 0.35654899391877147799696393264669009114856262676016574887006805579736570643596364396232195294880840902 0.19457964481997539955745221605620085054299424086786104305508688283762129842292855204375464550678178032
0.88706866168593816710809534852055263362916736178298606526181014721195843417096282203381974808223248612 -0.5793320845583238470838022478306402944633277029355903417262999378157383756182446273288912937851469556 0.42095999672260671508920572742466583347348971118552545836317373871635578990340844009186318706545061426
-0.96392324570202329697156893121124960346619973308171002578048019579763255393980596429209924833129023776 0.13139580939766631915530156801659532589933733217713018425668585836281330307729361640898623048268816959 0.15864140083543579068140396227456919165886674987044437350624125960768867569926115374413347922289502994
-0.65088983024890529470060182474375373237611955898645766654254626262230553811539298830339818312270644665 0.2058642271848349580520930052453431647109761744770374001486606924672253844092937094858954914521857753 0.35507973130531876912554043823746056666997563664912004344539681361319267070069495981673929993257243236
-0.45839924273131698315051602110105520723672476894169222171699710510256878076627533047290199963523428221 1.5317048269036824765529314826111146744237726041702534427146780779164678016281620390089810980455783132 0.010974821580112415586432242140368545448434930814068739929241496844013976626187421078927293409988046797
-0.0067739708117988230202911906825620519687446627471668504747230318249157377729786943327262834861731495298 -0.21605489679775646157798657293488987781020655883905376881935501328066040469190036843805139954612604505 0.44096737676541781979765981619768700946449429909829932179047364477732254714207643646320016183482696049
0.43238733448414418166740908875470628066561713186826095863792343395664433642121122138555338220180483081 -0.58129133288026230171690623831842277923872837990263421736668239154228647232352021558185899002835758505 0.43338738747968234510576414089359152802212892329176189561230479710832200860239262755224782034824574875
-0.95028070628526475027159706342614804155901406215415845717097283876821352036198580730266311508870009557 -1.4516198406736626254786375437420212572004212303253525707863235778852108792836099642858686674702146288 0.41180208328125743587049160572372311937876568612331015920868470529686487183152989592035029768946845222
1.4637320122303971437350793943181270143959520826434437564094276105803409811387250809326044369068456997 -1.0038046164040358636842201157247652283045871494919494137184951223104286113329043798442869982329960405 0.20660381707434501769242585851073498949288111360228763317696216850422774857475043588175105740836923282
