1.6022339078463618700830919791208826781005669601262783343413244548406738825397731130585225367944103238 -0.99956565769899375374486728778109440787210817317663829296266631676420406757266921155297197199020774116 0.59414302453547484208397910955841410935706598309011473952146859674448619120063023118616821010778634767
0.14776571799564163428803759103537368002582057148592228539976734096785605844444477987783383304507816385 0.51812602181105350689101113055678328745727720539042320650867269936886746624582976973221536304527642263 0.52060204591717208014287692550044605442569584896495413461445867005330730100713292270410585881771712439
-0.11552878313066047344229483899198616313518062418528405797120322371970186774351928017344380624006440509 0.66246213903881118684081179373970161013115019926705463923358602369256646101606285615657318102316353128 0.11232323282585049368119646939445674884250449620095949001042019197669823488827159976097999617571616992
1.7839113499731662718847262647778075746236160695976396737011239407771988870450336377116255552279460018 0.20200431068411352982757949631603802353313301235309373881758689677289570021838597622955446806301735752 0.22420326256215243062015330670788369954502137605565690306555092639351975202884225133052260122673012142
0.31944156892134830159700667520800443113674549299692153541774223968674479383173768596688965877294332104 0.91791251016608345656005646506337888704662589971737968695943526667499848880009338013217578725168788186 0.13663121009058044844618305592282799862192962339369762573863548696128731358644865575669003273552885567
-1.1421397245706772794500954248862781065164506664863230718488951922599960734902372361059507144853191645 0.72140391968631545382059172902158298548399554716098436555866250458811520897998247054600464699718354794 0.48585753623055187021354467917272979248747091325930806396458854900649164641378384968871672174822074655
-0.11294361127058798671785870821933651664919643736514038001087097432442713007774023438842312960638592016 -0.95516734283955428087126517585646627390849047170601854480428080470647359783059159290832113847301026293 0.62450398722640941624761546086955254378341618535656823002736221914735863814656336739236781274063228982
-1.3435577390446288917610255984485143035756767737899564469190997575081102467071743419333108641498610785 -0.99306601989741592452624808448390035658272965489864824474875990867082229354477826201694636633686336088 0.2217786042534287042619265751233887971108658411954257351047515146304826634811169232244647517923276172
-0.26834815178585455862473413213144480289344453241981493837323029404488555514042718880284453961585602505 0.28916553794555079491962516198668830458434145493653994500730459473105767612423097692978565416702934865 0.010899110437548321222745599273956219786817015485250268288663120133478171884088821839712024746800957977
-0.076552691712769883657421120307725253574088439397943417765778344491737156293186603820040513648980661694 1.4953691721011839306950725536444005900897556923562930024774220007252401456798380515362058925313333354 0.060021878696912876697592788618735616819814553279562496131329710898605266451554969499022137955328917731
0.052819804172506187925083092774247035319203900293011802657572768205565454714845515538457977453464053737 0.3575254727724430715154339645761793153720347288801746811958908091944608449598618909787556259440460904 0.38512130915155808714505516926542818729437067769190806251617728389457702355796207943085449440870444148
1.1503354560070546691683900738212855733917760744083348802248368151583558480071343907005042948440478113 1.414576769049397874996178222279237573364332911969936051860164261830992381887830007195865815363685446 0.19052824902664860457286667419280362412504472640961362773053528125661876939371016430257599517035180596
0.071740622919639935944956673984689208456650550141790128059153796786082614837175037807759484214147602274 0.92966271726918192243496437045460188253594529215759407771895994791455004700641118988138178054903308097 0.2789241130222286155496107823129441375324364737485538002012384559830239160689162045335350466963787563
1.2432828184580091526198439426591271019114824773409432580330867160044695068019615191579521399343407465 -1.2405357714540029307033188749182466707107113024324517376581234706436962257472513080484574768886042537 0.017943034337601216374543153988326070471064769777573610577727512159842905994806082826590375037495433264
-0.071409658987699839073600071999077648191065701412111316840561345108315808855774931990360347783150288867 1.0725090737500049365396784404535464108357913852040119882196746344814737026061556574797541749128684008 0.18192131185245567716363932485692353222815724342356291602978003110066028997496840898066941202552418646
-1.0478614937340270374623683711743840691023468446429742290288872817851087516338494477121036819580173434 1.4825905708283129194957776127878122891000725132226230918886274382593118824658126731163006278839504699 0.36338265289996878595399257611440478997873795674255399614833670675994572487036639683084848932837804045
0.52493850708055770553175347906999232356172939658577866999108531744535022847005245959476192962070257392 -0.6597806524628389311636687264147983931391914821873832564760506407516091782944005973407236991979997241 0.37193058118826924991092581167139197662483731338043945713677977936880712234280433760863035061314652672
0.14610180684161221875062762369664667106850757333937918799108034404812438728336936070836395256865304932 -0.44901857816932768248623837297872200970202379029280178628507168362723936173656733438047363846611215933 0.19827926021383582281050233665848178217124290924371213063771142086195894723305924727593535684020414578
-0.38520761138175829781021239208631540907184746142181366472698279468428233780089275291345195172489181147 -1.297669352507470523863987746003820953963231820860693158433935920272890333830441330660577855241398219 0.39968609463941104617181811422971761136380792587700116849819224383834477584518982648948836407366656386
-0.06420358807618664592038380169047349360940985293550044163498973704844570705537549678572824099729299057 -0.43875084321279811913749669299372063760274088001446605459021060528017417872774345893793645597141279626 0.083256162989987108744923197862453131258984590224124105974272079350328774004167122425266019269615239715
