0.81245905260677558110050913566452380257452575270196501020140028639726293842613392330712744333604642203 -0.58100832386031919929346122325309796838289585983421827248103623320505367928302450612179534122538508485 0.027192545708682078000005010543123071503084534137525047092970001122252957206530946898414328743356476487
-0.023613149145329034363863634510444428877016554501827053623087397210577759794932711432754192005352951977 -0.00694145291018652665632062675183447200927085182982738174001592951751398141933843209641541355648108479 0.46691938217519923213367815688650798314121443889106745211203827065230030285858164555331147604443206067
-0.081620083947796991741960979230686473089306005979302551378354369565060907330852669050520610917073293503 -0.097654993098082109488747144894322988805590418443385498185186545377429385429983268995679593348455862263 0.2989570183337216276772872952186423196649794224461768014064178018429086814433593540310196880390536882
0.42117324260160054343557651361570925452396175992713355713400769854755636673538549430629175419764647843 -0.83588172409576045834002919781981650660102449737845366789913851628699470670992884492720409685047622635 0.071029613398521751324836966532979808464860919662050958077157153920984311504297132241196177404859645281
-0.24339412048202212199252978261751819392235924112408707998815814604290727703471577213433693559501537213 -1.4231059201109960465010540880194633971089473565701989344757117053414317880005706525270773272391489211 0.19473266408166814062700871017541135414549890894052004170304667998686289123656513055503184633310175993
0.63100466017030695031270053121582299966994464901774700066867237634089946525933651260723187866295469989 -0.31809586200412050623641063136690160840576648510415074500897866065894491879365031866348360983483586826 0.28027653867141987246154637876626877595080966713632352397050693899447127414311278161913699584648747524
0.28988916264076573382113820539079625328429756096715524018078233589911769867703467879811688124480984556 0.17216117605700050509907556984264814567703803545443782374640699172989986646214129243522886783570375577 0.072514459772143153569084332197137122445242403062815538500479058394107327182192092123136574736083359546
-1.6194879699022330970728787465068528607778345700797611360438996375911047968098856071570885598147649131 0.79859566181788862189475389043244846941658572781114258344219711683607883356793634394946173866959266674 0.24945408502944811141020317554410065107296153050786363916063790815163904560972428990884192743766180445
-0.19992749311765450171542003678080244857883889420691040803498068725055007500696074417862572588043245531 -0.10304625015916389455968438341179972109699505809603677337829537283371193852609497148986634671912125279 0.05083113264887319642520941917452043382980941707088501009049186985736121720939917283575570797833179105
1.5635998918731233242053878809730620454055117313652665051640157764678357466714839713113643671054938256 -0.23328477118932523907346169098727940698182138337616532766729908526846112601728272747696045171711734038 0.30767208583575868717080300079976398192409300453428118981160040916850524769335777236602545787557720866
-1.6096055903707824251008834330604307763386578871824943918598824942482726442469441004322356552574226792 0.039109035589219880502254219304761811366892070362073879129979704923913235341500286168149189752437704207 0.46333062207367804809860467050256186740086229836388093554745140621335038137264511486827176150867157344
0.76963584153770406491067921091489470243709707732194753931641984550408923040440755228510756652998095177 0.39146794382599416525661261353208018757218601774444979972190977883094480945222560941556881124494400268 0.049410524775299620676078785230689275010621654683093339803919717843095870423521859574372403452878392559
0.12711685874856584569962782546649615464373831641765996829446149140739297002704722534234043458234875778 -1.0540933360488349478397027266337679918907872853242476849046414598005865251179838277554451746485750529 0.30064785040755843939935876468902067636637752702317219983746718216487447415573796306081011654736543039
-1.1606856911498135729967057989721098513846038058530884430688102123356659739298804571848102747918535333 0.2974384859525863107563739131005031223394353568680852813760711181433143443791795112368906296302575143 0.13729226573874763610900651656217716318639452099037511509826675791722835515931208592477241478660201102
-0.80408105609599256783340042560532173084544995630547857647164099523063781107906097469229188394468246595 -1.0012550501592229240545424277639467697775961257997992040942951888934254780085779728739236896265984618 0.18875786279509523652246565028576918358822414383005776125275168034119194480100228715286246482635284283
1.1045197283996286365763255710052620941595857172667222057243918962759426247457627574598405045047271353 -1.4085296271242073970055353322009508845960186689497991875031243678997186495684524835645840510725804277 0.14350972419140541948226179314661354016882573957792067557496561255682821209418653619763570632102573569
0.39964432673568208402333974195332286682472009217182755358831586145119027206875498606715717068475877988 -0.072389135864206022285712606386372902462719407726713887794442823422319836696094699660783097641655830946 0.1202275302698169218326909503502200720236492008865255945175348652503686494849871100679758697792768661
-0.64584534003880950270007991468710072243601378187021052381762745219190607480751156405586422247876731151 -0.085723229381636434867764499185118569988410178352048576541974061920605181166652896369948775583348966872 0.30809761104486872510364318509341682833088180311538081655503357749991505514504892091475544299292632821
-0.60710969807761308982306176181259681602661174479118617154896932734103812609536749634973236623768686728 -0.33890981102171232077629693677019050311949694220666855710047452123191038439055624786015527102905296196 0.42219528596454230193800314438185914798793761365319277928346182622952562442225471871358468210221595222
0.022898202904674868791893058285493788446102063338987765366334284320355821890812313759492261906310673599 0.68825124789400639738273928448344003535617873828925063129304028744736384841559769085475959837472003955 0.45605626234952589850550745689560077702707795914276283414352565817934388877037041179638623755021285438
