0.82206604330501153145981379530065324787039048015291575245452045125474555061916802036192845840537221345 -0.87331109076592335894373469326330182782045144537772220286358171040144736865818228520381478236881426422 0.085465615736908289635590027317944837135834206879885957869819772749918763660869854757569263489431508987
1.2403059882910722754912794451364372925364413137624178635694522165646955317860447708467346784266820003 -1.2479651337340243601846022256885006973088505594677346674680578905054893124029085257352019842176520592 0.4292117272904009744698080112507999080515057120088437185920250605382177115409457614908149654520869298
0.23344807866674794921007290099424742228082292788191616190669260741340877632153181747017459070346160776 1.7983927196948341583103769031917275156517585097602840587737995041678129583050560829508295123796847054 0.37842742715541887779105404888116954395651936558512144853675043443893025291503803825686588168638143715
-1.3578911992014221268492230932091770090940225135444770195004459265986566847909918025675185391113934836 0.68285593933771534332839200055847804535315864913555544293904312628904609051358930952944909548781505023 0.45065948923730206698906187805329711189408255317750040534311769514041777703559990313214704920710624249
-0.10469800160672629871178099938777360976353509825904731438620870778538615684914663137556443595847738147 0.10443524572398834947373629570254771906662016825704150024305665242845900193440487193667342353473562719 0.3520535855210266991502218490851813948022285535319594487741207975173403729256323007491445122417617408
-0.48789496938079782619257154083088867916315661033348927219948870343505353035645144954395527932285925631 0.50559933220706052895827245121797163920272911049474166572203840124296172113416058570101058988890514871 0.11725026620269207945916155150490898968947395121121169591874268601342541062833179666218822119692188174
-1.8304611447264828051966853322125654472186238156671133600164980549057437548100015755849320454081095086 -0.26421387187851403277155530797828484728391750701653048266795202867440086140114770577771108360738564964 0.38741393785127133323183770449474266572170742857323297744182053633016200787445807169804811693449941518
0.62380823442489685073552622812637725134508994288428838983178942708175856404037809546608312661325723188 -0.379487275269978594368753969052366506063139503323797911619063522263505901784641647763762813755840174 0.29726138376510165584089480732632007180720965004210153156558416072423753266497931585787291505198880212
-1.2691732887241351333790856496890105895681138118578584638345634158204018554281824817567111347230598008 -0.80397577737201940245371918581976454237182696177231507814764747284917625939563005935046067794905293137 0.40784627702389894568287034526915454631444588734295833271471901324838748783938421375367578501726046868
1.5191239678916917887364937525203122606923842652545478512720712540556120124051223365389786849432315861 0.028380959350157734466740620562280932525519296128972436514015348077563591225435788946950202113632578338 0.47370802419074525845775926293599075161805547645610425535529371087701249592562920149930005154880976137
-1.0616303976894294910762023594035685045050331274079910347637234890716477156179130795704016655817537756 0.32185267376613211034929154306972832542819706529518596152630287281799005868819096060782084968954741556 0.20013154836604335780455720718138460031862335004869039584571890102647664877859474793160703951962048893
-0.24848044586273580650397352933483938288799939208343120997078015706872155979064388667819549998333135776 1.7621736158418925114298107265494956883401218230297065524383451568659528931506105327931197510409658434 0.56412536272616822912852127738555762190538617350265274361761789687183564054057278926796982568047825524
0.46406920281399141487072471636262719367593763115823299219108665344682511646096366520484863598747265675 1.2749902026447981071328201842808907357502880885227000169685489611763179406263660762360839729247565367 0.067773805565974822327372051211959507831912230439803653842937828586234469572487778186665381499068242663
-0.95118604873000319572078520313819488904873124176725965407380149655505904905205154972175291531386008985 0.29026464617451318422935969084212399901813626206408101906384472561594161966654699694051068913647982354 0.0011705031057086695903122941473630825641937254577755123530448160521633743389771450472669810376335939367
0.0098860204121408793654757603664899676730420838343189640607616455358723289921661032150793765069934888989 0.017308844168328990458392814227397628131651843185897324687889747170183060489735945449401139189221652157 0.21539649970223108395638677807876596459791150598476666031072219950205956951892080379163924416934472173
-0.1764521350637309686054033766888618853735648144948370917172845533721537905115212508271522061092176142 -1.4237301188091717543078879194091593096840930371795466286446709592000708809584715301465047933850946424 0.48911107574082023343893326499570540539965473701547290387288370281244495092506220043036868163852667535
-1.2170308236053341212517148122229404964690473036543696456889351199180554717215877833082064623616661115 0.86981172849571533511943238031122161584736187081958980253476196625896622076896370593018111427589258416 0.48849192379733241554566643352896136022173957625924263780518727636657093181525604721447352484961189446
-1.4419537589152597837581572522690896310092362135052184041720262971687843701572881518118854076415396628 -1.2551816212509933090763066739672482084755689897557031558076195348527973944687190191598922723192019797 0.43149307425906459174327537278939136069518784912225926747247494448462643722882893829675251620609669586
0.56899130082566062335012183569199282944095587889093130284486166098863185324476459490911000717510354681 -0.19438750835787367001422868293011129003268069659326354161202134479453974383435536568129874563290614332 0.60363920561142637532020028838441467345687297207566971264590341224973889560215384573034746441721385953
1.3515591761272229959329595174817792296360669750931350659288492021391031424194535543812390330617757934 0.90008397289840408493354205727207701806492044389011027960859185125787316837863729540730256982643800498 0.15588227253785745445939165790375003833887637092051595410754756548122613666311578150706539567375760583
