0.74251636253134872620763512693953649959154170222454888012220279081069144230805752380607195799426056899 -0.91172321142704360495906509863725346221882955461828125731678253970782887010128828217981524814041745887 0.5612649074009207723532801662277901314137270466432363059040257361846114177760776643432941937463720578
0.19786062306672191234019760142491458395065982375641379167235577462437866868467723434881520740886184107 0.011709250056617685061481512452590186883755636560194344412098615877201615684752742224521502251138805861 0.55894000530973891782743928638294021264013382486899055785697085618548253313147977684648080756816777343
-0.13811451620613016528268055867658872819128324218201443658315448114660708622641552225494824663395885943 1.2641822576761140945501910884580667487748115266466746734959951120007802159520236748219223632642122215 0.38844714989639779587199881696141512708756279824043487331632590512780137092707115389026871748336260362
0.4187426147804735877857556498736496106268114152709327464010031185309769322577772600760891492514392448 -0.13826674900452034294569171114192025485489265561145534882976417987387006708363837103108666196722518401 0.46791228102206119228639155871970972807163121993189671095062327983768325784679343782466411465155878415
-0.83728822836225197392664349433192761081415565275904854949333769264788548541850685656190772392502237299 -1.127739318200931184843635584846985956776494194452081449088550111933215879471930584101948549039225228 0.058417202285026872082243861427848940358264479199488021852589564982439171729522782397924121680633605752
-0.1178899405956368795353915392573093104957406308498978210498451348026556790184757977616716114664648012 -0.7033238490808079957225359225915849391036950132144829303346720579012905627189873993536334163687013571 0.038443855750843653712631922692139125317659335182154529582658492866381624682101101586400484839005561807
-0.19676528269685955904162020237856213206616955100173675941145369477655006996264520711563171788653624356 -0.40293325915732667098132791660061202565582502172195712288910042848429293438927313999638980944674733427 0.25338897771370622030621570333531333687694549362273783151802004866511403295030156292343334704919484574
-1.5407365124900372632872889733669178635592888346116453823749007609439653170804135558829286479258427508 -1.1577975614191273177981076464370384846955698530687568075744011458105413791958551787003039205648713249 0.1141573216879013163866178997953508921568144344531385495993713554526423041983308377885676614074777006
0.056940547573172859810383329926285017201434130927672272391063661889769005006134250401236398661273496092 0.017962452920432986547085712271594120749341782591537829720682853833807083867740870071975530561337478208 0.62239192712252732591806093052815228666699316172156356776216034894310990702395812095936044624936278746
-0.37399855439250415479893646757007094140720059876043345224488563523230577152227017701356650853528812594 -0.75789517261434931108867586450161014470413372795027757675576143947191149732299155463617652400451725638 0.58690588643933249114779244128502247841769068659107711075136126775188832250465074196171446606551175523
0.052388935164806527346214243988350059361685526706765126834871597682342664482908025818433070254390334453 0.54076103341778370043709872663203145554949621241568041366393048282116298448592221834850778293090804463 0.49138165143679661903344997797367812389296289739589236943854699423314356702370938332374774023990335211
-0.080826599196937738587973297047156742191089244953204426839291890096867162561577295059777816193545835289 0.26832905365645432964354177179442264188247585067162827586011419967231469670219769441871606861328317973 0.47900754005931733383519940863001968946492464695492613343925953331644881444337870498966851053074008407
0.0054203522585660226702521119905229910139243561329725765489721670950817736970925702067280221264980815626 -0.0041290966454013915663443360799935559161064887831791122990591914328752977276598975865309264720415268256 0.50512502516889809075965245033610738073175118099313038350713360332030438003196683886286170785694142554
-0.59235191523390666902490623711831736696046003297632615778305864810547535358044973779667471603512285148 0.056990171154821370892140664800998887198064173748971565684826518900203767356465197531337268198438604476 0.032219152979437718923098842246559305365976411671940251431458310770606500503766663889498424082615485237
-0.60019156700296662032026262417141016935598406625173156896080351754356588019128080077676249137890271383 0.3674011043967910305773417848306259989165006630990608267383100007444634917850542009502617493778323115 0.069771579949323339942833233024125086151174758502508743907487748141854948616603215351267685902014288624
0.96338611141825783151603617748716491436209721718103045064095121007763927095559240014227765849087119435 0.0080686083302539839369453876208958133362607916685515144057116056871341909180315909299208216135346464762 0.43000627146422770352842062933263323977133899438087015284909017039046147799533524091370640882110232926
-0.16138307055135636612005638295387561397914769557730250585289506615458556173539488363667706364576239832 0.25117066895548644239639814577907529158637746018314426985096911853809619046428452958819763020385276424 0.0025060611955827938720948929053442413512351265569775638271091637278550443393745035231420747115197233066
0.054296461557333955239928519944275316600103865525927657038285697675809292706556894503135844853284988445 -0.0060269370144424142251540705566593113559200338666479726995168526075375727052033996770527649137856438989 0.45459777105896175007181538623101761678770821758627866038947963373342901452041242578472650379553598786
-0.13515441021991288301569762393430738562726230975484449011268411324152040165946167354529884578744834297 0.73015205227759678745792462401506156600854087266815056901042101342632736117973785219949357515642486969 0.58620161507525444746867275241481418893613899399640313801265337045592262153122904946431208878475022647
-0.55667484547945006861702824963190416475349691403266939326752233275188318971107753682889828138529365548 -0.25701220359643819828122119162343940167306412013891561194767807669253413980767493301259938225650349498 0.55610742712294977118432478433703439676095949265526582676572602810105514360324730949365550891049404564
