-0.15858761581512467740230049835793299852165205987261634979667282692271260605040810774374952911939435636 0.021449892449363802889676948206733410170063549928998287994764677867158945310976354993021714942450599529 0.39442488961222065959353927299013236072871957528745895784839247260779835740310995448184263035287586456
1.9197660686372951651714478812695501972088450523117554287591982275799607589170614486591910930258251634 0.16692510114650547772091048090821897276010244240255200759372384606729469114346731843750949305209780918 0.33855241841415760209421634809026785321290239583145777106443537076684557605972588143576936942882456098
-0.29445510159067269276862454096294221519588532927203052794045872644916875884853765353338721143418713177 -1.5196586903750260310485249930641008530063077072139421795963748416866507311271682820680220368975946759 0.38991248177786270292168023254283964451308006741884486529947784250363208168426297600453815571108447996
0.38849167754684669693901511027700487664952249703145033470785592315629831915185515992133891096955152159 1.5396031576052634333168358830735768138021275372470470336534484520654838675241024379263161319279580768 0.20815761085496283335544286645052603103463414586473117448608825123124568319333512701784578296431032857
0.99175661265084026789796619140621851688857080641167347522904555218358051056308101612314514815141996619 0.40256623323900067793071946736711275056459078260176772643960352102548632173570388880939060232758596493 0.46729489457218892515889295415695990964846191386691913515406379340899596936208953814653799083776108468
0.21553750503284243112404188851985666848020461693087735863275112652345563816314968227557605540901319771 0.12955132413718352342034356438425322486043991545183941875944303889948867879148199144314291025875901062 0.3978622200222911355987721363830202700500942407511138449210004547104162097702329990910647473635416022
0.28622728002954917615721578435325207347911952678194907124439167481800015458835169583622435899856748171 -0.075594767550810537455077153277723357536590402772728799636600451679265692218603372925092295680487545281 0.2438094427967546795567896316294019286431279158476081045103834553752951354249911258486266925676061472
-0.96381083877435866763222154733595512115142640303841473654151775004824438641618003272800671438505354389 -0.88797879663739452207066574089892411841474339269425673998389427339725321812903144721429292532851765429 0.14976773840617409839383898158027238858802566770313625598766201897506703176796466812277692550232690382
-1.6281911396632911048327543856542634168070068737935273014497407482969769870228757348827196566303064188 0.84929141589226920747717837034205176391844936226491661000099236752764548718888395600614868534353569608 0.26753473303608695219202278812422161743098632489215513365421916789639195237653112750737135670549159236
0.57566047257248499853364403372473808882206250944812774475224022303583840508383334845901639625550850309 -0.87707580370089436572035196392078344111155240615299689366840828681831107324282488773502034672193156136 0.54337862418813799581905894366210985557395695309157243366926630924648909367209318133180263400637231478
-0.36693944230753362937558816755432378552794093150898737854174710801295407017686354324430998979299605087 0.93411751005112974324542901060291168705314475581967871392259506944400421663721773594422933519866904061 0.18796701957768099056670544761878397706676131949966358316419077400319342563117240989761610359957846028
1.2485024352900406963688409362106488169791633401870293524678825142913167125605859407915351379474165113 -1.2084713168590057767897860108955332703422011127798081476290068024485007295142770003086307881453636233 0.46571772428462465066245950560086025408081959665707770043751525577810560493686520558204425584025478058
0.75121444737596853857355443012218373847708360078321661754926479941237395636142698593388135732477823514 -0.78896882274213729998782074185630666228621056426119827850668039709703706508559338295814811066423554675 0.51270703679656892047255385986077547440461689885777732227963360891229939213777340549646539171336921139
1.1708105665455201612962479089050817510767245381131380654964240597697216441265666237799269553178355606 -1.235550729621316684538059368863771542911119357655878150034930443498168840053011141065811694560535028 0.11970880575387525704090561687583549361736357865050302438721007361066432288397647805805515631787319762
-0.24170987080143438767159850699731342528912071713696206467043205713830230715625248337288167402994092801 -0.063482037273765496245318111436141077126723457043300711832166374607078618733105634235605378101913232402 0.50341437501970570751959837188561871257885465256084344658229316879479532889769286935611218579179718018
-0.1517550149170357253440459385381742522299755105090350071650721323862235202653196908389334310339006913 -0.00299801452813925851039580397000742544441074606217759337617517751250810124096401164006279418570909013 0.48615748950203663023692885776970642630840715159505529874064205570030191112580756224499556068371988837
0.074313282725737575594604037020075694952258778448173081078222549823111592590107023802820673933750411495 0.076770503507170663755420963534221442488142355561237673659437644829468520434744313400553500101889350575 0.42294401590969853212006958966221528190255092273934757370898982134551594270369959120258776044712181146
-1.7851589648330785756880636166362057079247340877851067538536592466831648908269419022290452481489761264 -0.65874715859886388486618785658403497643984684142948340840049447483942270463815920304307659852295705991 0.42577426119920136937808426969377212180112485472859559509118475133748580362831935633334257056847830396
-1.4387628705325138604130582680439804860388250237412765869344922068561837632660096721483462401950597336 -0.11350904561998339913457172785952308070557779310889584602394764239487062422698752682090587303137557473 0.15619631250062220191734181971571575998782833892792174216441889869562143804661386694713564901778505265
-0.018280371985896923433610569466092430915803685947517509198011550013909654000976627012620522394032928025 0.0088933440563082754160775402588781260651925910220725363723781029914940349357106350521067289893793092301 0.37645088740335032727660114440258412174176799105004158731478122529773286301879559988824348310344720034
