-0.44300718824747359018753198244698121726120149555724637673576551511910154929907417440525493567941598773 -0.36208051703655417759428704877288703062970029089372777361114965427039674837776424908662199231003750379 0.62345582048766314700647062373368667589429724960685807509180346907664938355829069510906313006101006223
0.67878487194485415158887273553450976608538412227899532144333583783636540651356001407791322689318472092 -0.92977245133047344606670721595148531049544298685328154094055299311969187159564865162429634074363442197 0.2064079824073385074035329359234406446777230766481315856376299270821833087186247711822213222515501871
0.63595082403265773587033630333268476528824537524482323492638542830517920972196324056205321376925127473 -0.14723514396989358812707910409595084901248433224743475313988062681474474080340449752911942250210281293 0.018056413364075492861900116498890672942919804326852070204931888070553603302183697233776311942657545798
0.35197834931062889989711937474371998882972789200618966540195172443362757187051796647106480645434820704 -0.12929931300076025437030973094806423574652581816246670362620561785783231475509179056788425738956172338 0.58387062752763685737275269819447025373791661353958451833966483641469431470239929239516344329414931886
-0.2947257807692170489156172053091055740360871250137312259567002247957997613648161324768212604407036366 0.078391628511969327185024341435145529035137608249173181488433529607352834761256536998620281112830934461 0.35176260084107783988337851615562886745308863427051162816153974341323372074085557503335818101774431605
-0.31873831001795721662834724911417841145310551144091194543606490183324609820538655947531380984452743734 -0.39964722930927307472075681911738316144566258247217177673571715145346259999924448770429582468540633808 0.41306113899694061092402499409303335463265212852678208405177046859096589216363559864999171704529996029
0.028403721091399011079645612883617253288969987526870260704917650855195745714788356422378898219193157009 -0.76809592116958620727925281666662040696865332640645083937317575627346284559775926876101686230694567033 0.61887047289293364075433856722043255177517260837986480384326310507216775662470235411601074007495803026
1.7776456938868277825099788658096388977250395291212727969791416864098797526374396961504058652665043508 0.061711241801026473397944504660954151830539442388234192294476684361493891575323617591099611442932810803 0.1410466448825975940512116607504025304668893696428154135099858644890875389009306798374177813618027933
0.24140250469208284390537797048149964590154763403081720592664316781022128149919894267677888650619164347 0.80410659274097908437649181425070000370880794386513434231404150315114740761443769694705083722238068049 0.33369622078593176668277123415656000406209721433012057500744022673815343958881673819263676125793206938
-0.33457722851540025894802119557851178535487099982461363201085475109776587574097834481393167202078946645 0.039669233326659713200572821391757064593527744300360721668238675248234968618271540712471838447902437584 0.07392930353158465416400362348861025777669920344170339669479558945620795599374697936859478217626925738
0.021865108776857458277717469106142612021710022515760142271005030639870412141891648427580306533871035746 -0.010896241067967523369458075955599820980097760643510207581073123046085147684204396789181911526121681231 0.028581378877885551127586541376641901858000452957140044588769048826325572992186273201912677650637208385
0.12754766918438972387614040766256330342158986760055352621155910046703923670034964120447242627014381058 0.21193402410128242360415224978430267750071418106642433044194064525147319924774232873255983449793268755 0.13871040721369702052245274271052094917378674747567093436098735239980577526487457920200239755096054676
0.60693660208107071665593547508383780655186534772726285808693102196738772639591771445991685924498684969 -0.14588254813564770363270949716428071282231133247837368997027612218813924344409356668722267447062538325 0.21497982502331124108080971684386270112026341428172898307123084749548995350104650600249954746849048856
0.25147126629034202446432154048281099258122855035603922507561387043052948653928902759139251556951750522 0.29948151354520484669205832488214017234184479356641482027703457669058061286718670809888079288623238119 0.55627642815596103473891561053146260608416305498080440427104167755780145268658189509973226370588548343
-0.10028395600241994325144335024388995915575767960527314556212579287160628635018697366605534101263473983 -0.0062793371817247540711936004625167236967067987702436877365975229189142328494407677092492307813721667284 0.23330137345378211148243697814693287844716371760339413342149955551634844768992143626856582359251713508
0.18723883783248290581309836795320179853709234133793324430567034075578754135736635757458230260441616827 0.094622654815819041950732456773855500504989358542783139197461151808213220285343497374058673941216271431 0.24039096309221937845166635363825734109073878291577900178351311346948272359294230418835241212770107879
-0.55845478634915500377297989706653447811587216384642006719856399817673142272510531224031552969224516266 -1.1036501845460173086560252829451203359890110841286610122168108139553464450152847475476995024674959633 0.13495904125207933745546830472103073605833542924698387526553781436897407963660180179094673430307473459
-0.38289559552569956167287269663491194375250896853120625106897378863519854984612882483571231306496770781 -0.41852496732871977750646096807830251057523615056675739911501372297228349805264214234497606835718983244 0.25031702002588872256487644934304244248287090642045046488549283193671848770675916758388813836979828795
-1.0618009593059941429098346641710531684605082300467407462636922389626925239443923446592491980893020915 -1.0838603898382454691284210612844055988816878547007003706847300967474336794652335071447758296114531581 0.22354063014053205325875373683458725476528683252768259809644437141571073688618236548578478720689297463
0.013009217852384459171500508120772507117294602444509820079358683365481424066940968847745241547646738335 -0.015616778571184575473797419671941921334521843090688354630404737848415226593100777775902837878484702948 0.33859351345296506270146076713191784397794127701369662549993552246062486432114515147380936422048883673
