-0.071797450534481134048152453005480799497871266961449826101428458475724782975422273584992958677664907442 -0.018977873970943169179326886476116643421024982657504342805119901066754819706070247970922148775329442351 0.38384729447682188887278933660676032457582971920316351414230542951855078483802418228887051718452911036
0.9781024690174717801234507898265636969723879176337413444586816564979784687113280630046971030995189886 0.76257193337296389767960526620712639939155730310848016276395534950547987820913855550553465792697870001 0.5306407031708606667644695376589673470177250299058622721810478030652889120507488486571104941701953454
0.23208013072633235032522848693927548082891460622320801687111901709506170945308299549447038508537682875 1.0838249985194580620029699872488858461121124781750545817287316915600442234147784541490794151229563347 0.021495062369734603024476440365349301897820271093042067197679419561792156918525857407118184465615573493
0.11496233065740459505869709720981694386339124197862235615896915149588752952843326819297876099912130554 0.74875003322061115113662411812053230416503854939509383397276785194494371696287585897937802899038172126 0.30757220292282111342461306525003144653203324791086312903805755333427043951477981552142261445888293078
1.1753112532237302202415613571074763195274403036566706605218244363816577250134358112837979897651721323 -0.18171135858537806377798527324989926300058688956286453882130288821553419571802107651224693692524650767 0.11363284489105608553587232027433494774885440710600175930448807000296674176442227343157406936259973085
0.81212665781734889257266618923354126982339802761666785594158755509375735897236904713458859544225900256 0.78377390329933126713042660961362675254093942549791654304698869168052055884328708488192832028629684788 0.27740642173222979361461206895822060308052661157986593755144548737890691978182275062367182018962492148
-0.30883852814970963555571922681546782884430336330865770022401536416996468338246005667773708977971214684 -0.52156857510517122459223722464492075013592184533034991684428762605434762976988410097061249393066049419 0.35369330000740489622104050433779354775401862772298398851258961871201179772731731951641603078795038822
-1.2886343205397985267920165377567478171168049796428311250900826034539947903245284722776907294893198405 0.15192265913536473463076693458044457513296336930845976606062140760937379210200280160831654173884474257 0.3319769251776561670618370877829904901341337000279835278581774502081809724402473348081582613201452715
-0.92285348708177119424676349880662336822249123297988582870546636194939538411086742400991809691242598831 0.90811700483467442104101065776867721442235497005817204052883099847940585356208337523569670067799155329 0.3009770218586222637184156973017931296065412129333256592619743174463919104252135633282147227084291294
0.097845992133243800248336500688154611856365812713878562132377425249747426209409176759063002721879070524 0.82794794555126906716507525199904122195835467057751767590352590195735624709263653329235091691683933804 0.27649227909939400976337791769318036363829493255667662172895050657992272061904709492266824781164950964
-1.9012871432799593479587342986649899468740406861780380913826357975272739389977276814257440266679552437 0.35435216909608984853505486782083153817177396671053976480732504308117944318838273468598359879757227156 0.25285616231338259850842930472996704313019523581098655151939353645436196518441530377774270770502714384
1.1254182614678398583663499700099881599127893297909447050066459274621859045479524321114617883927090858 -0.69425453265493472870018183553777235987846267027838865629785488254078385457446274328730532491939131624 0.26235282081942322819906664026781437884156140608617686147061122390826225502367666668837506695774978614
-0.68355213347246074463356475614709182194245828591442930740835263818869431914282991203466897533084749268 0.49422280678257189934048156893679208900484049863414329734955287952592528936345182291167383213361243579 0.50714881005842611509631947486030053600772503974246774471556943166679138859860859284385691092926571528
-0.28138818776496663931436670814138952627442295410858099930344241824640117458360319945763824477992564206 0.65830239534711743712413051930202023775555451503224746797965344652973634334231478889361141802367139132 0.31220144038020220367118246661479508942492125597608739515560794436766912675194047371715797508337287749
1.1170463701590038629958286355789283993807656075330622958405045327393802669111913265881097930726700124 0.86124270074052188805292293549555694495340943702619360641194572213970076745299591295247750434790966597 0.5558999027614365055989230765493294858219522957202725626979608297468132664177559481081730164794223695
-0.41687776549897103076747594857195624699699069499446826477561306503597197290009012560791345264023103865 -1.0112758834234571452968238934741514355426288746361341500995222890748284945584103828017576602151681362 0.47772770487765826989379808038008755577468188823561242393651393063895868778857121321144076031859001114
-1.4023505104209284602200907253287186578603157302717295236778319285489396085688912671532458139473275136 0.14564110363138361923392482577898694119418587585070128861108276675202028187649209945551462353351491223 0.61651843355489167725121964061676190748615877884093809013264876391022266374756827120372755937860822026
-1.5714702694999312048815256398937412846649468727380152365757171014369674284904632778392451482048627772 1.1397268984623252200855527892173543764862288437188707708964240372215421112974514522350070770129523705 0.26169914582602012687133976607468401365278241926150704614847271181673643705084042812902979002030423181
-0.87441354125731724419966671817741751369746917108966096249442094611119287721867728487790443377346280446 -1.0985702836677167588947093130783150164439154990442938472301164327733706423477402626918441648458775567 0.11252055222884235634870492121690839944402660880105102900379507651513701726544545785458765691193941206
-0.56195678446625798873696065379176959212881447264936335468553277264560471809114220282741156980466130143 1.3075783890800383244280211691719796847913756521043590958946176161618434877607418318094690670710254249 0.40406719230460619538960947264348903664487970363095868276192982686671332247535662192106506471076983227
