0.42062270549935727572050346637419920780935317473968569827793205306434980227367668122687065815362687735 -0.39068791050220889466000348936045982473688536053814440177881550464452198668198393349799018864696378653 0.36616265307507298260392805443769537183902837029777336048123743839944718021752755319165883822542461919
-0.22469563327210050615967690217860541928948435925362657991564441523291382968546482894757646701933075624 -0.78436140966798358649678436215394488450328574372121903486700762448922937297352829899026900413182507974 0.060964987865689445186118305345852501847449371750777906795506709626560882289140140176545366906498258637
-0.24774530381675863093923852349917289584123448513686897889264938371824092371624778979707948654986465289 0.58985427483426942210079639209991288604893709803875021881770673377846771339072367392675985120925183991 0.28844407102999353134861623256073517318418399769990700074366428142134377606477269681395842730808636972
0.49400854749622066006080316709790243235343037208907770360539459967131353015361547537035757888744521708 -0.81810433844972093535845984634655955494182221676958598122541538717461402289609904861844208533385912024 0.1747443575978218182480566316377923083699866705250515266701417446752804882186640771876326494877792928
0.022464877431670078690658343708883424001903508564317179756090457637484688915903850278876535269448795672 1.9105358817851794553670309835885012002543035990388308031511558546616707414685882842154408220951619675 0.14342834629765741226456882488416071877215272877767926087165884427893628410672759272827851557012428268
-0.026594261703132138219404464275057705890050473703415895603013290557370772867433378625846202772849260601 -0.7246427608314361501971235670422882114532898947406880480022051498729764356908154821667164966584091668 0.2389016467156751632181947720195807441936069335639487518030219294133811466356545675189455731517596812
1.3355251851711760547100042079587966858860406828966572258084376077605067303511247881756816876384163744 -1.4721827186399327987515106990916625846899932430862458174264398551066851201537466936403786201373121542 0.52105966955025162312563626799357294322426111620065296084285793657470241406994580406719622384135568863
-1.8199874458800773208140234556992038173689189005119975024267542599438511320719710359708638086037193391 0.28280995912540062576082996122232897571219472286959168558726961861552905673060502895194572716771820469 0.59322955252379116517489212196162385499043408544838052955229285294482395220396918882142368639700162262
-0.44128584735311321922797821068598698827827190618846267622871779397999236709819441466649659664763860903 -0.13273780916220124697455744666281261095729654975956640722193661711098203108712200666905509618654802975 0.14677134931897470572029845693697715135824899083335978091515855452610626673729484350389961636023685206
-0.88076422885640423827554382986027193883257722779346334584553651513904801972115050558807636185584974888 -0.23947941821394585415593345670113971013999261252421822248642423234470364110075069189138662457132874787 0.41611899087196590248228773696710732173371935946203971981259698972919265289426858235115864005008702889
-0.23631985907352041375923422762823767623072667403062664996234216800047189650534891781208461285152031894 0.99659158478839948081610959887648102382377742633109462705502027531519446623198178540486077447474616675 0.54379879004079393561454607008633690872485087801158657408728359303024317327344730074709857990635520163
0.097113887384830462241483078327859807921491255453523583098764551641590144719266749756617593174644475919 0.60993488005016804795005356048163539957408238765194155995336182862645140942845849250119730429006400954 0.28839055874977263773522843832605360675009301747297997844850583429620742842507258443396007640611695866
0.45844272694084171882737829493311689098338108311558248335869309481212524903574585789700363158419589873 -1.0735895562160464947129384220121979028622620462944443244473522253255252199994252740954483574063910875 0.44430533933297764751421071779146480358799156856248959968876054451758863176237246412132408488788727573
-1.0732432311163806788810132802662158318208793714795073268232872883328091374707005144164561625928307658 0.70553824981144701611742338004795517616688654338992902221931023762238821642475179808148603819472020713 0.58294037082031944243289947463635359274232769193546643346637209315371847089629233372523736744817459314
-0.37332482114160108017653629380890505402612277531927972956324769200150093197663669894214748777768147039 -0.23360909384573442012078710974333569458961582212202104872900802505293755430056521055472140650033826823 0.26612021861004795153692099177688762036743518623720826768653967565471034090780832105894296958510563369
1.6683729293482934495748041615779558858265962742147192589519041548749244696407860900497366876488198731 -0.41120404387412017400718958789446998057667428362505864965699216963986192198377047690976652014944471625 0.18179323165522441488504269534825504708449530984939939632879927192219336522278138807727868838545924121
-0.1024246449409132903759792080774586797309748856887722821668796957761947969924624333802082259811886023 0.020093081487848942134127586703366335226795219430384426899850841203202728973083957890306697425658145527 0.086221063405281336237025403355087819849886069484070893490563012453619231134949666640043324594097566623
0.4021879107374628657619138258781309277129005470264239841851514538351929932313199574985574757896309207 -1.4468917918176325579471398404261143125108138220321205082685962533337457005237176839999417071791057516 0.240960914591711081667797735568589580365844035061597559479983925100865872023426373442248247375519129
1.6672043472706812635013693146434443350326264801383244600679481323383575368946031308588570559278395236 -0.83167909423359397926471399276849173596894182521881225536519864261922123740018730286223000261372770517 0.61312337492472366047731639515787385847241643678340637369896945832725082729216324122085472922895500196
0.19175853136988135744170774476913959942380517800675606671808556977855585981001649985301043104781932134 0.46214991649458699668837400834461554997926375909984338846549570148889925813842499290145253230968182831 0.31435301184422216972053162763875685367306236562754168780092265662317420782117539942691093346357238231
