0.18024640772352423729756860609651696981124182986646275574784950170071603761354280478671612638631367332 -1.428354427737434971503591384219326576785426710794212627641376083365574629830432183175754324861462272 0.5514943101648267946508061386668708084224600043775106634705674811885086665033783680456254934859620689
-0.31213193073962467179262559970365158324088227861990334137295998427712184788553958374848449991923692061 -1.4320105115386513743978421130278965992532191697676710516380496657579892821823760325566887214513076938 0.33441336395014648763423783400121853755687044667940984863960112854206163477185518884142667325683601759
-0.72935962020380301618678343836603984399617958041892247788377745027450965830227037212996140597933804944 0.76838089597034819328953199039418988545474695548766341436356218118961028188613529369544434918463525281 0.38833741992233252460957343406227308298016974587812021986399730078642903709144058746712903137378013993
-0.52577158167703748503052130939546745815162139832614733435414473353721575568036491853589680460876380252 0.37068772359326340898444728104456254929852463063057538100540248302767613551680104636544757871800227655 0.36327035289116737554680431054272456439803100959800905747012686846635016497915024295154019764420469626
0.84179185568413450721081962217698586028970229271007635791814982745085410600772953761584357053620571282 0.99967016670281742241019425382721400474301422679196746540881039517990281974489520948563244756025282576 0.60207952916171725739998934370220393406835937377478143285793978479713060096908286593392678919515012412
-1.0461724753158563713896976756545019325594928480290298123255015023884734011276831231642563760281671394 0.33065151288347385102451802414670576125700402395963876030313133818496115563377167985803857084325218959 0.00085296836567846888502790650003623893362348823137217029110494522089325084547939529191656699125248710648
0.44105723170365831023334435495200281705532829968869511954675174587085639804995127745231970553111340416 -0.37199420890620196138969842460865823028047778738170661493403145040129428234613284294475448827622695753 0.57005640958901608154211615050395044935779215641423929029522836003047960213268146311552829353544019825
-0.095866082687422644442195590243036200979580522073882404151730523444817262832106865145912642974807229317 0.05534804582498322000792119495370107853200433856151397031530107902935435521113908689146511386891100448 0.16415221346240698260384855713771257951660019351088831121434537830537233995532843766895764542539820915
0.43725539018240304995970167502826295242453692079967525143613801821929305047287373317589835949810591341 -1.1042422015337798263265668664040813374498143667693836685875858630121164760463282027223946001916143463 0.3273185548946878305957012935923692569859978689699154281184582426288801406076749707136006021519104532
0.064157734159626559405959745369290390429533192923294097602915836818350949024564373593187770504056423956 0.16553432242250441694281032626615693181762609979410684222128270347372830686646168805718795200085267257 0.25998165071904088928445652088932315033159365239855625491358589068161544129570338930931116226516388713
-0.15084033852355982656820989773679234756183689854429735386275800671820102469813325136502536779205395097 0.48129557638531611255826051704033020566817403865962688890738702712157131817528654726248064902573184264 0.40347257455830226831979119433545926449218994229263075783483613328223112795516286059385450141321486325
1.9608173217817245343014798177631453454331457951310041974837868503998760098720659854470717338376190597 -0.10311865114361249265324663730772539990521970858853322307541420549446726210587079731597049120519934616 0.46960658289951168701617425313248971287277925683510853638634201849594053488340112807898443365975573142
-1.8764684388529915964828370971593616732772239200047181679834701767186975389198558204445690430084350033 0.2216162004342243326851101595862344251992205828640272188526991413586240208592757660781319992108259951 0.60872582426990332222517006407158497094792632244961750074507794231911368009635416883559602296311920951
1.2097740297108045721979610766384026813372357523102707350409759028760482698759179243349131235521985308 1.4366166399458075000837982425402255879309251226576062476385849292880204602360325116140260961663444028 0.012354491645490103695960917832617876494234652399050288384360059146508979969231289421094828157472043995
0.68798268081569424540380153345469313791188931840639546099183137058786479891354804251415778084478408324 -0.31413156329591482925631121321007233968253712011746794987196050466196455566180566031237926157260570074 0.37309325409323086175829323632752947245066255438687834475712680344088733621214991351636089621820994629
-0.12129042699249605719559690336314373440983137338100958929959840567501502566211724223410421438593567269 -0.090684004709142415443196057558420777454067360412058416092108242932293756930358304196338432547481267744 0.42409307548103273678085140554870242130183578544664459093012759021102355078125204529010027675099106398
0.49802986952576359491111009807052407956581895940939480399942482333746147496916330144446599009651418519 -0.39502097763227438115240618774439646753860026960447963496628849191747303118964818357079000757144541522 0.5557161178241110421341772780041460578360140862894838387400963409734333941030155378314445501174153284
-0.21275316046093377959498272703625596007408484225590218568404057330532783861721996491050522239114295609 -0.060136628164249297200385776958700440599135989609695128399475987269834901307213050882651487642403528115 0.32693263186433775899923220782302681126931220506378485039367272316445391713319368892108654304239241124
-0.65885756211139686480035255411520739582464972680021326548815839943061676490103577636940268524354088549 0.33673225457124341476524711395259471607376619002102080770157473900590641253611352666884110641360775848 0.4918637737995579509326002963024941825158837108878867082325597528749871360139439616969417667629719126
-0.26939320777753934307050515338188742198528352254915678950015452655322454160180950537793731848131745487 -0.045996764898312996909254165874831378628151265603319013058947974740642054717811043148161486474930051474 0.46328254068405865393391791011419505268102751601992800590721195497286285533934377281714675784105854437
