0.48960605193790804238515158517152930821649988075655050872048294839006985105377553487430050505469898371 -1.2644583826743465477610533226547790625481642530627166101898074285704037191766107432797600966548120787 0.27347964339630758122333525711430416490672178603347039300344676387537959343891436213501921934897703769
-0.31848277267587117369846733517521300257060225388994108483124051230486568403831066668176904051498555913 0.32389290344565341692612644480015928798731794411141043974187163214242508570325277323444427388381782621 0.56249189001933229661775591401997009408576865750281489875864994703857678182625461579529512377492126868
0.77000930721197411491475802994440097215432354983438152304050893636353178645967525677987568518613370753 -1.8367127793325723010050197159838003562273505923791225326638920486011994616234499231509596386887904884 0.4923494896123308891614997460503610345217857202037780197626273634654061105054080539744879576740314777
1.2213119210784471974985643900163843270028297596451708880201763752467468261601899386673581086802764829 -1.2776416263953320131412717475613181469314769649282536270761894848298603329952031947387082346435986391 0.46644900779597584786837562436318928980457012899970859717552383428805500889341407941019557338228001994
-1.0923131754321954316620288044912540344850331585849308890200470029410631239169608800911419857561234859 -1.1362354632427676677801736597086351275457739754694860154381074229605497873535051389083537660605198106 0.32287266284853388515223737492823183543057275044355289229503026903415943692214057787383388289772231778
-0.17294453931795741601034507115235622078905378619883275765265201267942126581527464837505692878943492517 -0.25234476129180505073733535105184211214338625095462888402236619253705811218989802124761385159150805245 0.40608414474880096368317220346866614502028320739156956878612167502618022004982000030573817886528761072
-0.14467157250291193776511968346589083769228714041933299446504105390435917514111235490765298542876507069 0.13869490985283585076981301458784960122923493890507308371372520215007314305296304894848412044814563467 0.41040316392574927922376804016460913950569191569854995074902898505188787836232978536557472536034936789
1.1461922321940250571368275985232802298571585708503550479317052974747513047873759575468580401564062232 -1.0606414267427816276509555532704651971034265166543331088535767364845800693680734293920602038276018198 0.62610004301032703949458803901475764435229499652127234772862727718058882595024732873568380489626002204
-0.98829933264885473409883917375498985871704881497182457128313481065240209750414696288356130575622702408 0.44543411865801719931732760041807442957613892046090931293229618309066997002582044507571073168405488419 0.51935741709876166552256778493249312829638364342229647521897194231111523917492955960970543799372608091
-0.048858737615028570628125857699974852129194484116395218922400499637877624624320508001566592226485981972 -0.8748459912124706031049396347387131231817874603866205106433275485745135340730931490223433473877696943 0.14945548216699119082214697540218287482824469574846010480938416712070546745543661226801107663971408212
0.29693750455297918514772427724664138948723703783453071302758231844068365369437109869550095319189090349 -0.62285840817143300172191664674369211953891879275070478630801085218470043225968124072353098598849172707 0.46371555586920483792662710188843323277917019231496593867158993351802343554300902815900646374626743475
-0.28565517603768246153865435804105983396968880712490739068109567662496071135006951173967800961455082423 0.37919183792100683279004448081963923804373745471772313091854651956296397057244030576639215013287059208 0.27638171560593306192711151421488665674463783543392495517138880453960084638086475056068059324238933602
-1.1307182629150016060097247669468179403386553351893515374028334703989082721629642240798650617550477177 -0.68875824999524596235714315317964576770175959162521959015714152883732547733997467235491252890544795386 0.0792519722335606673446033743109859211666588707651322394058712870815538047749954621706761343954640586
-0.54658711913025351557575928206991720236806504095295820042586421266675293693545765400766532071819379365 0.40913913661811730243835015270256700923037840863783752809676136988825770426260853504947017766952189368 0.31551860417579530452267977448312855980514433769501767742561478381894613159766295854536003584644327657
0.36597831884274704316395642311365130140933353980631106156108146814649724329127822113759042359374511594 -0.85383030036775209572396189449530763642758320874465247625914696557754063401983747511422061172748994531 0.11957802845668347980611667575228283818874467241888921150650780310043160671041456207615198239429601646
0.0016740113505269390901638999066703544371704320315111196409342500191851905283200839086236036827175485915 0.0025289211316188074918911541804677270491913565844891079885191025592042199201696454607591052286922850288 0.38413114973640885264023362199963918694576625412509564168990941369702816903719864476260682877231320033
0.26207423425871377241896527702032537392949826181623553646660426671523772057752215429873957869334758233 -0.10851789435320083594938898495175023306197137516231941096811582321448370600561263932272667859412596294 0.34148976152458160756940752309981543995790283215352148421869601052638378082649736186539024350636443245
0.40685930654146011119196842973126656630933126954573332404258090874632995566603600906345514021070178857 -1.0406644259113960140437898278478643961720548461262690248415957781399791450154120026602452958494466754 0.2139860073041227943037719966989298016843890057410342411749077323454177562991019405350483445486448247
0.16935314532186174963006200880045456154101180734566174870377654539028724899856212522829216238562385373 1.1136764470024743935497276317859846166692199440372365031656218451393951621313387669707785589586128821 0.0025344392884614036239842641134223889418072566479702666109920999745540437173808808660705260616421764719
-0.59612814734991566147958568479396635714882297755397687908936140390331563987936415552826859381588488566 -1.7534885967458275075315756825415423710599321271092777398444096651613770767804018006891720628603854832 0.36660966615096594516014590822897037783558976087148915709351412912306109830484386438451281615818036274
