-0.2997912846499799686077057348768348266816941698080004986015198478514918773198690899345731658266411374 -1.7321149514289299767029033882618195541939979704179559907080074471413472595413757417686938787854866212 0.50752603194528194030073994762160137416909294489202532099251387464921056348168442277166191689335532799
0.94041331483102909371109425863047244937154729835873810338122817695453610107354627582186478171024022765 -1.7476007084163551634714498789172290762603751254942093238353485017415393121357545201152370671052920648 0.28452133351947305095006631553945376603991039112739187408024471325072186704198181622726132952332271559
-0.19327158719858548219358441820257805131724106729413818880459541989077016435416907183264634424025782263 -0.81986857556633200235068515570881911425106957266694016308976169100793454201842234862268121516683993866 0.51727321514956162504776615130500675921133724349730993729617059311063410969022117084382517865029151542
0.97988937250896188340389819756074431368925250129761717291500645129090488103350337894327813202377477294 -0.62910231586279693290603848583588238797683440409760421571284881319034821911277081367034897047293309673 0.30697452136315598826791910839955540508432519363937562046649720081418818334261472489054388211483248134
-0.2183547478700180345832606895255221036175171192050663850213282215430175470296359301789862204077565432 1.2649261137598031549195182432113546104392611458446669667781162364442134433967755025185041116297512812 0.080628746497120696748173811414165011949523489763512133369687599281135057707691985436677167111617654567
0.63445727542512312041123113371775920252421658511626338123152711408633903862210684922375901503469227609 -0.58820122389504120097270523975144184755685509381381348808317408706115658034567717410921484652001994561 0.15197767120702723423357426583348460468448601044018938093025073715213629309921597754709186460111477653
0.27494938312440131106842972834294193004937008492529957432762807643339881529150910879680951991047382776 0.05889566423560443430032477756582473923521394864588542704165999291468694693499808805088245493190555726 0.55134123511097931250727264020531051658590073041513702462356660546392264252842813543403514064207123242
0.11965101221532855120290943295239285536841369867968042002828451717154215771550320954232527317258100533 0.0046719722525602847023545923756874739755575677617582495095233273994180163889384447095701562868888172296 0.55709825570836516640508308418510965997665054103764666789001749720152151231186228878300696234672253023
-0.4036174165197713401996246774625354992093259570310318357843871559012997996614865985905581092484460796 -0.67375169353202615543165277366259516267640299629000353922319974430504475161670431990578834829368889509 0.26449164991936311817251003402578961475939676509825276912074717943842406859984583422277974992724155055
-1.34329545224539155637254809371423063780286045995066245336908180636090259310548550125721018457116751 -0.52875743365891641677336305815781306000052313695288187196643076141197353125432446435561306683446307744 0.20954027501716750785032805478116757280943598232128144567596619555607081586039099950672521860210253595
0.43293402337046872103300493879381164628771046977078327395754448329536607953449048285526184345072480272 0.09902521571760444423365476003419129649377603511218534135860606500669788227706305550172099393128656292 0.36822943776553587682129179188153099221281196890041543566441909741680363136025001935565395021452048032
-0.016408144003785965219435491661715875919454804692688849743517663146013828334999549249609530007862281257 0.0038180614473146339158867629737282408294841222486202400033980005561569000125332177601961703925224841621 0.48113920071306189694168900279098089169119862853434015575304941251183187236506977810499056607716032795
0.22542065545067180843352355110458727928711116133588687591755073976229707277735809241924373628154241543 -1.0408943554590472936168508401263542684033903233231539449805994132775722439984010710359529860289211156 0.46171650266668433611545192091251160875538900566691533341646775205264156224522725594465400332775208755
-0.00059637953907080760005220303694484801787934812865591803281119015692709149689837179546785639171293690735 1.8323797908264168565332531580446389414475259455781034177466689482868989029155692135967041777192096469 0.059743975751277114879563732222095392283135009000376445701075695287002079069554349595871244514078072152
0.46712181909756726928489528268223707925083458346517703142124483825996155190954644435160605255599383431 -0.086611183349278747113873159235037604960045161085465668838545934968603177052266894629585329447999235026 0.41000415820990463020266731076435242740350155312297942808157592392025600477720942352708168951607078054
1.2753679161727376440175786844304360320233798364929422363553569261831301953292812902151058689001192343 0.69062373210988775452013429549049684355613941265737215550640298360513206522865837416176259820842461612 0.3164126781507027414547196881113430390490543100784159419854857660526432056994443026046224100797225301
-0.14232703521884071030125903102471468082210155577576512760076893699900514068155867986238326016091384241 0.25051716819436835827614588534367047333596068508132941161432868101564685089202027339012823915026172423 0.025088139299033907410285953021205661211413869986554663444878103765996620219964089429570176501522737438
-1.0488842982443889174865634564080149484171942935075446837140953855646377865874909872619061087913808463 1.5079358483907476570718695236993078152389110434654863745091491715785434872047878098169229550416200207 0.59643706207438539423925728805308442851002174016256524184240019990054403445819793499413714958958356497
0.16909198295412340254080481355390693694405838829047010397508141482155807706349644789652867938113514955 0.3115537433523742802059254199548436651109387858107246672171934307089597865115963861630963473762074428 0.3928263603874458261606801720588207221680986466848188594443433010139616613945792200949238541107159626
-1.3158938710982031920076944120004457452370241765577179195554408913895825138204661424332570121950833811 0.353579999077453641155210975267527019731515296853265615861977055081460145297364044353764565039007746 0.34646203127780012687656532831970967771118912109994887319234281351922991698807895288203924271705457656
