-0.10339909257437143173819273113702270588783591821538737094663049666890287672796734780978276896847804035 1.4152778004605489849971201703035570625027845982925961916712205498933170946484520449435329406268368679 0.44688296878607418989430940684236989872369021947965047120358778124720762588697108403856066637631013285
-1.5935597818007144399904098764929888540880253519311571939947386067539091151770627760673467066187225357 -0.60508314260223583553642428865842208406699151119847420862641158060761496021341438657511914925983684451 0.50084748884841462636683455762239378587658122635083543398892243278345495232339393843282238210123779965
-0.84080859283002545309592789498717053707926176682462174890345467796561805216183347555882150714262391427 0.31594370152167748940776131132607128643107707066503889767565393137958794082275415198554329019388260493 0.21667503982652846879453152176534035081444683062645579375049708489555709441159588887729568058944087135
0.20878044393472263783575137425001532403137690775118168691782283560955330812714807456834058227598718015 0.20430717235705386881995348054812630888577674385722246206522751137226087915012901350704577994052097223 0.13837302407786770770402519158996625684427966387361994687222282557917593935991318424260925294059495684
0.68573045392124004362083994904378761125698015899137305483413190505300398197978534104656511252228910152 0.61231046048392759951862973200980210737213855900602074160073965834891481727885798495216439392150303866 0.25394464662680811982426800563425433218547510164799218118101071342339717864145740328922987536398178342
-0.58039759972282469339266869894740733778183213430033197120755790604234395910986248732506407225802086087 0.57567016370959192039555074224840138334873113565860344225885792386386210133232407464786262958323398165 0.10198716338069142620526998209454147640365550259953426523566263357510375267103950691611396145432977978
1.0838549233600809538743238548657678123935453840628369829780315634113320602286652205910979855950208359 0.37753887037378248224131173832254197295259629356264460839114103472920329645923855837567718206403077685 0.3763782627340238931865957197994136986473664020733588508849419544122363536594813416593002813428555053
-0.43381221011240702996441339720774742143787195288775970179626865977800130316735361077997245091765131638 0.25132045254108744814712015368771444023375971333958691400362862832484090979280351107402386160755372992 0.5245577865022020267908363224256087994208778806093925891024627701058398943889619029683147767455123099
-0.32988451696363957090090623024311844462019871720560369536697224512768913061649200078380777335287036854 0.76630890969088489667971427820501449458745222089791989372575099032497374357183184208746668355762878893 0.62509515023021573275571173105108254959537384978768131407768357611667535313206752443109884630727075325
1.0770310554940994320561497856467297091469735899411622668447677131348009259431863512751417606634421283 1.1549830125857102096106492891079392975083633493408723808713032941515467085338775993154720293658913079 0.52341129159611190189639935716098942939216365224862043918332347455182160095177254092503895856619625098
0.2047893629291492347062892470723788672535316100564761372744572458010084630299539220465051821852778649 0.95702998142961360326810332507922866343788145584392148570073682141254229372708033144205082936449974197 0.065010664658666372647198970491036241119691187723375765030617901661468526916938782125694467426550981387
-0.077519356130677738215407150013497366984897695800900165977062283398117153557453993368010968553362763175 -1.4969352047239394776024211728486826770338463166412320534363405877719583888091655064240576703117718995 0.22718800988791927548660374190394200228292359720619476289162488282742921582897231541860330500526242614
0.4169080581510080691742870159242291482535755934578509409736995275705915281261713137842231315387576113 -0.37869499373302535210605747057742332606724272537357439657743909006232487677801415073621313483082030603 0.59976513756655578604132088253586067921185420653457115704827125098477044204168363353500114786122940317
-0.1732793652223714579268747694579652041880236381049918633199869420997396463821409576367190276912528082 -0.6312472732826028344050813200146718589841177316562372284562788550172861224600501799602355133910218909 0.54037021791508379170393072617120269673747542630459785030076710203701110880804727413693059863320359644
-0.015643171292828883527249026786214082679846817550096871692846039382280402069766793691850131713961702314 0.10777195690945730544096119715344258787619897293113535806527125693690467927622229135592928300506423441 0.14147142274499678505290286144285026906443694526593953244038031071088146041324862275531899573730039864
-0.13433755549230827185013631855566831537597977877017813180456532977228252106727267826548526551652540476 -1.1009682193804916423596902875209370839122577035099052767057211793307722923628358579020511211144768823 0.16269104819245388404781869217403748041810339956819797797105083987894938318777538034508401430526805197
1.1242594937119307514032421022446639556198253546992049341247786028832805957225848741658358395380640405 0.75889360343802061937337181422682784875659648047338052046665157212550474123973492871931033457846061803 0.44353840087824472048020510237430649082469924071830135059492954069252540869679203838939439771405954928
0.037842448670464902165487138249505776660071015200719803638575159110423318026165627483709136845241487072 0.032213939521404980667159176643736011815190296923613225256928085156540789991699054448567694507999178765 0.5849355680440877398448819655140896721263540469259273986758127288625549845897111395315558595862337361
-0.4816724338417806560457467365480974125200549542457484299690833308949013673600447989978327485151862455 -1.7278871074647536137411520640071855855643871973905172483811575208692045382412001947829007571979320971 0.36805908002194649855500882189839920763433304295513160621190833027295556408352890315701662278982330664
-0.0083947681065431481130968990926921186031376865300692252708753231946189060532102263840728762739623683559 -0.19149423251566931565148424428461835053536042734324800201659835106942431982826957733862165870527261848 0.037825181848090193644806951830210915867255116955163855617265595306381402652554171512191117451942497783
