-0.5041615676473050180885276750998822317773030804667951889099547094353047633518282342486504105197717174 1.2688493230539417586066190781338543031209673699958089716526297303232071963257773315246124536203857983 0.49250151375418498047906454040967350946771578672958256545392745653460073358467642964902896586971783408
0.77880065776074051400930143484313333337746730274489969030748470996752183175410964915243598425110959024 0.44302417299455751866527574833756456026730835780352844915765272390136154355667972749084506637561403607 0.45558060053110893151512534083920881228703373011836809817272862984341504622368342765693564898459926696
0.41953085368265473163796270886309835411792047106379324838686193463055563576162477512600344587189236882 -0.68885274335951537494219612503162297515094513138365368902959455795844650723031949323197013284815386445 0.26907468824993490211617752962512540902399204496803631401074250831419564577535112694594536322838613555
-0.16269383652217162325707156816953907245102932647536675826544093179441674738335977150574696722235175824 0.37622576382266590910007605348703451187085741189653111086728007304528055056205342168343897460492232878 0.3952136667820772578940796337500909021753010929738094293440682069551809558080836970173947430362667432
-1.3077849810015497593887111413710609589466701098445976052459439977353414455538484666819489963989571533 -1.3474732855317195291157909398717138154878234023646964236966316143985776429314975310200721849692821885 0.56617776365038994623268673149930585212260738213216079826705849376799155460045959341721157054359005936
0.50517168539357916762655760703824204962913011072442737180006253098840581082728373090671756046908073863 1.3387459146802830565890130322144786809077140466453688384556060725440192991470830119951678710743473079 0.075583225839767527477012124275207494516963227863056977492208668559727659569402966462051897837982286303
0.12557544115749092195959359946172977591961855132033760961310583028369959546866633453637316644925994376 -1.9111511658196417420069893508770289039648417775671409336844668807553311309842859719157860664867732257 0.19425737250789588352268126194978532732431456088236423726260788472024105452535052135021356581951793358
-0.19498604420055234993021374901640049674525419505166440206121779322199390807827848854815616112594416322 -1.6328165492480090402107543186795200966109976619217857862744709524469424723071902853682017745884530385 0.2850474967568711590369460901258161126059137224694383987629158117317620428534911625864352790219801701
0.059752411056556929183407071580971600039786086173616324377905271491407783014554003137498148061782841022 0.074937198378213317267397491066637031966418923612004871985653067696601011043121384657803096877107578672 0.40023289701794801432525199954826232849486527237218887113380984049070470783704883591326751072990695936
-1.00834920262217217216717150209855464319420585327100470790785866419726796716212873125087967784262721 -0.16765275012778056862846735326719974941672121056782724742280697728479503065701278208413537533628920009 0.30272132416784528234654936704580415896854776461211283562257896219758986122985810173003786492696240762
0.57503758439564356656162972551095765830488787358776463631637913141230963384296381397504233196663152653 0.93370675773052855462016287996870583397410881740676215944930253137013149991499778623955509987919221004 0.48814934002805819153269824805796243483979858198785420177723919191444314164255069699019328776707401081
-1.5319591724315444451866449239396656546196576560254965360019430367172114007850276069643497319983043311 -1.1258483294847655637465450346889016387800912400922039888196693069841622822908581080753884781342687944 0.3197966363972692072756795378102249158378071282452536141349812512681020516403014395276983702039842327
-0.087900953171826696357979678252304207110371782485723790863122330574330658724387148742554400494393503059 0.0013802027964577140044571582113770203016294855136089649971686324049127788342906860516860650482220554857 0.15124836467083937439738863220961365078986523030807591261940405731209073375997387699189213877987590861
0.33061318637789777063199642225577528630746125388770763517125797498215534984983139892156241401445447362 0.28928519668433495882762215799015197260450435952676759204854071810178572339660159490359598628879986317 0.18109365099129070397449563428433106921164823662384228716948369226551208447677573199233621099235932303
-0.16207907899271308789054186690970334387088158446325640310220902683613295599573733785475879466426499895 -1.1273444017685309975293479284986590621096360105240510940613943297089028757927193907072577125230500188 0.40485643113448996933532371173664436548593686386601144976133497774410951085027617306261134616912428278
0.16444807757423429617733492567723902916740107979592766891750955399975801990373846184085878947353908209 0.46553490329349658927144061875323335296328889994411877715292092117735873199362298265868048608710348489 0.44334281627103867064246838555800230340331901351026200918913743316377110944903401275384484012500681014
-0.021549021501359845201535952540110031846921688249842756248481650120829836328276121892116750198632744018 1.4993536101696821354239477968511342187885835022569101720423080421182236519913718606381037575093602818 0.16222172232603782749003687277608576440493274489395536302382632629730676774839332364294365016704031664
0.71020144929870863648247582490814262318361004752037317893494442492281774347462597824116143517635969438 0.67476733721254725511510942478155965158979749638703588683731957535130191312727424712410267408593085964 0.37881504089071632391286605975942793571523311164173526781954997079610496589105234080540069949399150763
-1.0338914521697675175816349681065864284044756615707558492785099167723761254453831663056680610469543191 0.36412001478000157637629935229973886167744589698102052623591310411003368855700685084107919925779559568 0.3875577930335999420498533017132342721235637128091932082154654666428551166992161534752419291347533484
-0.67733711203195581751794420588221787864922367811188269389626117166552084883690681302130440249605211858 0.54357042697542724836619254684332983967638802161671118950730214242789486555437074085062369281549685232 0.25849786683885876576895965353186823810565512162537291131866608662368851586152956315356399360666228654
