0.014214260137611370838715526360525302179340499217941892144452166744606807201628227432649075259486330292 0.11375152392689415190977105326709221921136723080330390131780654573526371757571403708907951895611341729 0.16445949037221342762458967142816604539290904882990921893824559110490821547113373933224275857335539715
0.11785181311917348247032371634757197513599105504337180276079074590988903794934618797006847012278962546 -0.052578162462917467044610255042732388446220531548166110888879050611850990753544925744823149911674760956 0.32930958499467037917175662029519115613717775406835280135128010712820459711398043192131207631417129124
0.13014437975196252130053456161085474895909624236660474026022831832980504924487703021895435359688963863 0.7508149131391049479397863576293424817325593738242646663444459192461233497706612951166700778158645761 0.47287972540866314331758343827616088166127557904793193946737397990107781263409063866295549170022875913
0.58776286731640780344794701219750088600252988723396654909778316534422649422610277462429029606128573717 -0.36023312593486608069387098078379030803632999871983718086935980599428773191728514184972199254257892138 0.39380228110583168143677314780953209622841311908122791553578970881086134947761840111462410842101042249
-1.5247434349698671249443006943545601104285253514857987254794432109345688131234318342012004163997522296 1.1307769584488103334219549848865508723932844226493742736006172847276195770605045708805389206349083982 0.064274005509673307414468779339381515959952969462455102676289192622002758537868261377421829633252879735
0.31299051567624483200402762834536721554533917605422602265446775314111693864455088378004595615014050361 0.55534066312563230292965466149041834465835687766301519976091675554384897393947782251563630936529399147 0.3495972371128980907345162534657805477843285122950980813898480357735748133341572917272246598331558657
1.2710799486143730423385743772561210248344639478645760844611970557374342959357869266352600883015100507 -0.17825959719357376497900888086121271883860310447170334084499710622789576791470390788171324303868013187 0.37540676094439285413800323169278165346145462396909502373459100617089963774598823293779223087994745703
0.76447275828157659392863246429997805034400338718840538112051172965177160852260397037140950315759338857 0.17179414170200640664850982220601320071954746931821519788967424634298185000075840911547163108237594341 0.215690535417243721883418897739288580642176145115521848290863452156602074739083953766644288521962376
0.69735537392934259890952664491085725616045586832404272762286849933495264697770373621308518201597921643 0.29591166577590048399912280244664941752420104525441648012343846327228871172790415668995264654006694826 0.35169359885994702047807524736563992341689602570576909332241648159752917612387591753101832198489906169
-0.74156225936690136799135773921975631749678499920675784685779524617207644795402404129444024358253835654 0.49086141529159236898171229609264927044575971310909458584983653813820754325137154723954733639893070305 0.094893883340897822434489479339027748474724464238952377824371478901952518234303801840745664061656293313
-0.068313010438477392700205509963641464767045951501902484523707132948980569574273154294884878337928827368 0.11949122769383820432278123602340372677241879126641754146648875939750582062709238000782368773252135777 0.44207203937178998190155889366691058805895720844670777416267663745448882552344051122426943103309764711
-0.17359908076007055219347439507075902852000517518659961799646570448076938683979581923630441906697777656 0.080719406210466917494802134002648947483165965787718299372310610971118522693863341040065226514898684594 0.38750004196287042793651630776275636759822784895068616179161921634652262216247064014268610492312751617
1.0482499155653460618354028277599390941651210267053366519852019297873834290807430433032381242665190832 -0.5234344584157308864889669367082019919139253253703013536448266948220128642140670428666697652604137531 0.48395588541997135812030715845947707305979673881887291185700105487257612622159700176798994878034381988
0.019218712299312742925610075735364797658314165656631511379084254254722103274509624475763499836294108888 -0.48253615705766971831543095940370586723127106155432829562072022428237522746051853256212820834283540112 0.064657043662594854849902794156258503861462871989166907841874464706136296864235823894386138294094148527
-0.15879890065443787092450588626347948191109339131139618555109069464277605410076211762802512862182967105 0.29318809720543030842859970884517322150694525117551175103924900884488445150756303294441604972186202389 0.52472721484830284894102596902304480348529397410672300933465155763662698391546629791324821712594070458
-0.027991198313542471516057745137266998138719294075526801006695458826531135681859022861099733358929435854 0.1887719417424693857135545528652245248405384669963034643698885176890053952080947699732453974870524543 0.0095899159250702002349815145781263669868796371401168494341592694782743194527562974702199376006418478275
-0.098305749782676551023433763094092077138209895265749163452939168296568850292184093107629528141820617659 0.081723884213059861535994518338323468764626937327985337412576674821366562618229711996788952910658320815 0.0058899631750564416140997215357918126491058654579421830139212492244716516882318569211649810720046622097
-0.56946383328910524764098646583183550155796677314256426540483577517363759488751353163012804454230640806 0.51122470760667485898552283261155789632259243273099632212898881185301958425518792508416575489891904652 0.38403200290379338273616379428691220749504917477817004635009581219707183355279196333003595740149994224
0.53601165213890409876768509068005810405622187915800399797706070830941572577338535468646349146192469321 -0.18125627476658043813995846746233314631937797000140967648994587464944321001897787360289930730859973528 0.0026479793789092669141365651564204835980873068888515926219800886407590318963275385761615831865915016593
1.6346936624032979925256125311398634942211346031143542763021272791012871668570672450103696703546435303 -0.16452302369363663109869557666880828331725824403538332139063155366439884712574589544821688646794087989 0.15000352312280978358914983768253344928190018138166062072359863487621187151430820990447718440095329125
