0.12041816649241313323228013581731512260920181335723498812313061710583435730825020964455614135130709689 0.68330836985426101143764682566203074134285552035774845387327831454339423198272312336200838199230895663 0.57680928893659971977640619021602251499970405271607683532326830834070730831730589273569725923128015611
0.10401326174775925845408713139302106078879050892103234270419056072532884687138952631409840792778684639 -0.94991652567977100009744303601948186847384648288575905223925148732301359554930341870346983465004307363 0.2809627513209738244844273436204303293185274658171667686626328598588717397378178688423734898876669447
-0.33085566360068310728730455017856773262729490960016886242615891554381911176217832347908899760422944437 0.93554378581624654802801321587015904707980567032633730932953285974796339197263260913994218962469106109 0.15285084271194329350105992951975459572573452677338253490068156245433132919292280582121878623360145344
1.5548243483442021690531699742687828284492092427120019586418178374508326803857086322591595322425224929 -0.02221546123803387158135581399428962428463156187002770759431983534428078113521981946541056592964995174 0.5012781004290929317923925882527646348293196007097167985796143132584552424577201738495112903824518634
0.35798308322356287775541405058859119426811381078409545715820602330067044815446888287466582415079819113 -0.067725359707963076741870123080630844503734926437058152318503668424872135813919682997933766577529993729 0.36728359208111632856127876253965787612222665008232818241851947424868470037233651266887060881672193177
-0.094827105509073566088423164005947683135862205410050813086636420931350363519705232429800233543816272209 -0.32824427196143749377805957845103148430445764890787382733917922215806764012572238435222528650007636991 0.34992292823559458210327561144950930494552229171624976038517047530083759672838032276305635535566100409
-0.56073126085758754816157137713297856419713652875867146640720080560228080359656988007653516306486282455 0.46666637371023775387147135721345131290360451261076176205936220580306486891014804070442569771322180831 0.12423347652602907069303250522722847876602806955242860083580518871740025729245606498825837880566089865
-0.30621303638489859631368537187648392794118414474884085737823497369417743586521681093931354847971005886 1.804249755667513921422781943159980404568323325746167841097327016370807422610419309059995138887814164 0.053771385804331363636467171206660742138912274482266905854585405780823255999774552356326953650617640353
0.053984661670447236472788646407051719680275327985202042296534199088891125281979008190587977353664747816 0.018124086199075464220379643792516518856854035366851060849423853071222761629869273637561894320531627003 0.065746889809842501202832171525050119278808417015217866399536677204695618583594457523768423088246751268
0.73456982676270185412210399072207170066522700372876163567767626609576610993834784816717975107137604397 -0.74177768398100660271252743611050749668932005302932466296411940531136502664659988585924593820279411421 0.59278394898262034268916661396133513645387045879199851798024081329510674670813285358989818025932653619
0.42881860270486652363439999586582416040292285473947930312580668302429431008473191167945866468638296662 -0.22154134891750196356296766829397649566220813951201207636444493316177699968475753098732187764050099064 0.039196579784582288572251408195304246326591936028161351852794045903340629777623010543198195521144632729
-0.72347388176051689770943337857387959953160047176910226051790302901604266107828760023901312565657141689 -1.5074765545984618235199507916121482625786889669545852193325521433593602715276110096929870217212361521 0.020173317868496925521813329899303881132375183006076554083556868401237914483303094156855562388153552298
0.01283002170591685407113180495180064884928956365344131165172579296518176710525002365026352702905402777 0.034004106135529394205873062094317426191240021928270122229181978046166020021743060796527080425373581188 0.59736685873047244891440560145189208728558465982360370554094182727914518024735432231891144665074702222
1.55185119810295065559625318243928961491015695075838187450920380278795455465762942604017227904917332 0.94708574435909885934494245029864574698997574836000101493517164590757297731488626250622194217003638037 0.60194993591346793294310601487586475345974380889072158766577081650484567162215389940759080431034125319
-0.022107748565176615977850407753902062162764133674220320020505135269570726417107335157233566442386056594 -0.099076687176559808837503242357075201604087514427130683449033035876699142155606306579687001437158257779 0.51065697974630234214811440153966942809831276162981694828292774694058336779789651950467053086680678473
-1.4681402797647144087671413601620859341083748545850735379289466004408223257550721753514290366950704243 1.0856429424734792907946399424954326753155575006077652401942255576326079712015344441467076985128241124 0.34554784293070254213470047324701574116123447121413895997420065955132026654079233421428173901959776144
1.1274185662647648850791171498607367665105015328512450519335367125130367531061818940241809079778621765 1.3164295979779996735834618354699397387752886509773974875545802347385571260002584550245908091278861596 0.0041936143661527581757087204088996762623498267177258618492829812088164457793501143472583011773635398896
-0.017687360621459481012835676922210695275623024049241920610312185468735828087986544906949874198027132427 1.438922079344255500175281925169063742258903731447374400236726270960973884266178566392088540124558371 0.10672580176229073697091598553911093661869727444248993194734772792313250811827797890850744892450671014
0.086558405607624902043909263271157370173463733444927578559687638351549472432382494519878434450063670387 -0.098580342055197967464828716663388735172608628718423780074542569497800563724143080508141805970953313063 0.22344949702405454618669348095209533390427968324048056594898171623940122170897941829615180872325726309
0.97303866874747272612174130422245196722450874932314501342305883316613604589355513345902902918209400741 1.6580526801215938681821769762283261772340120765729679174316620661988938338047776103569651713199513257 0.59757099385906702300700941559669957801853901153795576545178119884694086699509607846700923651845227718
