-1.5339017744534474688371187342273960415725148150764594344148531633589815499633917025090583790466840495 0.96293240311637409331870939615665954313948140330338053053317860323944348986743398724652773652570986012 0.58663744118897365982733765559708770235601735810775811336818324503345185442610967385420694711933293689
-1.832551050078934597323508531101419066490919628017777333890111208127916054263994059422651015937496052 -0.44858387344170660567539381191316198933024869223211972105981093255946437744528091866713241715902426839 0.25314069247851445652756968137441409089056521447148959438070858317607518138309200072802331611925788452
-1.7099239179198627215428663405571904870249373747548648225299823370033723686140130064009748695675158088 -0.69446963390630894563313492658473146836235726457709312318053837868919550166029786680185360722912011911 0.14777162827434125091823281640264804469331298551943118299182496462598743186318704565651127505549699566
0.13352848516404894292908197248346590458174304993120711117804369716555837917779157498803725742529953129 1.1997219982812554020383244214964518008071596598099217224891352125373635976371149586655082086493338584 0.58320810658544289447046602661877558854410489042206090462654254722329912867642156870083134461573858789
-0.84144367163296874737178489226441427535327314838848561077863829976797028424884176557684938252741798941 0.42449280036986878228950702348059926965682733401399348130036682390945714355183996448323206518440511464 0.53530162195976990097900413557930158402994191649827455490303767304526350688266880350855783907932416155
-1.8421505167466148854194047786755492563737778827156591606936535401518425391977039759669034027233398232 0.3434036276494165500492481610266157608927959956092909051320046348362387080407929985077459758197062715 0.52694832473357564382171802750975100312830531064354704403259105214422362202389761882310350387669304527
0.20494141373708203657786998460538490710401929248003197401687870992141651083491045702375419282591217875 -0.38423579360116621123377888984247256953206889012544717143622854013132430207709250793088647285358148798 0.55471224932099877530375541688561732161686042197504172809851314573587992995948104649006085028460821596
1.263328488222782654612634137054491506438817174234138064192705656942736888608104593832063139392832084 -0.82425885216450690900764479104540589170485162860086357453856256083219743387061112100561674258900665893 0.07382354748572064051904982285842539570850259221585180651382191520572110071064579262921577030344985993
0.84868998198742307962517866536208454724917184878024128255082037758534474840468847467896796258397968202 0.95290238333700586159371604227413920601789986866655043325155569834223084787028127573005174481507921255 0.30537121402040608744217721586140496060469455411429595340666116554860573630719413414399456990294672461
1.0620957306930693827086555447746611650315889788716423344502949287695284345089815755400497423453852004 1.1064963052054283255064649546598390000893712895287615685027460648845880724345679616397093026431567069 0.29904841621621126932049668880518408745839768085702368319932413610231300049594275932355069422288664603
-0.0086636707578673570127055813368946706935835741461863214366226652057254306379382379534084395891101812396 -2.3041801086087494768107473591165788965164659408059741291126455110850750373432050634008197123395845579e-06 0.62493547005343183457658452330103133211469530238898352252654036208119044104375719232414121268081664461
0.18534904200255985386384419980388280204323336751282914468720342146985126850062536108684214739041741956 0.014454767783169723444860398538633692446762704548027418405560623184508076786614152744955359364552152339 0.16526893024375080534382951934383312949188446282037540972392702855956158244442624591297040936872433399
-0.07480097192705231861867189169000466053442309894518791712914926539055354111707449051526001809407230376 -0.98186644016748537795172214529341405986764519529456681035400475744800717670094149996760929837135485033 0.19059734770461143572447522437256933090649260872084902944964163850497825012217322365604591276975208644
-0.1427424397289385843804815180638568063435416682853752344748516230046727883624922434302653966716968907 -0.055336965572778376785659551597741773349158091668666283701817093015077707475659069826402375933610518203 0.56916692930932496552731448117979787507575549588766222323997617732055633947149339117066679595977427179
-1.3211810516885329900381957545780415427271243424730840524812867733457094427365503776176613884243998579 -0.96952288507479743609381525667316005494515899447483396402288160156403827815058447970609503403794852538 0.28610427054083450402649331180099809000820208818780964166749507687347856466808997631238652163669396434
0.066856536760033772437405794665911286696276704123628236152463085394403355348571488919124736534536319289 -0.043879217421162422017545422959189221944316803162850908243048924929917293230624928729704795159363174648 0.19857072448385013972938914941797065440959826582540326967985094125540489693697320410895792257872344073
0.39660295513919236197633168624309284736679777180727919530822119699520775394535751468450731820245629511 0.56302000605162251360134995523994133812533967289448079880409697161591553359160317258835637754185479528 0.42680272643045309888436524206597448152997526104432678587703109397797672674130215003371070748820562455
-0.014919400723537990518419747444798645692696483362169142101942996368986308967240161060579057629430148395 0.022724155170854494299447847993573118820797325188429240356513032701012260319116524265723462863943837998 0.53628488259196071059702145896038447140930899307614561624208870136640171163627510335262296542515694704
-0.46590133172343115994526846471353329289486171171223705619026473576812002951710876485723647532167877221 0.70347610760057998696835282492477802771688302814082067340591818905650941135202251040911070629655972686 0.0063856524316142209214705476148858620484618067617213723205211809409975896065518336442440440681777367463
0.087281826272837748667205608554357097008190412198924016752123176060995309231913857902441616306770355518 -0.081676728396265781838667761293754005620181952769082198820245249069506895568953863465597974720594335789 0.56601921731605377945484250496163638344757771421668541223910705852311268537440821567946057219258584255
