1.5312509442585813803327599604710489850577776257837607185762393855554180379152814094656243077360276993 -0.62620293318794399263015880900066943136451610857638478304059973656269825309358699135592800826283806594 0.43418243337415927243392643425957974939891617299688842679245029989886717501491997151978135760027640846
-0.3511616994219963009722140778765557426621362789386373584721704249083776795782846599818007531383412621 -0.92625730299014643630045437620568390211410246117144376344715318969091890449722736056940228040609221136 0.096666965771692239931479162930236374771678283977827741723953155275030651655050444166927700233056587317
-0.13416392047473241587886751246203036367499047995104507497746339326846474640072328616412799438858459377 -0.65326204265427722318767428265353112699442157994927933549057968113593540207077871517674506567152777442 0.22375268959609339920318458060295448372936802407227580179640017583719381953886356749719344815063675228
0.71971302634239423367035346703391982493195421083135629778872354091809996116620114493923677703315891645 -0.62372421094883061461208906226457663278574531425645161407841946716984708534642426668436563183514077104 0.32333794156955660443859318219680804026467875977630063459416517562129213057851876701560271842026540013
1.4501504064253736703261317438439877715037743927232364567228214249189042266639943844220677966750812075 0.057917048621700816929853161111086511253438011292118440507033710695082142334298126661285207326989139113 0.46463556721278558755297700155110171768391246840592450271174432120304683628437478737384815283990456582
0.016112627160468035401843971114523594511249168455362663366916743773221366952643633973608931953282965516 -0.01736618521721937455198615127491757199017033319406119649104733000382593821002861328953267717518096561 0.3671742581118854418823445737303167964847631145485159283421737691746143997153440685201285045250223421
0.1565805908480426819822604588602843283642613254937093316498670899457523958960383871667320908968755983 -0.29040956085929112831078122843214976964818462075221768519557799277658937870038081571959822804078401651 0.5856124935403732417407790922902481283074603296858084544732183561691767371237905752676232416379493503
-0.81707832458276768806788184369256889573101236618293845591856228489972642976169411222943841050362300022 -0.26850343100219006606440899194839326522045473897726998693861246902045704170003988165049588244869719905 0.15847927061849353118651334817237289320781553104713802764535801247785228979872467925125699350666721351
-0.076163362501711407607542911220211299689392120534503399759715019804179619666705116213140683781955085101 -0.16717114147791854262582015747624080701025799344498087904232383007721604327245531561258359181455546656 0.57904510949285054551366021605639400862276156029843954933988813139899738045498564280105840622254089909
-0.28515821867665795572700377154591682940906258220019076333643668029936166364062824438906118537879824187 1.9452708113251094881797115267945084447421256343216029022270913231090838489145181951251352059541916481 0.13068041393772523744957328628814115192886548651170266036587743151321814879295365370485745483362787317
-0.32284838158248914039528667316497706564072452958826015891160661823368242151301442081016032381638187683 -0.44656541568696237792411960911451549052416188427393113082042479116139891942003052691237628586240757712 0.27051996381325154916769333975781046775732662230427158151708596351221791439733445546313039476759873192
-0.0064893591121600890817835272456709771426882576590439289736867624039136093152393633502223403767809165305 -0.15562903690139005352481328165817859083506184069973948473402096393156946815539342638367207264357196767 0.31550464093127817771113596318231463095786317401605908040301884327462969321702482473644960782090674565
0.049579266140454359367160598481611306511542588764518660253846806461596965081333313734137865561456884922 -0.060348016233206089543940970255744629049863511934822249269410047875225148596408816875112332390350926994 0.39426973433669133365293567222863031196572956830863621292126644677435943698856357344790152416581708476
-0.58853032897211372545029240749874294626518584699104638312224605774667736773055789735246830183941233883 -1.8043097782879847005076416953028961820081199843862719095485426945231439323137835510548455247704540659 0.23507423816457929101410888049107267575524253649120802972975917438564769783726264672585559377088042686
-0.1226043116393625501425041387249919842622352172641517465260859050890686608485788866911236430906149148 -0.082686633139525703712146477778202275326356348299873548487660944594217398505540295626891880366859872196 0.45066688414785032085794676730089574743289938419635494804930187907729559623170795564585786698550577963
-0.078878257078061994246850921869702534605863235407443241973236175762780895936847776856726559357530351684 -0.90570485153645595404967942717107723728945106642947717838660435859384502616378016559804579432736134803 0.073962753549731124655397356435333868865854493589350743311944819499869092368357457401525737874237481624
1.1133167664602626097363965817983066769609893868723238877901420019291928932228457448017983286054126636 0.42389855819782897109742133356072606675066867919955544079656870333504485253498357414139818038246660213 0.4289082322059478610073098540591962240163842362318694891239371513987417623932971450369602147751884806
-0.63582937492123124230923785034802573636153620002930538564651711294407794825684276393712929226168640125 -1.1653556175193804060514247402211085571865882931951817482618498194594209763234743008286274465040893619 0.19019570388071547115908467824062412671891389503644006513605414032140408472299675986422579306264397518
0.61666742131855306878588773961579611793846191523080305994703240211011528878983398607254021050586246453 0.52057690038385534343040102755644178720188049939183040200270731460589567026028915712367418469921445671 0.20941704078708237851504399345116388853919778532880499388585601545337539141069654490668321488376172617
-0.23669320973757859778284161177016159331354269724086844355245785499783132936104509930256886430228323263 1.8773960837989764003413464972472431475182607130039664324055414303615560216188059549683244436048644685 0.23938283491773865347854675965622191591136158004729515258000119004344386333710359930526117603729699736
