-0.13377380580684454897470738482923346581778883578871816941113796768538071408263977748647946715207811086 0.19785241489514291938138507893652150213292069169318804350116005092647352845701698324875521703366743915 0.088130965296850404700582825980967214222556915654461399047443248531499501029155348954108459692079962296
1.9062912361842546146644312492192161127984138090265230379933153726069135483607164470174463324800657937 0.39731850967674006440523427173113567877996193007170908722409787031336233783544194063034754264771532896 0.25333762513009967850175370965122081467138520583367194247410988885030272549894005728063353166829639816
1.2925934308701875311797337996965126400538548176912583832176684307376081348958707345671999991154619539 -0.25687210154666114853628608069067235547420916141171096401233325540589442185200159320703765762660280184 0.13204628777673635898224769477300345801073510702604309387395115002479402092594860786759784639858336447
0.56941897459253367506803672313136259898057395585448230512179618499236461482928979293448503266194126128 1.0077282643345192520869861213054970213245334707017971980646056487196741360913815022570275001643858113 0.5941728104348579897272479846895607214881099054544110857709993054877535462849503819943170000209722893
0.52782164416958534603908060485151788954404401561583883655876499433274930294398276350795318784186573589 0.86860875497776541288346143743960945387594895890553162369055508757391538617179524402325888526580635592 0.58295025614403802895801182747277478112789967416570242049433534176194949004384705733322718872111956969
-0.58048804881164907079416038181012725667995034988274740800023853101814728196739641845384603726927518622 -0.42448164420090023517975258669132095886526301549071442855282050914570480191329272844557459961341310024 0.32151753087064742028148112804379948989811256300950503982924654296591174786558778430226401987355805602
1.3202257148429049230244069595627388499066658326008119064115381060489819874041797474079061942378480863 -0.88941248570476688054538623696845526533536308804353348810672814410223910171132882284099170243292659365 0.38147231605908676665544353527611794001681283083355121756016793856833242240986359726706811706043117906
-1.5134943685800308494731666028505660508557948177548218798177331874770735333403633692215103072326063228 0.31102036221620809404392145162820242235896492733564612534027828378148409196709273569702357377350558542 0.24554459139792204276130787189297523020500164123987054087168665601259220999672665458164249439216545277
0.48970485395037720350147687935679883629117833046591769638091783210166149490192398489972295344679428628 -0.19519033847231950561944230132051600254550525491731601032270042841536295034637247572827475784265554855 0.41263520266879318418635232960478016965321109752402532112302624357292469768505676477151699122279634338
-0.13729654689387560149677976012997824070391014055629130614831570127596917445808007132392385404844573431 0.22033766133901247239906121670335499291229182332752507211735016735705504443407720008141588908302371828 0.34327802723993903563920574981497830458818763692810684162937386724236486430981707388809103783362627708
-1.3600489395291221479928307523038660746722305613395160712931090318476383800383785360463970800082773718 -0.28557044214078065382811862695820549374758546189315906357847870964887635275064937039537466063829571077 0.38172705504909452589212039090425671437847778873519447782650806742896650320690898866645598645948633285
0.0082885269052554437076584996579385876402656288141601421435558572875318605333121641628200425629973258281 -0.37859742667647109250635923301332209069050044900329922117092366641042263293564185337168694952152773345 0.43035952030599284131326724721603969283396772738104728850609514873118874712201004346358135241532976359
-0.23747950823642644432566424372081536904985823386784578655150736551805502214841367984538972695947940285 -0.021131811719846088666894064708991131687385184677364975450429248457652580966688759712377894793063327521 0.57584933554078097087452613898531326436500615899194009316534146713626689875986099854045559953484985896
0.035881428870957417579573154911951097052613292570774690509994982909801629126347927861122018229478880966 -0.20536572275396559414666445959869260767665418568119983499647818148744631585565082678311585301508781474 0.57888055894775076291154167097773114869479551018008070153313048817779592869459910412562073696904803437
-1.2160835456666388048457814978447083669574161366382401869079238497792934547362401499627405745390957986 0.52621168962732833506056105956250981361085212668932239412787270067974752856173409519703172839955095495 0.088816533692794524247005733687082660118594048615045161832780565420818360931794665883560374039060478807
0.7530440986614308968540611865823735763678432171445075392316536341403476670926926367365218951674831382 -1.6912983792823712882298612787424329293231684987175822874174322958608113025662025198017089507185813381 0.26840503409545275173116332527120540987014914153856619925934084838917893817845767039617157352484959312
1.0611952463856527928076998799886994787127184679056302087453247743290448456428313071212263982905794002 0.070956263507688921106659301105293967879670985031500373276156772441016675872559880695773328408113908403 0.12141328839241668902800756584170651556761940453407270494216563641736326947125731514502100875916301479
0.073882656352468828252991450920200744121082625309060548564784225921160452308495704030029520588047120337 -0.261481089365348459259143499751700585485888648545538853309214323782797661776332357285174760280871561 0.39500393365018877912820956214071571317241789866379976362372056066213049216674935271050731941368383291
-1.6294072746936204068180049891663464391988194272594165739909116110641600444015210182220404235555409062 0.80897816831916817372064643863229458853627365606240778853521128973071047689444443715814306969485290155 0.41131230784284310296909734404996178645871355502314341822436305364513137491841117001477832844352798405
-0.074160197322369792019979783503542658903082071156142229861024864120966759775699797004455137333877732635 -0.056086699079107826331651178155125960878083746576112005586007628306171608296526385098407349303405229631 0.046833130946370269616610648461836212387813223234112738221856710061211162623850709347597053809426346029
