-0.35246306556064422040969921355826233505820464478920774612054551942169637310137725650506096180386999875 1.5075920812715310424997927401946491786369250991477333838654109679693851816368347827451881798356085281 0.13970290423283938530885138587666936623092803270424335011460904255088395154035522986220016185348854257
1.7692518213214896557107207850893073432720047801698700080923909995431387907501587147494073871521098936 0.59445055726747536728972636376947547831704247705984166437025625596180532808322708253159383090247240326 0.49182051803242911613733202471218344514662971814213844608810989746036701875946285819771493900214525197
-0.13540080285617628831643203755031177178334808667983069350260907366005786444645370838864783857283768676 -1.5611997101137591865581249755070734337981239550860253020776642871280129373185039473645848373261151286 0.41399855777487258129746762275399329502807219123591885502610103482842736721935360733905405632268820593
0.026081347625235232414604655811826509272108669342232950448674565691381590009816134023057067734964444633 0.033434397506923474814293409280985519284835043702570148663591937474897460468519754757818129176842406957 0.072645494548026782549624726368123488731236924496779179541775384621047682421686015838677903472312480631
-0.039421055051383880163378850513528346097569068819219153399531389054263424027885118782332588094575677773 0.12525947499691475767036261502017761911608460857170084564843580636742264492365278390266643349404401392 0.10690146297651035111173423058410719363578547651949338252536957228853657158233411158747661115519123725
-0.34591147198382451554933554062199918157499797800788525219846298909950927959439185161702849204208677312 1.1783075737361375306091040636677195734435841861556192559893873629782688439263534557698793507911550537 0.61946072898212836247600955609534000833859554631256795149332914219342992606680223926739551140513249569
1.0433347433132379570272034969379097138597400299027041072948625736774836040449218414047721750390370476 0.0033747643607156597034549567867965066488161646139319141100650733833917396643160507738548183753146520635 0.59493574155103886379431016770924008425243863901434878219885800283430678892062890734975064815406312581
-0.49782232717657678961562540819144474737378764809590060538488816783351839414953393171529353371621455435 0.94141602387171627179838919558080030659046678000925578732526505094261819522535773038159859758960543334 0.16614406514219436338453847566835732130103250040834255203100744316338780065491017806540959948916377203
-0.054678307351812756099453282381323560554490701341742364892288924287279471792395295736758377227589531949 0.032906719665448666482750667386182538261972995943421283564865407681044049585859457204886722428248507451 0.049634948385646230386876128567172918741568260500370767982262057175867908530298259537226424620354679491
-0.39198176523916047920690726498259053237427419006484187405126894233969485260140265489507533685241333501 0.12402719354585064717349818100043387712991003166471035921945306949932919929649056801437768294486176634 0.13340735923883662552128824817684880901141927436008813720086102491572237405936603654308549955187449367
0.099221498269609030391807852171113897269527762843261818563324683143263132334485647566045961524841560583 0.13619390818870007204988642728755056737456708950280921524443491071808217655611162843598441861504791296 0.11578810852398291783423429643586773602445253862760960650079569133825226830761550673835337604398721263
0.48145878813135520087200894030943536648527758606716654721593111734167329110400648947172429301455951354 0.26969527034384913155785161137398632057063124826817727635512415885004645482236017173146932866292300436 0.071592022422572525187481788313849082134272415304664347321741518059208593020378354914620709922816707241
1.6238575049102556208019432845807052881339039452568897076784079513439830211602211884980692375226763168 -0.66838032880003416474845173152891790173941870703408701042415087709843414676278260261253563059454470901 0.61878655508881949353533055249844617597332036274718883724988993005461265541172004635502855780619682484
-1.3036285559207654427791146039688617844397905587923898423851427569253736929808358961403044747918719468 -1.5115295162706398412570774704186063269398055567210600413822550347331543540755810061917842771025644942 0.41363818899898624559233975064768467695704095727777550256853315155314878238279666401541953705886639288
0.88002770510372377424941204076507145603528463019587720957931022888496281941302378441009888400879119893 -1.2763076298054765048312581318527870522771983747223716268190960053192607368903261624975878597575014926 0.48528442370496192381933046560585474037314395558054091257337269069430126788571027701146986675976270838
-0.051465331168979544263139216091784854226565800149114228513448895096659194815944656503444903706499252459 0.259220718749118411083152107766632722375829475316623382836837423096488441994457061406017157478803288 0.52197381593516617002199083587551749479814522097392510846824764299831029453616233730507155617548360728
-0.39489634637287387669512311159011721800389697501086416422576024151431224019461751628317256307466922971 1.345703090810781777035931353130499775620172867579016621172316527536066872493802190014438927499002621 0.43626499797726653666106835190519235528505180972195251620820807407565276485262284368446447184843549546
-0.19170188504644673887582319179508429708426420602083871493665548025309539369771642752360130896101317502 0.69049937584135927451186461244411048261524367003077897118598104592077974967486333659160179243682499806 0.57867260924084362782699422581107304117725746698534196156799226010243853567627668876383316468343638565
0.7537620091380332053605645835684140244946446564562752043178858647713844964154435362752642547031839099 0.95548370019754453907762772376947644227098151660918722472874138474878329072215509533403049734093937278 0.36956382028558406151631209079658393617849010948242578975006245921568738114183564194531084926973190143
-0.54152035410737038491820642521689648043641943293396850571124087985339961515655070473915930077085842085 0.53637083924292327201361372406081823148087553849834152575465000333507979770333222891620158624532873198 0.34761670741178564626183964887229922731329113464740459702451595195978363679091248655307187132884878712
