0.48533006563986144141988551159917314671286853184854848469148655318730862477811004475597259018955194925 0.11071720712683779645361718715377927202226779435621321312769790003400776469701335314242691578457436833 0.036198662519318658054127902641555622463074565878215272200498253667037870068456141408179432125451605615
1.0560700579073738725969019050994055736737446457879895323502409132704572800154011096311834021201917428 0.12347676606211665503775844281926312755801663618863795031400464701756983046699932134066439660394608957 0.40163907048954602825523686964256288254515316170770621142967369682161698137751783674388687420840421337
0.58481542714357015874426795937222520517664603773581820851739216768804348546965582139313695632129542233 0.48937109490507266532620437654251875935611660002492692727526079784236918304229074548921929615381921135 0.43542815320047273183675867234957085485604795265955466332492059040966184559656337130640245471336468878
0.28105579948229053820378534820040540876266903300002567594641986796442569070038330174757113066103300352 -1.1147058547753789885577164766819903021652954068928932347419741942862191223964958783825776006052414441 0.081194588400329363455356055875390545754427703511880097317214289079654009064320189935116267047057433773
0.24490872673982051252420157788516268310117331916028316622547757518506992309556942446936702232172326705 -0.96848959808166947107688122112647797834323212071875219571081956133543122061730116722683162536792284991 0.25225221572088930323288339314539882212393689092026147094013878859398299470973796681795163128470020631
0.66121303133695902314445823863323210677087656577050877394701866641756249177569548719120709390941757634 0.71222357306069087950490132249251825859600832570095817736008542771669397174635792632355244555227508028 0.41390639855066492773576720952506951942290221928376092043524074467798108558666225878655650533886370947
-0.14452577426287619397973049076429651964632341047337969761908503490398267228798304658599381711454566853 -0.63893924805714593950520959769241143987488154999402429578313325910124417508477370238658440513530641167 0.17019343194064401168798164369469013671602767733191925242585443979914420520424365104073808026022151238
-0.17512468424288599834767892159114416223037635107762409321584409309542343680408227456099091105625567415 1.0380024263907385568204282545802842086268977557235393512127638191576883236054356559548996968986213242 0.59426539195566462971955352354950385869286652462709413818063697872158190123967409858121788604395495978
-0.48988251445438042826699164075763479292269541995876511514794431941420082052779723689135535269777222263 0.04611385582618505377467645201774075018935725267952523191088431366399319352638435162144814445146165587 0.38910206038994305048037367024669427665431029112397819410629846715116187511720481254572287484986176077
-0.35407057192959787712015170298239100683391674158638774508594270982707599325635440288261347656846464738 1.1219574343125281523312504550359172535853193163309242163980741051668419527390604586288209012589504042 0.59939843793612918000790332076446431031698551365427317907434531306610603725853142225957262713569984421
-0.17054227127142972493526248093140067463021056091916532754907880490083517399642677118783665487490544017 -0.75447870374316934590985085260652225898630371566625310781722959213947897622042536518439655790921084223 0.57062835473117600073551837869969299566386513948514330704277462555710190935188948417583145601311697608
0.94274866332570657998024689333528611233557942152276327096197290752799202336541678215697687276889027276 -0.010982566483162780093082484832336621124345718472617211029784676057295719767254205625344748041177176828 0.15377810464601731705187964388100427315122097949389393058583807192253364593670058293304342508713820715
-0.58640590019220867228977415561889589871193821008592542891657707586572838297921374534713493772610829916 -0.6024884152492534025366896820427818260351212078067224971955564866961013512812475657366514865436634992 0.41765161032627191496885909917056014577368967258546700619705012027437888361098513025040321508263333059
0.25840833464633397719210992452307776831028761020314861835445457397122771054811652027132701236631046248 1.7903970375003567854915984643255165666686113460340158364154720110386747388064690718406783744650786216 0.44425579554706976412986088544686323967650729861861112117530032502869044858918447196138681764533166138
0.099310531637561189909192752468099002933861538965654005169882867367960999826531279881105803517697268353 -0.038506670672405102947548628115897701158127277411908245677889913537009171126747985043334036595585081635 0.35839703802027806048685189892815686828452208575860746476043933813410516294232132652398447542207199791
-0.99056160265571288485558977153177680586048181261421235701931447337135287925924436135226550836439436544 0.047517889125651765623874760032807248516360243669355680302815421382520228355803307437038045969255745136 0.26594994900378225961746768644493398248455870627729363658468644118685866814297948464971018846979797639
1.247415887270087593367347169176855088141402936008739873115074674691871278354253043363232108111751293 1.000399721478188569260930380655291184693248450783892425594419994464902983242967535111432217002038548 0.34798924912310737048426828996190346880699478110411704270960241830977749543328406355327638997449663963
1.1547210851029408077904253746170963996952724082638494994768018334331146208725344048543452909186812464 -0.52806965707176221867207512690415496739094557818117112620223584636754311133015152014708812305383884251 0.066633515463991515771792314258707711937797313262669415553074783848930261561605489288426321448146465701
0.26520237929912277821759513722254883573130824890295345882468037390793591810426913711397928518016970271 -0.084037911114660506019100701126240597279270178899837810537260623481219190173692351237109074808079928377 0.5124646011063406788030258842161140679969414507598646891797252930462182943775670893227919088553547488
0.4190116146645586187300009515696949504677457091607459901455978179848154263517730333475569840074871997 1.459984497386839655653084112841126291789346690874987421994014374356260033460207978654424530266421077 0.24477561571405926012340330514103579524508173503491362607266380052987373267837577290420571821026655431
