0.15625485360383572594895868880555389374629795040918356770464961617699895039746299277353992986357415473 0.23278437107617904551674141501468884198811082926455286848815070747227722397805017397403649874354503954 0.42281519281767141138318012004512167635057643694385274821262018497557120552482821998572082756808204112
0.38801632186582543968807442397560902374096584154018372067264414235840402156783961727076267699189380718 -0.10794529899135408987546636876655717618303007825279339216519220591030487524566226916424210302929033093 0.55782305156522437281902562837300625189757790017383973955570408100322049435743423587722102943765807969
0.46838216343894454371229496498188162962532456612841972749214217007575397073026321484535930304442128207 -0.091667430925572000640969453487369428496615815025741696966026518806612706221302151046005274625387478768 0.32431597660230266312620293594091294481059424943135554188496275037460129692684439723193500116244299106
0.24880864458412711683981552003886108260599862302795434270049981174152678988594249348582415374152909423 0.067319983107617960591475993558253835406677602145938689829990889837346580264282091747642114950716951168 0.23810478771538816744671159484001674089972398248760017631053551575675215081277182858290954228387589126
-0.12836403512845493540335160484419455898632209933605017918611749935625778072175706034024022913000159232 -1.477673167220353184536841265734581694484754694948629052412416629781244697722533357282097042966388057 0.33616938925995011949366490553024468501456879520501159466341211179096976280304710562786490319780834982
0.00025129874087140162338338163564673169451789169422889445855666289125341799678752630867249932472648209513 0.0032106113250876311250458965153065436542423825701242412091245435317285657503942525827737312596455466401 0.28645838914233830529418126158171660594200928028744131462152411218762642905421890110353619615560898821
-0.1248674202223161013365200349634859056975589703090709496177238798691938370241493055099669513705167571 -0.96570704836708477873444290423555976070117108965394512949867984819163284734151833477440766537745400422 0.465800554194419602167752509055833201132305034886551302933645728898441400053341541738647766250223507
-1.1491899083419861544696251003411065376975494289258703799765042788771761028351095004677754394946258015 -0.7325546550494819492510394227572828029933419142657908724674507289207066084341060604745345895811573305 0.13461791959653308064624656296037754263068987573194008446121314743093153019557513123593857750744125395
-0.80267196528841314624940058450698688859321778051808830616407537985894668843959386822413536880790809239 0.12313554903923073557930085125091828783534498936486363352591671935301714971234285550188720540732468206 0.10771969243913969748584937988764145852843373336667783908183674457066922208936039237100061627320040796
0.016586422802053630205133795840498942765670203394378598751172025684571079448284502887261105955947900612 -1.87321137141482300779102551554295222461378267014343651175262457051699026201008093721228405779253684 0.49611331436983717809386493057120099231199047924132883134379914145068684205709639911768567836148235697
-0.36898592044975681682875033235195361560821788342313709914074134980037143496035087526542666385792040399 0.56373956903351850860768130345289520464769666334104977317247421180671589295341140972178650420185466046 0.42599278124241585846641216213948479516767070497614879369305273882201104363743028960553034447585918314
0.64571788887223040912096905331241390268711594621557449382519812833030310703861061359243911452667589355 0.60980179603970558841424261951596608694776424774111714228431377462219359081240437739791885991441809568 0.49005455796663088842060007497183197776735966778857980715804355527360140751869870377011325691341516434
1.8858524726353618808510492373666764876819215943555212916653160905617511377701133576642301563017522913 -0.083761781924190036744803026145896706912820544026661123898367153240097132346194813806957548998700519675 0.070824907123555434473157666040388565495917504311041690932417380745742570335356550991840067541723689386
0.36897597183489629105755258339006922413791837038574308291326096522736324827228359794944820338253819613 0.63049432935505808529390915437074230741462790600765127957283411967364040893523713836720694319016176962 0.42765470176409769023608752519536862174451423389342359482543833558661579748086415551973340593072880416
-0.086298742093681519199915039361613756026070626999019232051271596252371083331052196923913832132584422371 0.24954219383392243834656906029064986409280671645322483634786966085313762134665415432020888591391450658 0.46234518520832538423084083731583916423062218822836129635970938120210981339657855598099251499676741234
-0.63915143169377035027366076396966957182819440249885645258704208018308558812480588708005014645922073746 -0.50056898517136476962996734075503989951509316033552661164395523535716971085740643339104583889786845408 0.24197947899213023711139511308820925892544298445057305566476222955879100421163416572233112168802658835
1.2942267073755616462966728252063526654120676251319854377776830245076540502356117474578421578838547866 1.4368229829803603078914257522272291488666542290898880204043196225160448492239473231580573185044016575 0.5638812375771604509743543863147636169653763480816295660059456273748132148496359003124881140601752108
-0.51125312316666239168528550963251801844984872625633182096950704551162651519369928959128457739430327713 -0.40001546932597359038025798415713917367799689280967315263026524361277993605672880178452984775882233399 0.15985218804200827311253647207246155068305929032816235954520321956181282514470453829287543581877814419
-1.0905536962500439017482659477927390418497183046717018541381081082980175495341719786018988394091196049 1.6464350755588584734041031307691601759777329798889303233162224077723424211165726280075140030967671302 0.17709727408528043643177136430271088096989116104636182331848450512757103584048704704645981599875518677
-0.05480975550245091592041320897615507636796541306280136408054234772178976991851747278130295505812039873 0.25343128135148191201515077268957550404257797528412744767700487489254606064697688570710666568368911085 0.023051064345461527605018106301375524114004440407035975235641202773142615618651274729150912249501255003
