-1.5026228151652109350970327198872288065237564323410040165895688855168627722995981458701851518593207341 -1.0539228640943553033356465882024762457712850447965876395060394297778743158153615512234697486942474806 0.1283630251898350166295993688556967735818083451717146878957183440334289955475621382623585943638470312
-1.5162626257092281164531512273249776534935269587410130614412578619518508096477932332702367749599816823 0.35927787758778119719245273530911391873109969047619697685283656178882607367149020869842043298327801618 0.37324943047726064940032065887734821518997958005902101525425420222082044534486884199513732829977113644
0.16115685196227396709272563213696737562170129605643798586619872538798953940831969644087562723681634959 -0.03710927659848620123790027148726438003930743781769823554473919972269042457510970761338153412966352739 0.42812295435598337873029485141399151181194637140157268216811719786829026429824565488637461797379446166
-1.7854722631351298977779114555897294178292387147213199078762648353073966471912097964427691099015695645 0.595762663384515787689715589881891842061929582189109228485533178123438906489821009141326264208951211 0.15177843680075415628742928463871800285214567083206309978381526011968015506063300954597359072815914993
0.41490460136176809235592163140744816386743705944607823963828898408543800831361408178863174604366223817 1.1136337365269272207601895564787569541733644319949719026668289578761108788530631509626969627722333476 0.34247132786294617598049791061206618422275067253745858169634103000102424017588915360814317984860485628
-0.82971919001316978987620340785032376517395240585314272071738955993317311542729799055770485991674070322 0.13724607088274627348788318738728057174189614585245559237020581254015566862349046874529696956842291854 0.29141593954509765515980214674952857771442029150645083363347470418048651779755910132037709254075566794
-0.28375640565162690531080487383494172621386048620067408162434757176567561019190694933516783393150870311 -0.045376959518787026406102490933844422205380554311953509754736733466370615118520598439200365720664361995 0.57501369702793818324294183617810285881863031702564364554532864754409663132450285760442365297916715679
-0.13921420438281651297241733210522653197219189295546522782894470068645310415993623814232280428648782011 -0.043516303015493084904634490839334923382885393072769712918355558030271481541948601409825245198321058469 0.60725186735273748892087120372234300123306361178968994509031455005094648316352617923044321085258129686
0.80512681468207087335553442496224008460944458246144094951059394586465683699473116730381784095068956085 1.0790438126238376955179963719049659168832485537703998561668356207665640098273540286468048195475819223 0.58985607490181175434461451579835900607672440150323140562067236097890195775412555080667506722612900005
0.76292307904427134595188376858800207433860199409511205159304658081521520442066315616714706233623213569 -0.88370973771415992606407501934237788748460326389622490117663250979048343694788889292384896867897858402 0.052039434237193938820560535144783356559324067195850753564236804207908468487390524285574596924120944485
0.4233782761628083014577150859512685963493690504949038501559187439907702559715675713308466218632323189 -1.808604196306134878736078359104175834718206410598967183852200017022230180286167767832079690396640358 0.12073823213214540279507718368557652406783230568398866122546068108123498761728091595649588310361769948
0.044194835031934709539164973111519480180853915849735273389150794445183527645575888999257124610403840258 0.099405441521341300305041057050092419736716731134126911418943241688478026207568468614208521912004998072 0.40306391524188196457156099793679860587515050138659942420394426921342167965105032723761065687293943596
-0.49735685974079539202109074032217373303320972620970144246030700616807141330348983607133003211132681752 -0.24278249786362367378656726462044914528964366085218273586412597346309322962704983240664710136724642813 0.50189515872629911751144661938111627062740292301435440669245956019755408837178523528694003413788244812
0.79652813006677309015560096676613560254639976051737097772558403847758754720013185784339841283002673492 -0.23302210398903806335049712335144653971547712307818205777255177888049459407230413332854398352651560133 0.6084425645412623215013314586493172243038407496970998388715151411992608140577837898141318685882157389
-0.10950068153428146451211854219589846899331346530840279200431925285849060410415615778459280526388643391 -1.5728098166113141600546013943952298963917026531622968726254320824323944330797769344299969052410688765 0.087820885427125745876299454897249233852036766716338662264102929069357625652768770713936078416994714248
-0.12480416979223924356960290445628114426432165351715357461030934261080458185721186660026322176868197986 -0.1281322475330170411583130640575750828931047585754541129129495699944614480847060522935596890115292154 0.53142763522891032378534212335151044921833949974845922944991893603794060461692759468642621781797268489
-0.33557648562301186549209607775185826658452615937322818006807524940254021578077445299471902063915192149 0.48114380799574899401513616340356245866147759321936484723289732440533909393173204724380768567621608779 0.16241166083183165038380777217385472939224668907214309575316232579964480101272728780162718795664685274
1.7703300015538845474185316060181864498493482627497315370019882063268562420116269814100982665900475241 -0.80651259031504422682325389460159976999058619214228691386838974995833218311026720939764326347483055369 0.40271623216906138699086976690285407357738416862244793673785601310685008406912929430639880587923079608
-0.081593317706605478476470166706818081072940510402545111299461202272476625781716543988737839648954301302 -1.327913921145702054739696032042861105468595436073571302206077381539647798340982248551864095117343178 0.43760696561018423952941546154913794141086103112405720452447673240932425146217372320037761947726799409
0.086243368187181157122402722045145532627667579305321234881792399880616427979453341946007190984365646565 1.5775415051921849321204082523734634220987517762244175814309928367921727632694172517001873443291920054 0.32167455694330799608795067666610464872875002752673003530101311084850424203164139763872335728261776214
