-0.65566981061566056746925196070251405175043885450264446753032507471639301568407100722352454873564559742 0.029645980721600522663203432039062852449595672962251934623601224740813633517782674226752260162898673392 0.015765520880904265763633539934759539979374665275007432022550786662873815510429492171844944259977536955
1.1123840508143057035488338754893273733678183163594684810880296229314716613147743002529989000049828184 -1.1078617681923743644253415997461761686668223382179788820485920800237164779190546976274507043316151672 0.52764877246353518994937223697356636434673969683392101134449793983604560388873290354322951966926700344
0.32585155824478357684665110610728662773691532654774663152376736342902916623419830870219853925174256686 0.87912751644949791366957174770878743492001102815654732035126937620786490782612076692833252529909257858 0.31837445456751471594512099851851822849262853814057613579649727017935843803636327125098379240201793317
-1.0493759525038309349840120098871998312371639409888174907491895957497686944788149849023368438913779856 0.51855456785164306319662091883414711103625412086891580816748824284072703470827250235099208248235545613 0.17433711252214169035728710857262626975239391709424811262753663180296004779222482305645376286063385385
-0.0053408010658327660756772192137138094870502543719758122164889677665914689335446376366589503015716250642 1.1013102604734238496644000734856597544890262940496239004955684600738150856936998866546562500567017464 0.32288859327505073050224182668335303806880982972317807201554865890883009395060006557374183922870549489
-0.6239107781617936261816160041933765260459201459181707952319889823670621887456612830284311825019200096 -0.99242313689203119726112724023685175675670191318744887667235186746207968465231635854685235599230053712 0.62218039870056492577919236065014567462290662799285318405882131554950121069270632264879954441130836218
1.0726604754136635660743944589484771889328010855224711592127687398366961924977543060546414338272527878 0.40970917543079053423490332102134781026446010445097996210614195180830155419660659517425126782895554896 0.28313673169339234842982048482226613821134667900175626199887194532758306989703902426236011304463095175
-0.5017085107969022703660847348083293293158300757163720874809822536053246450330703274217882268700258258 0.58090606165916213868681583237266754081200213458660504356297188072618694825035668569344553769345372414 0.54207351273136692399346165323436837621388399835178855450622043693017458887465404199932854405351186687
-0.39260312466826315847386498316226168286411805647062438214239515129325999467936016875251090038173545757 1.4989939942149477373487029293696456807444566039080300580235159827377617506275710675763897171856183236 0.58380937973700872526033362369264643854159498905793350896772954073171418512748650373908822057760564853
0.47253044150828250268739721535891765018188212275023497171586990309859595206564575866393593087361388001 -0.75163659271801949425254978946061066029310725371033627481091542654762224001585407751193630890132925188 0.0623573408526583907110761358112057795856324253511321946074776556016879455545232225725526096357014726
0.11095335726117687843362011261249126901622893637806391585466068635227199935811550607396711737015342328 -0.32482295133890410566980228086940484983296322668743734819509175098113098656956660453228627580513798402 0.014173647305926251765450597216638459321737399187795388140004755515477280981172785025585159421846895662
-0.824362933272627629615377123597440729245939897711981819522389171124100157874431242048116123337341523 -1.4381690654564701803740292879730455045851449290422598752653571369889170866939400866798745805262902459 0.10917455426432493105040299279828005294998718528217666291742635043671983983449972128078965436436933681
0.31943712424290612663906777494969768343935996710464357737740044010255356673481450155953440538098815456 -0.66388914842931946828858975398791595770875982359571952510478808132994313902603904941473539614079453748 0.42547828816139097649814405513730556565980173784561101524398701328023519859528935519545981208343135957
-0.98804602302999756614243733005913241930284029116285163630305826206342452583712610777209192661152326503 0.70845885610150906402308364058152936906804273930775987688361306244339394431403158534382171903991628832 0.0023922024510251326717439253367149493173634006825939763297547487852255292087234879843248833757624482723
-0.9651614609334173696556445829553704095713362376363509345228108830197829335065073837026303746199781624 0.97511991131243014464228240333784238332762458625466195747681927392209493957876985037048145981617793011 0.61155243006963345031393542166861497311479899382156098055306565770488977006642482520181058125682940584
0.3061948030800435602651387838547592411557206940855682925784151755580125838292838985413493204538210184 -0.039415431448733000285515231629935017282578565297462584181326731843958792706219628359613400464466379602 0.3175648762350368526611750613527534746275390366270414832397704924654746887002503842677009759133658748
0.1908090278045492557893827812939600513744757549693915272178747482090227736708468565051400751212260746 0.050739105062759916235754994545583360732074993430363614468721074576455183198803715079919715539996248857 0.2176399244997870660204783513863911906627648203346266825473918634232132796068575958121869386486120261
0.24334930720762272154409855217855490501272230751055589427195757806672033659069272306641545849943236063 0.88545941306383849436020169041105168316954701048701601823378338694783458473572732405359102915107702546 0.36601100651715000799211031964576082982810652561264083592253498008836379236084922826183229355473685373
-0.046833227587097007629577014651756704346832934719620809319783245629090732412264100988001535003711490403 -0.017640112831943747084240738873514264904658146371545077043373203513576240556872951251154749474762334834 0.4285771739511426982784696975031339823195349114260859413892391937057683151373994482256109259863231498
-0.32792042153597047284770027029663312506768569348902610777889338640932068582051973522943760251609217441 -0.54778412244190278126621511367353913422099852657645946895574081601210845649003625971089048809660711397 0.13315523659515768076055328283984492911738014651410651992383275794033292402161673592021390713898144795
