-0.0050140149020419779418515348375253254767770858158742515308364684591877004934197433390353983243657977471 0.59852737498238626200678050385056570978349249765822524706853456728037810221877493603190086537516734272 0.54555037093943120422495565892682866872288630863654074075491993274050909658781157711923690988385991415
1.1665861595860460004580409673498904014979644817123844871721640333014745925092573020630011920476722845 -0.83982156804634049705847756834051508141050910879294182679799770151749484883975326856251855805384921397 0.60066406697482747975375960144159323233626179511199942712056827000656538490506511468536376138766120447
0.84462267274098459146938772382691781534091856541284878187907737451613518030350665958994758795347551678 -0.4425809721137209111084219626481780838045431675150688901324733506233730231140278283824137960887660627 0.48429496990362412070230085063637032444291090782474649770879179691645327177819871363505907849152776796
1.6935706121133407339576876696247670348180228111382744253648459525837351638994289367889889906829327355 -0.34915227106825745513584290923085666054275685404294729506021904868055072743056964709776884018057151403 0.17675459188426661522235757534024465451619458458284223541649900549806603806627818606258426931625327642
-1.7869902586459996986040629979144231070084393212884463056728630296458627903203376889751015252476183903 0.435091812217458983820709720794236073889186223111342743421952960775164087587029582654282882041785554 0.37577594604264473487832242950043671738165145609025813938601026755183359505758691798103968323869478574
-0.48849245682575331836449831408807244898134239694719693800722831570787725754173939196721435415781290895 -0.14271848253623934490778925225285681349164918785347236143058769705500561145555831910199271928014266267 0.43679286840755329221584675144795501386659128255543281000430611745357818144178334460699746478378368376
-0.057012609842544287287557093822525470965627108913645138619069485285819379295072124844734210061358491825 -0.4525869007810025248621203614750931068974724279433566398036262221586789759376120677157060689870437374 0.29993494336858815639333476213734851944538805072294996741029777051601968463311221290317000904452494605
-0.2198384397334695794067252284617581704888567151165972259590856028267110995929979558290719452874404119 -0.0021554590592333713037903410529267874977221567899441939285159324941119426999881506054001252602386869394 0.5440180912519133808462576165884904262426722921701466986969926321961856671831799409981981398628241547
-0.90661584830852725418432966697498450185378857127035731751574488187687283373219803226791696679814452732 -0.0038018399933098373137387782147066059520190041602813607178990650721579559113688962267384540773611878523 0.099547569557730489070842930813052686912182549896394418467249635040188501164033649073858128899309387569
0.43004033860664324340624244930939823314454223440187467582984480444579531252285888028014459262803307816 -0.031555513637262068764672027262247575623224889531997427506853899350033947744046970865391998289005754847 0.14654729125189688160332592738667466161883236760829566989346878723422025768232607206072511733847812477
-0.83584274827482478675594650873568529763937034473614500221448206784159143200154396024080216224513015606 0.90493886032566023549324094426068468677414530747184848027093292433368519198015579388972450536644251806 0.24187251023403552456889896644253196979682259253611037748899530072255272533309293668287961930873483684
1.4273770794347379309283598450110251725351856367874987905839094911915587604699355876078762772821121559 1.2214756327068881986589038289183817963462848588654883105262464651140025083275985085047467989425932109 0.534614791610815392521993128731657580956885610441404999252780368473640865245999195341987360131726762
-0.23681733969392312626883855009251683456503716532020297694758936993460932199440232405873073825247603189 1.1760593187378396150880976833393560183613619250218665401771289302707692950297612768537944510063243541 0.13115240101229537296351050729090428542729760917978314138780681573524316927585235147161311690923318749
0.018208915092389411551140850446559839566065815881306808363554066909893425100151449495943263271677729905 0.051935097554479917209308995514015226371318209923093135784054080448358999418704736174809567486957474855 0.1330962689943681003441995157342628896218929299605058406251062426972141680014596343880793321009129059
0.62892744991350648274056793931111176914830807450645901607074383710323703751355774181670626499656364993 -0.25513727339502170976082366815205561713840099969557582938219954113251049089010514665055962200062283531 0.084607947990180200052658059979908120033570248969800632524952001382846952150339459483733448917192574336
1.660087044181462447176546451861442930236091581762272076228241200368372109060384147286359303105089487 -0.054260670377228980426286101626251449849195545345756504530110853776780914566966375549416890109442184182 0.56808961482519574243088408380546425187845441976229467743933460560317086804123603556569379425780637665
0.16895204617093385115653079962973776199354550727673027352535367495798413437840225267310955784867352864 0.021504340321493412464584816003601137083406415681254268152410820740522538007048859465694733805322274742 0.35044410650902683651079322285633603011174541994487295836267210465262423434721757101471831429135569636
-0.50024238525783246225479664940748909484198884374410355098695286190016869144505601814033535616800276612 0.95232158069528269316303236555145339419968661983016578349117896091836442973863436880171263066817688688 0.23555889759403830254143953059372641175248051195173034049957653833197370813306364479862443591589984344
0.08603471323988571754242905128124256163049214852119820648976978268263377946219825617465520160125287627 0.24189529434395247486030443622485778230253946519256583287842560886893957262170569244179859273423695064 0.32483779083325548897923928058414213708500053308696522042330833531958154036385337762814323394287799191
-0.19914356529859222408564806927085264281048898485951013640966972564713085981670892512532817818215066049 0.18538156723363910789216620749683339783777208149614729824066764873398303066874979552527281088593566712 0.58968328859843377781739864879016416678308603276675023790050722333955881729845089771542445406401755352
