0.57737958311297283975144355148374081019369407936578516320396866166123956162211154774277014808977522554 1.7436640880837622060645315144635158627399393690335539068762953848067897958930703108389558436979117337 0.43674639538810092805220212255143862694826967114368064287159388528630659907508955615940650712933057381
0.92480480398339534679805773959603137733223500466348831880289927205234100370769348031217160672398888167 1.3748317685639472326070154685163037914929756915207988935892863894423724155775794277089895180681856547 0.07636358714089315975145561377952875646106429305417147786275840474804168202006335436364220036451975536
-0.26873516940308265340755290437181546079609458589049449346854294459184298901365771693767890896831651126 -0.92213672675780078405928146365207590457600364996375605151683560429254752399160747029074771932319777274 0.49114751027469557064196936867399316791420373287658420182732079873237911786723717993360542895335677924
0.99525501222189877619182199052233449560466580713864795308033819245550139035097545781562635893084724274 -1.1002838878971933076716065110953878164387218534623772235703554416574951431310673303563960334132492636 0.066221963257713924518413250160178720935776800547111688025429060713875177617464248459010656319638097301
0.78251949538823739744260510033383033057721648728285157638094729677044691841398194362012679469210417889 1.0845900804856962752742504626611016344495428740594509439243821647734636351168793408019179583067744006 0.13477107835054391972549169936066596054526700033210979026545383580444073705786123597706787403549913833
-0.36167374868867932747812907605928777558147917899158457197700519029695886819622138064158222469272151153 0.80026262447311200332719430843704139162658414917001540535594643417961918300049863775943419917426486174 0.56142203955555614236061232889640665035410004428133203380965256815743737229367190161000244969681944564
0.89120691597313685851370699993128439016050309600651958147727376292825984539597150452046051916577541011 1.5946941948554594023075661931899028095448885532749667470739509220001881863424824566370161351357957832 0.23925480160478172909011134043359119116783640141571471130483337621469212617411670147487090365134093765
-0.55927344978644992467490217477723611681265462556539382691281316748426484657778313481610390860533591936 -0.861261278393897318705433712397844572640454424784776924006324355627600923602739657709847678673285651 0.082709781619181995127981759005370374950674854340167994274598854657418270836672094081706399739523324752
0.44713217776000725007098210259251458782747716624436917953963397250070412287155025287966269780680092067 0.83502322707087693357652336335273939997487836605633194970911684378603232918256037871449165323441808582 0.16078155553235820390922045497535865089232763934706007961098532152436672624399617407056847584816699716
-0.54138721428971981045797472120206815912060235583374937317964266370615805658701258658991390395660869585 -0.43635873135627116240094561833198105425981732804325177180867432538112865169149745454773956885714601884 0.61042657044553966052905974970466253035747485008238200290070810525238312412787842084803513118760184224
-0.46323027644444470066148965741523283208265006681729295025746792011645782558067197401517763269815189381 -0.3722280968379199744607003632964955101584610265460100448205324537260037874627941794506514763901295355 0.54287441465149039272609414025393295916537760851731114730739898730456269095308820317995928862129031622
-0.31863874472264719524481568340708592003907641196357031848323009214813442272324513672873233820068859399 -1.03316062820219579644877709472853611612648089726693347122400288790696160591803824235069945236429439 0.6109092600500884296503171905196768844625519846685883310895510544946450441606441321862086807201861105
0.38868432049642049400661551636901511965034722807348468071062656368889683689005379442850561178286021887 0.24598625131665127584135825222742830207719187953981578460981642593249326114517673076138896080140327236 0.22146945880652119956449651156662109811660629505707741870155769050176017501866213052812737986939525071
-0.46204679300269748770690257720460850230991542967740627346441235651040621563609571776011522229723030539 -0.061896691783536695034880490157090949617214145382576054943101084146775453611063386829876153811078012542 0.25611870192520820135522518071443646344686103491087412023122901665979551777133779269674136875152773179
0.034806440297835895238565391539242266540141590540173259349674701519276621929543364813162894198950912807 1.0185941589432201015198868008175369505234140179124850909173670697743705937049273173002636428008512768 0.015863210064619408889833210929426737873368841518125706559622586549349460527731201091191085742738551126
1.8863036257737754138122768504280617930851501711577543072888913043027301457071137255706167412607063854 0.5466107676625253484754416516795506429347037474098721864806062509062910294595626460173570038928559292 0.36458707268348073060404782557644609540554415643199343333483371419501830171462612409537862632954989134
0.0095415104760768857886932752274612226691214262072792958764405343018589803716183670943543596000440722088 -0.099373717368247011275256252339507210170097621585762888008808689361213849829126767665516996194459915347 0.49269895751569797736180107045027702629466622723656770382161519047938106447822389017417273091449889831
-0.035787068943948866638351156604531518188998992768875679287929703096110733417568436453439564212895617119 0.093066955970237668539098818426348513845311447443472900843356516754045037874427262942541735991674140874 0.5771381871012010790461719381213914483886165419893335491542248449083522520662455780227950257890483365
0.40256235572165356658980013358605033955230929897345286163427502850591499223938041709796644103265244269 0.33760099802966785170861856631754615966278712860117362408528942436802876747875017251591213778615247758 0.46504800999120144887217264808877743822514425018721115314914368105129956064721167735237190517161070014
0.79945240655410504896799609404486249614010863337172847849363612019872275462267179874180547429518728121 -0.14506289916513511830144407867057106522301015307406617237171705366640132740260518819748469685556212881 0.31749491603572142696453457919647188331812150716488151958234820763124199509297460697479344412642443506
