0.25252398573794585051081514894469157292701346806854682718465538110218070603542084160182416526755472878 0.33158425242582475200060288299443982766095472803619145974804295940084216139426022101538395549432889769 0.30656696265231077131775538545804666190374238367125203078333811338332755584080247592354284657879629976
-0.61744955031019340473089649630082135638681558227198659426465551819532238915624955495101894572922502365 0.18785506821727168809529826799798522674269439630125140198488012707870603922575356044748978684146452705 0.22936347413774304688565872653899126720049108946303293623728530094376445637274575154125793304874064551
1.0064749363125044835346289770235200721429930644616154433639397497684730827789660778619555240276692347 -1.4871605616191352658940609739690647480592743971700088895227287523427024415597356641526112817980668215 0.46040174791286280548981869282099427523087285355190328525599683275030663018244639913828666278121516081
-0.56208922196611856947805180947764228616334400903571504745093650000615074983829107822714184441859178612 0.38547043530491254391407006013488493335418960319823440378180064589681784186614402214811806684366996459 0.25902451059820388315355806209602973197155548153455229003571511282968834560071239515763026933504903896
0.37865803221530078388664669208659050611067212813024099170912152493792893708170655476906116780606925849 0.037297002705814335686215054432957480138984178485787617698016716739331668819677539222338851769471512819 0.14919612448531789335301088895996646587836641633042895994510168288015476251906786146126538750763163492
0.56297823260070655443192092089020199246579069200673962972175886328296997451354886996836375970685314931 0.5662754931887602666081811231399892295551434347538990741229490807552341291536031554755427989295734088 0.42678148485783473477857483065825961093583921244261843790871535796036939054425898512760226131926496068
-0.13528620052413256416644292695772378819656234851230973699068023590000781222316471123170920379342099337 -0.10929181887077397945549718628332955619328516193713993581842332869720092897386884713062577496452065473 0.11531151525778352852748872122161694157680106915775135726941409363613670559143162641348877285784478391
0.46279027000256187690284981068623083562024765111838352797929559856844896446803138405943721477425952112 1.132302423255998940301629584147498296480015908794221133767557376033092714381122843183222611965013434 0.46283276999298038081952176119452218344937184246849228073139880919055928659429864221877851422181910043
0.4931578768487114892336359897641629107971020933217955894514125252134592078962203824032677782296660829 0.1458085786050264977250746905347309615071082675203375572680324957869574732899207483703389252034220587 0.24149083419835887491071032830954852419661675527826008160663153303921343936811858767767811620423876787
-0.43284582285819498617023813137925108297651059126945526375252115597596474410914566037289732560329820839 0.46951617810685718268906065007408073266011477385911661940878021907117317010398084973989044592837947811 0.22402639667315867468143391145688256319347167694405318234736807636370137034646545276313191761155591877
0.34112296937197642471196334538161415870841792656286984129265988640929786129515425419740218956088673953 0.050320378312285014493604494129287653972519115333628718244241267565572410229120044317155322691195784458 0.50452059058461563111712425441024615253423687016315917143063297225571984092816193405325100101746955868
0.10477769673672941373256724920979473895857014825469496695279795478234229134547633778241920781262079847 -0.07612758658114046223474866925304586420293284995925580383399789064925600354029203618761179248244121506 0.49504232511325422916508667899492506820356875894250696226795020686830735810404739043231622553438579389
-0.286993416916052472447288657894854031754772189655174430634682870199534977160184273711775088479718362 1.2608424828175768000149971501975331821074881705680275165521379148002353673494008864466397558252908889 0.28560451578519070857492412919152708257128742258589943851254778826881746366540941098688887714420901875
-0.24321817579451015417492626432974167750701188569628989177632826744992123406451015633072929359528888706 -0.49382095148377698474274038805427852949884608131135021780201628976757394578216187969307857518774971695 0.30323063683850446247508017138494809917607372954986269586190954983144438442359710652807534513038096907
-0.42991677814865919160253790706300096078600770615474320975931793998494495788676049864970261624250194459 0.2920083190662796791810796491235612538667793350732793273504781432529288307332373625202848700980603216 0.37309260266305648933627329749026649527840702357275974099963861291618255202095557898245846864720542861
-0.14497175326827462871028356780546693092388366984332082826387125941292939134642741756406968803961434884 -1.4510135616465116337658439107051275533037568333682338451003838450254356238524434210420433095524130018 0.045052336775818891323014904921686048427488909756166681288759713075187544269571550881642437289735559767
-0.65146651206358492763602498179299544309784282211351394443331525975666556509284360266194632680776427437 -0.95982543767766252517799549794163557128982127641746306807382690257479287336969405620678071321536862111 0.065113646177851700562457230574946031368345889140135373308550900718634565539971482366384165110443736322
0.14112258494251008347461591170016488900749997961381568776299430242680793856519542933205007699412889634 -0.18702362085570700468205632776841146481915452883978762996925172045828211420313607394224940224336996272 0.096674117835485489233334329373182007843357098478322017967646011922239639820795511064043245211804137847
-0.1870551560406181830700312383838439891899996322692861860654524029602673857444080417923130035562743124 -1.5996538358539289872458854120297883970239053878631514406673974641914822153075381968488046796877375094 0.35157366214205832980847119430899470944366282240591682069418561113212808985059719671411279361515679969
-0.31586309033477234591842336150236631263900481653399495302756679008349764965778772216586599123949590351 -0.33989004664599143847899144379481693209756250938539832100156809041889298736778679327816348092124584836 0.39965318786111211804287633408460768783134601999217024355975706008942747177301649698682086850412212201
