0.49081771381387119890513781195644923253707846249806899679829788341498188272456158636591527363962362054 1.910863396076977049964946393329805295007798569793737329675583541410731359565713684998281302787224584 0.53367528508815148471709129846808442371259682400344475712403720754437002056018241237571571410552914492
1.0229989266411708525750413584100016178925271881586015257088932540868870281929278527586726635339563057 0.66870079785227228640709460090124624619236330971711400934476038186655120339105495887525625923925323221 0.29120959023937723191355008897530541303149516118173696999495960012220941727258440969830984394173093036
1.4680144502666086133239762633799269238566834383447693620072187744593434901035983286720422442888815795 0.40995210319641141539036350865491542646595757561555493294852851756923300628695189501454093290692987827 0.56452814997483766294562258634293837706454397055833577751757672396690713102870532790397697694444490772
0.90373452218941611229906606306746277421205393166349022575196431073505157963090724642756763023454331092 0.61340921156333304811291029919126764947954493950053133685341907445214826761905022476231065405351981203 0.039116949089814643764370269219461508342045304631636708005161077924726600084083600322331320531252995168
0.014437896359900630846844162170099827505092225198741593344729363389646076059711152972764531802255906931 0.03433665934262926536775436862946524456138910047973657638796172398696864268847734613308168953845454353 0.53403143413968902899795026873254332189667572465542029479762644876617894748447030908618213003919002277
0.66379675331372165223355840907891406600892344645289033878490166704403768870302697933868645214120864231 0.89448343454978252555115998875943636896378554027948175352804684555108720306666291937855383738789765397 0.2051065815603952361371357013506825968320459408624792911837643353552476410028211608368170050788394213
-0.024294544888382967885010441693856494773486017088756551304847417715450064300482096971984576527282597153 0.014912530816523089439696148735776938151523915641432760738971204218832086196351349758009535029267840499 0.25006799969568461188988654665464409352864407301585969539147978119955399010656226197717522210419247765
-0.18848667643474453649234749803899293727878577458033651235004549009982608701351991019917333883495628194 -1.9821401950914219047094539546935599673008036110132912635768705880188241280284754475264831887827430455 0.36655595185103049839386241017604762728891165322454379984267333376057379675129461949478468343618677325
0.058566794596785361960705705038084251414670294707716408493069556171078951009058209304361907017133767786 1.3499241711064241680083069887258250719131357756673153291566262689500112078962956933981633041450096708 0.50493041042504927538152483723265123030377985000995175011554587316609355562439836800836858772353583747
0.61461545558353417189937441552355609334233539171169617285055428547780704955113734190810036306818908784 -1.6353597293551543179947050110375639515320022238186100061432936921430256274470694841255344019137407028 0.38719084404106771927757979095327394325165734876725099150329932860218707295987452686513291575962614401
0.60341133729838906274977117564547966452037656296744392084911154748715855986711268648219673630964338686 0.21335075830037015974913462952395733276982003191548397584070177500123486353291632954547602585977506442 0.21532213391037858246232006268249104762259331601229291336971237572472975305555290693886787911483471232
-1.6854493360851078149030285205318459854873231009410392357507798263398151888006659350088829342657411912 -0.021752658344935221746330026452279040328757000103498297097881335327583249349044904335535393538871815889 0.29714480677332049928095011006976988709849205020484693310493452924579141686963729895308838875178055908
0.32509517754004077996681012336095793889433358441017713640960601708849516910367562760270671393244915357 0.57916541454632615646571478792194969214585144994120465042121360307503962577368922045644031436442294611 0.0050059363883286740038278951448719189310831623973330152451236743300606363114060105842044826038760908738
-0.34321619596135468611335266150489688935707230044026901443748658802588777362653855390235897671410036349 0.31734372276087894728943512590142349309550088469573033082644394957886815945705890590856536225215685794 0.47038412295325987967106948179517511628607772290509030909102373321287931780617385485179955390808872424
0.2176710913058913247820925729728546177770416971762441909077879881103506193621937870070492517663593274 -0.53231202665975463104526353787835421372884858928159238299072031336051977714421217008180338795694579167 0.5753994001932055829896220153316860167324045101237445662900442412159731045383546306773619603178409855
-0.10727792620480907650857810250709019749212005438698451763118211631876613597055106516119061569914190599 0.28745449942280315368065375989982628947681593501259290111966929767358912237696884655498527865750443875 0.59862539372620930889731339063132629901638686011661629572406539736972904439670505809440154377007212902
0.54524671742974928222395958168160056490364632297710648086884809449825031285590070221044505030121278217 -0.49579985891741582081826904109568760167681983140702322479153543007995054377338886322115668832188808586 0.2652610283522239018121318401669545560862437904854549582683504450342478097259828449289099555889634168
-0.27270837353607560618349532214958107859767058286809174684584197870880261869124956550071832941752964559 0.65092024172165148478918547077481687981315024145682384312610575034878505112470148342438652619725398683 0.29197381261717160510200246178961001711892246596603202079518350201348742844921880319326177001729680284
-0.71514086349639656245051594721797324565611849287212611764626729746015906283229624749491512196518059691 0.46108233901683473235517945255477094832316297669892330895913663342708008409416107646386905656402562423 0.48479757322225248424126844051909245258666195211480249063123975656176110723049263387036508436338214919
-0.82689079687879258566370761347528993295814492008417646974868043829016155621979896947526939139913713112 -0.36573164567692785996678914097548458392379850456721856650513462877215269285108207496429713776216392312 0.49880549787018658985952812657055012738661626362442129100098816096290745402114242218136507563503342596
