-0.10901113238754000502651255415004830825448936717944855247065537180123484173149108412196682030860130827 0.41634011813733239656221713430063634595239478239391096271860531006444208649153141269686845228942289827 0.42193933769792462987010899448669042254087491596989021825345162061854844084898689331342662561156188893
0.23189815785735669542157884630240057756701963308111692019636145899324318322396974915820677397703351351 -0.89619538820708620180409573125542008141520100035487049506460447095323688317632103850145652295438619831 0.11340574118529500576023232573814700078418211347407953980780764494673512131726576053355506007264454605
0.65186000358519955614128232413509292512732887427267727060090522915374696473771819154099134556378253924 -0.45447686199916765846948892392475293584833158474737041464323478010505660671249700864313898559234303621 0.23276471684813606242164965325190729500470168813604358776563248335500879435607856146829605840091069655
-0.50167615493751352419128810703488208957049851073532042419815180962177094125827011628595087723228065468 -0.55278537848043913528661971578696415583029338435388546051066385514439368033562328746674092218905409409 0.20073672298307437206707852810967207108490276992394971799068297002889385073560835824561519284171556988
-0.78188692142493209080395288175139186853905789950839530561419676122103319641789568729772177974071692986 -0.65902226328808332715225335865140264644601455451472339916265515648286261512816201012612486670729222989 0.28555911822371730934583991129863498045726888359660207242911736587286877090031092145800178438572828995
0.13770884047309738447077200544121969085038713110792292896703322525242096552835431581916958695813814787 -1.9389701642862764976828657435092926916153445779030561960124683384042025419093101605821157805530651118 0.58486874772080232574882417478044617698050280436238871864645402765712802674958695187423626641910339941
0.11882246093111376461621508837565841390855767171886266960056840610404817577524071888178824253318176392 -0.23281438295013509073664949629113281903365649627388311479478599190515495087083963075331599644066452392 0.053747869985567049914367937283938300058750893831612707452279675525268066593972232412473492995379343879
-0.76544913317024578130228907862810065482857735860906743973236273178164655327915736636838712830981077098 -0.72473096345192869230112367128623738422238717268368705750926381276481516448779166077738400653545379247 0.52492193988810943066272371354174504378153442393354845143620074508815686463779213079005727054025071559
-0.34994418390020309831268569063668204593488976012201308341280134508105634041808466653526323753458836252 -0.10045468967783726533735585576722954559232328845977172645809685240085553932971763773242030567041334555 0.49983817726687802091646388533544616780837291932928433270983209274413991216702093347257917345815353602
-0.44718714415605601002738468503781455582236043091722667469233802035367923818721564257861922184389511785 0.38621237112385846527916216120928381786841876792481604604952830875436835781618704991115922091270041793 0.20860532397886566226769006172483531030795011451038103047672340178981882732939691127283976568262753998
0.74386376240260989512546400246628107522408931452050372672022720271668522176715210272787780553696939171 -0.52859712847393386712535577042168129674912685267952056664738531064876278738372749581234957679481715435 0.44986524821892996453860526033712464071200217929939588849936452737668653833840610907667660435686106891
1.3410549248137417230461069591987456538760735791958887249100549880988946683935937029612277937884540136 -0.54851486624736000875059985121431421236039044256657363173744040576618864591436995675067457773260882114 0.10998731924881967841212672155163653562032988336507571679230672292622617425991364785901827681145644423
0.32729144867003230173290769747684966228272080412592392624266635309652342904389233937567037341449734646 1.1054002767030411119547482376791279460054315461469388069757613121547265049586375607518642960411178136 0.56951757845783257719264916302802914444989305723857739710296218834119255904618962077850044138406706086
1.7581680223387551118279680311927091742784934235222168488621847292678406546997211028544763388710111972 -0.42713457273588569635668178878139969622886253865207986421980754549669894027663913118492933489440929094 0.50026550068896598996476049867604158544358345579734375140631822721876560890733265055706553714398958485
-0.054735081880400002712594941977681571951893988244320609987195048913310527429802777496835662885591056627 0.22246366103133695456499513497566251192098208211748670635957240458712838820141624873919248230127047274 0.3502963976544868061014666383832729342131274735232470217882223741906461702235415879422213109767245253
-1.5008815618068913254666360858832754544073223706526279462727302002833785383690606342259951408629569082 0.15586677414942614363168665447311137579837750648997645253729977506762408492106526002267226078610219514 0.16279290088554417706872645041684781410735236082268418329231245964788545398383560685028610201194482996
1.3998222580592010972620552267604201153912172701898754214011874420153392032092338223612122010676665573 0.24114478289669813012932821393363169064586119033417927033272620632408667878433980357427123760101943227 0.21998783798188336683978185943256239021873758073911859741470995791782598037784586355127295455935480776
-0.065453920943169584271264393936453346536972834259213142937641088528157455890551430853010950107124844106 -0.54783863992127519171057823548230838443641622416924951938456043542464997813673586795795514237371601858 0.25175812687602235702615114856121468084844246330885461095026205791328043066058619285155229150849136435
-0.49761490928721183469861840226387524223740642464987338661957613053752328397491002071071904762810117392 0.11839738597217741973947441114010358562815204260028571420970438727234509276168126829892846442917894994 0.5724766340800644815180218392105759071184550190841025345332798456942110550018090854069859343079129857
-0.14822938451418890070615004044260994261621577221263901026821711315848288678734758053353330079488579253 -0.95254282000611912391910356059194316830510005539604433804848799985746131614302247558204102227199343982 0.59955316059683951877613439026502991964580234485371364883344608730478198707980849375710218550337121241
