-0.083946396985841513272255915209900638892692580439360902670693283862266303753976873499620009995421764101 0.19136774556853378231695378437140451758266395453804530095357609403973733215549317769963641332529418954 0.35275708311536573621334625702650829844570526177966075408298993403558422362815995590667300353511486234
-1.4953651117570583204475005383914868666299021485298408771039386774618024684555856453614672525741805692 -0.11533968284505479935041995775020823052366382606697424785784691685651931629006497224622308265976798525 0.59774714042060025091000106045851991462203457120993561286358105959949017150397899574732355747410630572
-1.8028127903326731633846001376803847653256614580329581629465298204275919255313590809685704176631174506 -0.24663188046748718642379306229629513287581947049290811507560174807255166853470752414704383443357969507 0.41643041682315341136020403308519467028604792167050535370809984253029910868227010570140691581266579038
-0.760872096906262259453130440921758689303623011131501381393455151326693072328000618821973466533103685 0.61471828914661366545931521202123099022905563631816962911649744886920726366555067794888136429493218067 0.17679810691477711628395271302512422859474465682857035502586369131032671750591813929275112808759702879
-1.0991572261250291512697864037307247194610281675216179824592292800324086920563928431379683846139877377 -1.0564938047464481219278211266016530715836533860866500211741794330793279911276763917063423709115875932 0.24577837338063574780678483320414694355040316606030316783711425593407108908397639628231592148687509393
-0.000375833754615733500693765085704787354094192787254163929161715622794643245594223832305239136264393867 0.10395568512852586390917934172349805481597378885333997311754827886294025569034544385790208033643860367 0.027689622513559461514908501488641363946401989736545650430129091778989206818713529380656241337119134834
-0.15821916482360073849005235817485627748477329395123739117604732375108418153350397020387643363776504 1.309951784798088137627672287628692521055394342714054018897016223044837207225280885914645714313604682 0.0096199717945765484990503907386028885278332401263954832038421575982264422991575490583541033467412850919
0.22673215343287251843756283802496647727581674877305570471785911535752996661703211938556366219485533587 0.6249947842036627147111616261934548315356756612693689073563339938346072521663760270769981249747122597 0.30711510967666641537074802138900488097171055448512237895007762949318695679142724141290005705778095436
-0.19109865996314834556084647771315694108886832868874639784931698050178237940743211611687604792316916371 0.48441750466014227592312465090178382786315560407444668229215309331916062263796242300617173081097771357 0.56637684366278867996911017071201903004526909717593358300757601028619886394736672430262153340298971558
-0.74256078356735809468389537707127361554370412799107726664064409817986153302623283623301579767081661348 1.3268757998214376266582241570122353363779068685729755850686025876086172934565029773434023591025762518 0.28909266715414032266089842625498255362005991208271995523045577859532334324995962300933875909057356567
0.96938225435408046665117539116424564775726584595691805468659956988338891087968850979296510570753431155 1.4998749779730680228888901369106826812743314306815330483688614584066973199648263250865937161961034487 0.056901857939268062319520239662065188352570194463935885958922547074098965295353278214606772313810663816
-0.50510183208416394076609987745467859097540594969975228292143070007104588346187391828981593607360242798 -1.5241285239255799588962536517195005470024343612447655725822566611759706915270712674058211854489512539 0.45681804499839733829354086566499013556219378205744646915578091534322120954098497357912094663151714209
0.43856975735678927371543101789065270338644009487978989524686833906634780689945503014086218337422823008 -0.37210123087775414407413193701965250516400826233697716043136349235783862284737108222158771866965376977 0.13383069847775040426023659687303683860485455615922257843117290494303864694928354268289973328243889481
1.336634109818945668948767474363703444415053030759746247722365815525020369627235961370396083976124408 0.14732639015557013785809806589711039672592334200912157010866603545819201416630175083447759364972077427 0.3126662873025466294540350279762363953998859521602432759821111755906672912037369758507932483965253263
0.48939611246845034593534968863465071960238254600841836738525630091003154481368256361732122437107853172 -0.49243537712618400860257703961232249551806375983920081969375283933049239296785197504802167674687398993 0.096342190616734005382071257874048356284856908428808368613404888645635782897786168953850748212624033113
0.520846630547828642358162251086347438182529015313418286692645449274495409760724012749738735679548935 -0.11313428085420375920866427454038246840484502260886213819186480466230661215838648286474808819421946725 0.30404951196230258028130389031453859257420606188898988535393703423006268724490027657495629508550690695
1.7205882201389593595812646860165490141901598312509916793294391828639179936228667211971670557927947556 -0.29234780141152552917656083893899128370950013462156482848150273860738804569983325667992049979727191069 0.20257275532411208195518527570292565972830551185085238193174161944871675791568390552493645870652786821
-0.84276175065455647416711983765767969379222695346097582142051055084796977834778123697708908887000681065 0.70674352840293814157786534354956918857616989390546566874418214405100304006669748343361621843625803269 0.50943883935427603849985305821737903745150748935133487413557454959169623081169446909180328186794878601
0.050935503559960564658983933405967900939809455047225481402330723174894240815801498905204599855500156616 0.031383614386929265095783661997143986014132881064185715215854284074086952612020825830000110705374315939 0.10128330858758322557813483338452883786850873027767155984155767452444947627131333853218550101146391026
0.74757115516121486188909669161608971292881192302580575987193794377780687523949173688604106946997589379 1.2400405518892295826716604262303971451435279993534518253048420153230707469672695157999959896715870747 0.34571358464324822803250801015302491142555520641016660993896783393525249799217627285583542819639222852
