-1.0679681604215284583251919651152748760634737527720057402533080388676975138250990201810714753189654473 0.83533115245234285382514857783209362153212185002009552273937097867330028119854488972253513335113752374 0.56816572767694293786595790209436490311245286936587626407308763454189550165614826130562597193890464545
-0.54363914411249089688616869275149410561395714466386194231924993051515783819254830155675573551524638407 0.38810038507808259619338168547338095897984658953418925987456408112797891278479712614550144454566627074 0.46481126850905776761910773501062700403365395687740293474621902909550503089468384561523742160374447546
-0.0077264189252348708112257837780274608502927007304697211518782427895815791801524615989415246261518358652 0.028114005322314326924290405460606273899441338373907192067002058195769500229630500214268502993020204105 0.54564460866729861241503481014857852608311500273745948894999854028864038538815687739849369105162012532
-0.0030240730843404871754036064838914328592153381235909100827086222456809665778823356938077709233105952995 -0.32959168393031081645274861491571176970254729201096164622764690746806855988292324298939490797681341617 0.39883228263292001209792449198972277135235975555997064715710785867076298244685226903093836807900546662
-0.69689551023193287664903500369913824544876865866486943106179624576598108415485520516995837724460498412 -0.41216820020894481730088630005321045839343156559319801876437513279413265937951041091534548952225551177 0.1331945582445665903983011528934022680420103862102309078117720005616474707559386113584557844191110848
-0.51762112102994210057324017650329613891163527975641932722333207199445617788552804833382474628273508756 0.62048411373864439710795023189442727991680071725655571352545074998780021886193393426548612174712759251 0.37799576540405444887161996553564974998403012753969667249851949562684522409042056744938278833475679379
0.00058538242539806846254544513722925200712410016268352221072336498004053788324588903738575474550498689271 -0.005049522065623983205475519230538601849592565126443034347544520849759004945167221147249245908869723479 0.21770672165869941707713720538088140165503004777517277625572786073773198336166812649490648642726360415
0.74209654370836554993679606589180582933785807321570172735959593742212205119760501741372427810229693506 0.20629237975608550184749126799897511549404735650749611999853500229860369754013698054495046266125924421 0.024829578004026684411835694102659782568183830987942908537622207216413782689385426450237754081249254924
1.0646317044929267779493474529127711729249071613038289936976173045099217574030578116661596843098926731 -0.58632169031084984094390612257865933862784336954069490525757252728196060414564491006586647182591682414 0.0037692791581561515221726083626671684847965317655514479412543335363513615206591335964502535529990482729
0.76916057615329373992322357455297346709732254597753222311515845179790537814036147062808005336928722902 0.03472935058746397218609478705549587257772968623176134113676981555645340479807642741188374153537396393 0.41562670279839933517600749669458627029173296617977079944251793302771833523627080987622980002398684778
-1.4915058544325537825759225428741256320992969229616468521826807055362681778537775039584542627145953369 -0.25322940150546035038524624824757283822777304631176292885030166271506177654449134788773129951903288378 0.58407733626455501488296672773230993298281995899291488017263385988021741053538256347878149044836826445
0.061254134747009080251832463723344013550842808799019777732926809092652163472398640673467281276982399951 0.065635761646142816066968951373039218009138514729780577634879517468890609415967478915836267027773947522 0.25509107961426043757742818850652258208485696104144020436778498578709948102802349741695992881984619223
0.53104303345157066272319465694280617838370605821889260089983145832685524270722029806127007926620840137 1.7094909953993270705182434787555332235495303386013298857849425703073828374336768152231588359918890577 0.29703521608562035491854895831167070821917163095547813124185846479616283603953872071383019198251321217
0.60437110202773917299637371062959830644208140154323554929308742444326031150929864183026947951075141198 0.6384020179867761538409437438850300433090068445690934043190883369172120644964795737747430815392920927 0.219277145220272934854559526838659076765037971267706347310221519419806786614464383985127005874095318
0.77300452903621847978036477795672445719802104834054226917287651473203753337284142089553134676889971636 -0.41671026937289103197959718072996043834147089514763518896785784414094043416370197929899737605387516289 0.5666510407791249633765324273980266750511382768350436933061335682373422564602344409270682006186476364
-0.37739392875456246794613441130814259899829882745325260585029191043095795089920574700438624055299817092 0.3165015744489748765735352892106772220745795873368782404809619793452731230239267696792652820985056771 0.625793235402594437002977968754267804605177386586118195662107551890502343368488834760607005882535439
0.40055990181947273532074478488456463675662707853047891091106080419847995618857985705125369914117218964 -0.1082639373512804002628578880146582409350985509653562241396185031817324109217185369013715017270552591 0.15446115262800132749281436541371174280939742925678264883983088073923388307620503569207478225106665235
-0.1194744925789020161112708589836427596978879228540328288635133109414285449272620732016445164817103824 -0.051813370800809521021689286708216950687780307194687063856349286896256343691469036342257879300650771588 0.24682039571947999852324380065887142476388859562040479152519511314538607274122773207505754139335960526
-0.10249504103969908270111099631453250687730337493465266404993335347037095612093471441138207594569448661 -0.0369165210552709337582767268821247487669724676562796507595838083031670036732481244803633863453640419 0.23468475025732636143452770714804038612461929766156575823850441234193553175736355019493945432179828742
-0.61782962528379614549046752951773826138811837511351290989925619034441464712537914561456682592637433941 -0.18653763196947938851213517190476401509574054790645704910110764507502892054433020789780113883254542151 0.38069240096855881578818539207108481369004829221944984594836635264850406685638357491654127271780553636
