1.6922726747776864427349680630964499220466148023319124970682655386841195604668192029379816056821917764 0.19934614473550625428275610960928368405735080790613083470974359571556051961234060901272096177654552092 0.04809463561030258716672759716196047998276996198934111370686294095594587813345268903003358632003300491
1.0885766375652065501713172091812003636143710714547093953547071742649693997701588053447888753436860959 -1.1310405260787402141327005584779683250788190906162384531826666139591670737972178339604836494364838237 0.037365634718249444078069332072160911423863425561537595551532475739294119959886156775887206091608898663
0.4306325610246971208058988249837284702163491913173838223197940647551148882570424125426067804565452636 -0.67063069490960370527924481352862825301133760919507528022251670172573523536973567316887546833989732119 0.2858576756234942398482300250384463294983773029310030243299395607429912930015703844195797906851250869
-0.5903651760811453005063617226201841432682364544527284855948525583242633647440832864947382074201598649 -0.60606043074453215356564663534823617413463704470228666809300759259125908178199451702278971096040650341 0.046524141320716864355168242513401227971336278745147989310428000984448096047254258089286412968792645777
-0.30387687597123743895446368222753871124347109513448591473417399237822273031754216124325595649219892745 -0.14579796404781650310481663959058788317918618820169347403665352419524594349851922557722832093345020117 0.18614936609392628879284874885701669321020857772592359936926840323111198700146785814530910486035442907
1.665721538219015152954167018201031892936672674445907643124345326353520566314776203942394543068169131 0.79077268908051056672943666429574754571697057195520939848865321251340640622801923993994764276079120006 0.27738011809258218878695034605335448047387827491055795689916278879878900334971344831798390821579948176
0.84853705919873706350724464317760113362290021972559779586655106859937652968332816868785678451702881086 1.1455727603434967933013746562892228943438082981097286700829939126229636746118072935928156625230644114 0.20015910493266200002388212348962983394572121432334882348515675711206654071058016407632379854354139651
-0.43883517983491539929353626552487457850318500722681785847535447891323560043086480613508799576066724476 -1.1361011115481043382827676879322500575138396392331298017662541854530202768069335740841723886240699118 0.37489355456513900635037987006393644410618608895812182208692851551722376799946781323920628974285334182
1.0291167912895055477996437169330402557222995824547181991734147568634973129055446944230005107403146588 0.36867021352130844081797498906685165044545365250588165350233795733160220310186352380731319324563463795 0.056919378320751925748847794114100672090921039373655903776193858317759983269826954595834286089026806609
-0.29938203409850399896046723386905176339700227329697187758516888854019272564854047159975517458732743198 -0.035091623256002192200317962707938316098752068689554727133978918950069405972001726791954205072698487794 0.59313536506790664106551475232610825073099411709403378283779265034217760627190594789545952958393194095
1.8568351844314683951330461185103678417030974361724521761017153726524324562071543848209335526288934908 -0.6041377870649169179439346384427703601095094448726477082222399014117502037075314815808951098490084767 0.11100451537666156408110208741386398659274158359210957327544158904220335481163909430106708463953908163
-0.13202501025701773382350394685070590243991001836955107953593302996050720242881501085433237098504724031 0.015965497522541572887756664150386100640478517846467610519162026479220352884230826493523354762685083133 0.22526950788209354120167278136576849281297089962457309203638303811386604660224920487590825822662540994
-1.5457938724898366157798605404214800426024726123568143209500434553097310380500816415527701510949541645 0.23766195737773008488305720506552110201978403434690873963244873910669674447351074975174798596980157154 0.49458393484607362484492951295701241686182591916671869460222006726439405668810022368620018694316387287
-0.91839969723366162692682231031854124329264651136692026489689354745118060998973333200611400486287124362 0.33369204892247061834300054788173450948815733690570228665603840364128632196863113206425319605506979881 0.54399340156544961206200056169105048780697032977261431184073436697050123002371539184687043388797003415
1.1748935089881254871519391270140444523772463995809294491692575501046621610251107459321999256856891724 0.54524813851544539371416458514864540627799693394347918968165835271773525417847317516954173248023586353 0.32544487631065678596236789381185252295284073986571342764900456740935602401046429216106875004749224025
-0.18178299876060521364791148187172692988325295714881145714712422165325608773973280710900755975741676322 -0.27089479173198434034220213239338085254432586729019916646523771539476333871640506854295731047673396563 0.6118500027376844692521693225060881981203997701131530923415871618181819421056807162430275406130829748
1.0300124322534736554689978750904920835708423453869446617054033027242703389562333938069250104721810544 -0.066655327429798828303023284901651867571614654142974884861462809028737763946796960567704342610983068265 0.41109940959604190515638846823045580605124016568900339463229150050196718701363242680271178126997653859
0.25198912954242133841117772787843425973220375490800222964886701747604225213066707703037859299181859452 -1.402239468547889314956796035129138877765618012806046289618836010155459662003170605125271568702764254 0.075529504982156044515032920623140718815439539782049356641192143645083405963696859452348559622033524294
1.1589934086849128974051745320779777078973538587757138484292207565554682996875036595497521429552180136 1.3163324692352834251016885117392061596073413854564098494610277753487109330338560802619597340199782279 0.27091075632103107464686211196601449116459668044934280790420513964257717216703715766333144763925848821
1.0635374417130661345873828485181120260832238705939288266816618078814909205860023061314290120116771616 0.77984924130177269210764928263725345333612793229200796623539082142023239386331073844454669750139259299 0.14613366103902533310941024091328663549907119269328785306717089444781936329262656565836327775252501734
