0.024174133475940356194476683822322613159359267993952609194644366960282255631191589800725278821435360471 -0.62309549308681707987825421704067370177675549974247335505469950961732827321186462128052170960491871696 0.45955026950946653145903615231928707580123579267808390450182115474720414128285295347831365886453833341
0.36620640629270156486625471621111896906676341983686159566054920722589981949433853840152339052901696633 -1.2094641131301713461575498963783973457840255817961554797501612137283222614450521884135310822156533881 0.48644930901644768186408535706870552284046459173378150168342087173133465200601059320274178604026989883
-0.47451034986034850613615535751286347990600608686674292172932671292577372975248441529545393687788754586 0.5757731773811095770336783911668577461386118257397091903656442583277074580824397508396267695092075251 0.038932098355618788223775298266612878914271109744589510530995721797494401434288828352573700571041564467
-0.12371896335451721699238907636283033001679777728769383372460154595599296615427935435056957960988546717 -0.072206645026126468267025552096173750344951831668313315356464188020278141529921973727188652821516690012 0.42651722280296188776269635416906017341734946215052873231045651252872156550359950086682782254802458393
-0.66461364806307764274851875915441270553984394681752357638595658236131248057270524373230727178289839664 -0.10700951901319834736561016100372744331473041039425016422636103211083333553600064695832170519015849765 0.53688541288377805626912384065775770283435307212031112700286161623965903140044592880526929513599999691
-0.10762840707073285141665085097390284932859065479805490087933933942419440037145502124334904998272077089 0.087734388365270167456553696272787270859698326345027311887107040126018152132097627693760911396632267756 0.00013597901293573615507572583696305393958374934122365976481298237204369282861995070565400030341992850056
0.19613235527641713327729307311703058671290026981046579951074232751756500823793489106750097966672867681 -0.085076725984071094998001316168371211304351667244114637833381608634739271755342129505062320102934642355 0.34294254417458023232748083085148653987541364612593907493362066891760341646567787150756064147135958302
-0.464499958028811536591275418944968493746128361579151686624184528733712822379934946926185777467409758 -0.30021882565579461975443769007252169190828501675425063251180944134674364725914501802786330544268442687 0.014697285794236470987157927034931542007749920189288418358640901479453820463000180630417536844015018868
-0.68735187321024933160389071491913111479429026964257106796542742212351779902366536082624910511038995563 0.26227965290499426639800391002604395447814974998921850226999175844325658739465354642221964185411823596 0.019643508994986097723144338242391074935499412246517033825813594055477144380185196516705739760758706022
-0.13683599178727257064795627243619344098236518283635749535554362926002741303377750142234536322664560914 0.15106965952607028301631884264886258442032457987341910885991978336797887258093140512907450197191773678 0.29392089814903945419048334201617019893755216063755054510149274635754779662220673880120451335646327094
0.034151469889299544857126370095763577741648516203257263703063191285049551483696751469883147527261942127 0.61527119832741118564712959730409264218888547294176977000053005423816992718290771067044823266334191474 0.3021040724642792532214786667151540443461866751410249760184654303762202455934270763505590669160084766
-0.58376596995201599259280179957200865366593294394654154342990000810282993521349435043317731499768375493 0.0054744110977892275365963009608648161016334427355167008000671991514369143175291411008009443230202929685 0.27786224472185532678633764448629767155110595780084456415608327786537870210283805182391157513321843193
0.33827874345873512681298955803715216428405876246696717250244690885444473399489178685368699093978728303 -0.026860802210836382481064668709035345138004946968186533497257135604507009097446707366141418744172702669 0.55645393570336544430095275806878580877450300496601654784298680606584076467251632511420275775993786432
0.74101044143814021119711172631385279260823288159358045718467192324766852276387759611715818121866154173 0.30271823353807621630941682633535341882083749572759795577941772149813376535857217807771639349681415857 0.08258693758887878420055056576055913148569781690088184209480000266101377301924549075177473637454712653
-0.89081864250276557841382691086560021069079976433063506120357443274145922932162189350293372195974320235 -1.6773303314632651931213175954668397831106469570027708096461267488626835516987745918847486510641888114 0.31459445844893592188208565685706680131482312318864873440612789557519780343663592360882889928105068312
-0.34430086875068216787858449771707324953654034371821478007622384063099621158669033746503113689741065999 -0.40754383318357677754961048619554000318878042781983370988200056935853643273762571584067093768937597481 0.32665277975649187774076814275395800885642657885641910516705617973265739338272464305855901670083458327
-0.10410507797579730367482161588431275047167094356935124568119198973486817056362873674878525470606373033 1.8413433014019185996914682904133030667387459783166422900951571951634973731113871964283929110152103415 0.57229445845942128357392219745875995263370041085852794405783806044990063474743474534988442199918179524
-0.25946622680503788236036008917543449047986788780639804109816435939832499871654925748969298405969069786 0.51074621760996281136233820829671323923925548113176296521808113723181127070737588559409272259564347711 0.30690484424936904475051408132535202596154047362385622961432575618071987214130492551288768711251612934
0.76753185197381992297374767422635435334101560830164988696277521254409985836388778481335426588177085103 -1.8272489538984002978745933515317192193862536084663588958455505615262474573150880048533392165443388226 0.23117402293577731054840162253914682165975481934724626737123003627256971274422002202543376796501426609
1.5613266977244272618112578145208177352577063599292611883427760033760856204115997782990096120937703454 -0.35281374668858281915494315202904993838055317527009932377492556978999493453422883807514809933646803892 0.34385613700107795147444143544436551526658011547091895602039819349033189536843224997900390710551796435
