-0.00043490324076229307445260291150929210291621061471506592858941961000692774815516967821857442607154535143 -0.0014262154775554359035009316508399466204266640954618209613593083444150691133007838420379359229961494624 0.29141021258827139451644612267474495191711351734594241333229880871915168936307536525118418412098588698
-0.084215727119121990159035834072048873916502171208287953906594239334713195036635605667221393420452846327 -0.040528825397123108765075793245293032426975578263767096561370083466295188745679263951747195699428555206 0.027535764166580390181808082891898822655729711655875175058724873204451981435507637910024109610392237063
-0.2443300649583351547117136391170241613406387429198277528737284379719783514821409839631865189578437323 -0.36898392472571428079475012457380517346450869367439353859153396398695560405842059254654039260140614138 0.15830551917780715928384040316287856932809232256966860857278917557614270686677385699412710214228622144
0.45034436562487324526606125857214610781036473247855580661404153025572701617434083140936210473138265949 0.51152506335185879471584404423854186168124218681793433113025648756723417159854993903776374912921401167 0.622207183901487249664786375753712619131892500310256135127548606407145410795855870171487809692920496
-0.037929680939257652272505649113416294176449132409654352670599976773802158338300623543081874073271694787 0.02490331206253025667637799062674211963527778117959071525530352773300426017174421239946428787934672935 0.13705375459933279874766686356253524861147359313691562327212892858146197661608060779855704977308116222
0.17917158221268309321688673116503498174645805850540663822159943968605739870429064393066446855914591508 0.33668390193922482261506820587114802631604584233034820256360533585632249263262017215712416642157144546 0.17352859247233124915560443089171348787410545593520111216156150087572359503235899339062550012013819144
0.1476695139381692606660370480936248199022287898617983234981532214265463963332855626385527886344513644 0.092861836262578635735102014998325752028078920728768294450010648720426617412748047082224252034691018026 0.39172871600526039095432985675391616920982186628323667457923293751090900580360940339358436171640317204
1.6324459567788550232367982866174892309418798604394841061311830160064456865959577107234607302794312734 0.92933272823835695957729685155849601836466843518046229798002785021633245753868177569729027373616923137 0.56048455473829475497031853667847030472851911052375510092510298340090564676925950021924578592463046149
-0.16392324681178284173428783866075700044170983282854032436112503393867256471635321239893937308452987928 0.088334466597808935400759211535996331112561233507190821955344088215580098013907573107786513098179614705 0.455837205616214007034157716053551125550065804432149908154342053104126899594962774541458793986060082
-0.50347740174021270744737385382753041148201889790408617788523093859831473489498603565938054689484113107 -1.5533255086156931519842851087689431265004473998885166439125674417238344717544086568225514530066748763 0.40683944604724675266070294380474468073322266843933889915022111557643134554119523052285531675680123636
-1.5032335491172578721476040499408990564907345909014015738082787305265399116783160628795164281698531 0.59930841879061231700731468041266205942768611777730486138371198521631965994973433054550866068784495075 0.51037300740944694983057340852895160757226788529338919644660661991918965673647501210624774862727314907
1.3267755204469085803301220637061016481060028574005326234255964314724631691109830913711121424204003133 -0.50525585632274652508175711361120104364301269566674682786912166525424957901402415446880610813492288435 0.21783697478223342465646645618865218967045016120942769261717665561967617296294702812281208988859976996
0.29774809552905160713214695567763299727266679657467740454452500666296417001378358436646042861592932613 0.78414606734609817249536597559698116274582794698688614885506797819661786705379652152386972996297154892 0.49928512050501304394943334608688973210958587880617591121191090581630147729705962164154864952231907426
-1.0668319767031389289902079792222424964459652122624301892966227392736675728287565018155863875005633674 -0.42367705410697318987446533901649329413974622106592153008110537976640669033750781396090431412419029175 0.19133955683672234742705609638497743723164896507087908768701131816397454331908340215904677100537146077
-0.010957444619774784897046107642649421867641180387303665783306128300398415922583670656283108625728210266 0.66001898946019187556598312501058488611384610972070087678143610062071491384871820114700012158702190054 0.10165071991230220438645351946134231986261325960528766816670382907679926377092458753858184254277766114
0.04931171681653277696828347876129128539773570291387505583859319059561144852501782740182491116393061526 -1.5758217894204867000039377860723667426120445529252498568302527667059525600085854929277700890887671217 0.10625376060053834485002323247562501425562542603565828119057551294446554775498574162399863363204840588
0.0080392702429119324058550409304301383675851751421522484177707407173492859545047860645047442671531740123 0.046312322398252922325398154918612750127121619766639987823168929338998190211174397781525422900880838065 0.32857651547357213662834226910767181463326974100742486700000587513292039281216075485563930599050621201
1.2043706445616675746587169756461630811572552961824861915965465754956846715887184568326836633776083542 0.78200440579915064494391371345852931565580202977472247726416627457963508913866475057064419290559419947 0.57694948763747324752886135480301292303486140740666856087681365989490556013570009554413847579502343214
-0.75052292592336712141238002301170820163837246662106093736519530094552548554624336179865443020854960346 -0.12590247848555041917458298290562060700478654950722645638178530293681792604476250279199783431796311181 0.30144279228981823852517524234650972041401477765869360261646394565301709214744266328946282531625502821
0.06344204263111910045743158596690109595266729845800749377299065515542055685836790850605173661463133376 0.0052182405446811142193789659324197047166266373998065379064442403268586799251875081318232641686346707176 0.49318063710826789659996160687725758511931612803913312449198165956059776607363154638940175170448594109
