-0.83097204800080129126365909086780695131279945861742379552892967948541395202132815719890937105846893386 0.76436549186643865557367309544800375124559358580121561149868513603950652187411624537788473246545923001 0.54570683276794092209774821728814622687957753429665166039286297535535382934534546887277805452253052417
1.0075491615541184626044167673485059917366511114845996399317387113136284128581561212093888638831719907 -1.647336086419517872791660212757811661855587674320598333411057476847898988701162273828732950160124112 0.35456984934771240384682657060640836389036479992702999583479508145543048480872767562865205502245522393
0.80896539671066663657056232794150564093802528484247755167222579879833861884818470197280089435811018016 -0.079007439123063773035534942665360781650062196005863103622715765441496661777028055734333832505594207986 0.45410247571926705251034296860299870101359330447275080172743009062190788255438334728500260105332697852
-0.024576698085691649249086576257229737627132915162341522712868164376560067549025012447643142048188664122 0.089865833927932484168813695786489454174529487025505361157979976445108532444398975789577929114289506253 0.25804298182926993964592863412125553974111798621735401064642494059192261043425624281800520841505154753
-0.092199326665983464447336169415669984547339245662440535127120776622395890128403674919658921491160310004 -0.78379787936983567098839662278967507241817089329875371048589012889213837209520557010544358554936089582 0.3083997035659561188265337485395077704360538588758364462537602270715359262172757609043106735934639224
0.25035922996870512277568504748350020083211474964638344742693531189272284488106691271980828262321946804 0.10064024568708216718540884958214907147762281162663723463126674986944203237925639968352033033148300332 0.51502670285146513962013532349977002266958356606306154038595287460824469058158985924990933618389656033
-0.25522197007594947319188445200138156550981280172961715632682559012896223238891636080454347213499905911 -0.41341135727069093599187512607042161244249506204548437128693572758594900496916080802690488377059339978 0.442805743151030069771684216964559521488482729338592430912249440256310948688532398838808365208007122
-0.75171911413706385935764085009485689189772347310058359678952344434464820120502981807246666580932247034 1.4418201209769604339924000260365044911377133541029946270900316504651349819967619489817006146906520121 0.027434308790769119815443923260906751153627658199156267330928288028587580418911576720413608970058940403
1.2215110966981173750132614870408105882099079366702075425008581231162930698049352813915947010087658954 -0.096664930661759991776342065207467616301089087331207844385339368851981826581531821969876583836512944088 0.57807748672805166777026642478284288874666019091554255178165578252981604125359129795511315661918840209
0.68149532815104502015874289442481878701000133323282418837609703192951782999203142856057178842880494864 0.047097979916586096634446665208315472978472670029404859441759834048100621305532109472941274290472591558 0.25333687596662110956243430431952390542975782237529573495299915063965017952859482256598435484617183744
1.0875127922120268190078506419370779835531035917858405407111249335301876722050310754861280268904614742 1.0974650530261615652760077357352276210548043809858450893475081049691116149566408873920268950786298149 0.053008630814869926451070282143572464715789645077898840865105945218726800581260591803347276725426614927
-0.19894835984989632656234962071789373204990567905323817066778664826704621964465896634819521290114606546 -1.6563217122963946610855754432634892542699081959843518904567871185096150892789195647346735905625949141 0.39477515288121787871896183796386337020655920951388237330175065114607080625270891675206500194374445971
0.12200777422351036386585441708799900191033016095674131054530254319176369531833259987481440935056101601 0.82914490483512635208363736527128706564154228768423224434480179097866080681292173390232720182185534093 0.44899314123310770785444429373376413734196696268367936545040534455822906460211007413861786994831938429
0.1882018041925053272853407039041408776661251444008061690577500908882784651140345982185441114100681784 0.90417200691580176127876435925886911560706363651799128226415676398656230385935129626054041412839745692 0.62275863113002611714308087365572481912899122995445612930833176566070775361086676249764544260013654017
-0.25348652226483051577705326066722802924229554043277425779453397236858520075562313496031108370762183326 0.016496682147567893677583624449371926545573029948993047382807036396625532078757965740605789367299278567 0.011954090363689749759838937389630074717883484294236891131596134349697144159947901711653094691382500299
-0.080827102272088862686658570530062829584458910445667068508169394056011942292012722571306797431346205686 0.31025360430221719164752112085337752358107765658462210939269733917784195688423073085451231185042138045 0.065875893024224492218080711219453446124855159792011556099638072579360994595577803625041886494912699793
-0.96833051072200079500596964679806052123474600922136682933788975498341530274309818819832155271008371897 -0.60483036507799510662666591470122734491090402122966697979447638911717042039433107072569344207276883699 0.19341581472676853097483514960719634534177785245530554026289975253863429400353685883612493437695107591
-0.13849545204966874646431251580878615072495792664143228350606502227519153892334353663623054150696550637 0.52842859171684859758056042394905679324423642277670882710914579816287672971064430150217803813428265696 0.29710277936253269731868575356418987117832092813293801047965758420013614240558423111177233744414250706
0.15605783133580114411917594759795287567948212126266739122756770890641210589433084586546953275485502392 0.36289445452999100386652153104473179927826877818049164966017809123971871175030092256439048662059968018 0.43225177316200899355060804849058930076351294547553215528068639684805870280025588122714404235319635019
-1.7367281272592668399955241507020327739569690084591758507565054315126574250221728855589257773433820728 -0.033885432802069436991748443670866923815261795834725008511812014284534960393524728221503291306118336671 0.17116292958154207057316134002964672718577351074023828096209188011255565925038166667046191912587812013
