-0.015716279934793965012450163279629729261534397032218500623786881939587459804806971025865966886160941361 -0.35982635552783420737098174009273135052752111534166141232183276801294197797756228025083320126118668054 0.39607743628749753675599649881196628222509105294829547361574196760995702183748121396799183572631432694
0.34923114739559869723557117319383305860132986927315948770995094591088570195405442656592367280625731215 -0.96709725445657113618035033971077500820330216320310554498092957758208381839498736754642047267912668084 0.36525461608697834845013629364406342998430375769140353711634924520826594176064339829655615824573690009
1.947040553691137573796148722061400904643680543462492444946375786433752279640314169673065416228216448 0.019803756686561008535784725610778430537877843485650508074839490826564751542027887469062846616341702902 0.47966771973851448699459040294817405795297645836683183041303373723934607891523129361347481508658986352
0.55467552440459210205164172014677939279626546340120049476756277765270505872369733287744088009032898995 -0.43608355005696584819277892636581221015186554492682367295463402629470100224533890264365749242202483275 0.10863573326996862677429017616037176485038341260218334058198683621931080887619902161318676215368054071
-0.18479213923583517842382378893467997918908906481662307519148301717235557266236891723512506197169145219 0.0046813828483369183862896503055381870718194438385046549282047727875204487266084743841400285799182169761 0.50189795760562272935949477894627576076556904631869331050143904623361552178735785177473750867286991783
-0.35299253842321834203768921922939521209928217836257234394307006766148927345373322282226572287239822977 0.97591602279922500434518406173072494836570410009879767153087964293344417178799233268181679395987430514 0.41644959276185453970833173216278064170557301204276084986618126674934849979560628410879863672360093901
0.051045004643214959577688224999779350397225373515344003058429035781015165975075812099917938064769040315 -0.029545188580952486137839952157526478188140750184998207350857294367677893916712855552873530388426629414 0.082721864781544966493754454332914265363856433795293518095854105858443167590506951870288205429659187535
-0.91056458386629318302611785055953024225592021525343717343820926121489377939819288862396830842067768269 0.61746917274910050107979934677133136208008970145829359746760684789257613049136352424355324282006361786 0.37694376695349849316266198703636741819478880039662988835413553489478211317679454190934226333039033893
1.035905630020071382168951557196300454123807026642750013339060745546459577009912469465194625201274941 1.0821475410404967424620341326913690541560257652845973056492690373310165662109854519247305817259507331 0.57038208123150168525213022051520723572065423643736908619061169504946940729705106111653142076526966664
0.13653679148227259047421931348449957701471400455590155223716390520715958725204528719704317807406490506 0.078382082553292891055934164648359060690126661811003854385960113532558059032342792671506345636147760178 0.53049207941093769485166593571111406499642037134563876170187547384996800632144752343862378388324169099
-0.27589018104112276713329162138871861473285237194539888030649402285405336184504681327861544259994827261 0.95467596080844657865805611191662290561428701218031312672624228687042140636268158799192364485252267938 0.62393624697563924635710785147402045744689726991640717254836810565432819063590419466117007165023315024
-0.30018870991326469441981308831566522304419400633003171207959711104032046640706511287780517713205337671 -0.12648967087636178847428210913971207115238471244978231749009943056002297333658323609902663419162777189 0.4524912223829189067236770149993761308590857107512997894040687996213573549727357197636529219545244372
0.87848158545169970667907192370923047240864890143663877053254510051769507757925732267005426578906806577 0.48537748889037946040960251274964429606870791278105031275714434241826542318318973385276163157769771695 0.49808875731538110614034322211528599697765585794514337199757466183222304945651627930773115719182657947
-0.47927844023638059201519583684903244377848710758873980596301547652604447006041651024702404012736165206 1.6854921862911155140909826824641055144286497422121868891599757958169103346932579647834424081477688906 0.11384084440138110992041604650991323438102674754634321959476422110112681479120553323197994146452852192
1.1908441320095230462729425211949942151783449287506587127361166978253981115958796106133139595348741567 0.33702780042158283383139631427413107899272619986920854926799209599117966430954907214989603634725380009 0.05645505125237021733218544985710254866655700341435148367626455875791503949571613000687742370271924985
-0.14078792184446165219411369373769316852377709026631682096577614235582467624304027038243916603062395679 -0.073747639818207723915147289259299638876869098687741485364940659771128632273217097441987848956968228381 0.43163419505043894346293446618502363038779440437026716220717223588775856675137215986791916222137420911
0.99447123723418398731301983787547186434023277271179127232973797824610148196466603129688080589556479988 -0.82803961938831713534056046382367353380632305628152069827841722025038780044216773505348849572028721482 0.41628516925435372279096508452949637331888015893977587502289214425973898060132998818965469374246293582
0.77610125791497878758417084252766876965457153239582229661736288179333712164313014602305370829948791454 0.39795282137347988466061862496422087054655488582776371136652533357946625838220533961163772958352962328 0.061336280360554358711971829604350157176368858682075478377586671048875826170800358418385337576102362591
-0.047026232163330589198711288957651425487805463438690400321043129964774150939151122405636135884235697481 0.076147022152498132348144309576559955299092316351776254563554966100468990927243788626486024299118296806 0.36712153051789787360223418557479843550075963339633279734303951416795696397011504233797999063987947781
0.41284088620518287964157649596611947861928009740525609551616931220054776988743804865476203116513314076 0.026523141493074419694431095640427945598342970554497715284802182349365462578184887344105413186423454131 0.35065822031152691137731602494169730410136950486717231058438491405884181388973521403947688625234556845
