0.75037635002422613347459723134828383733624004024568949390594714867878061927398918670141589750373019485 -1.2248951568589434194204572607834858379848229921096605460852923154980781238316914394789765047650339237 0.29044223543204375806450133305551055878719187151452300577827371032012168990935736679280856220507032077
0.9779760633184699922013956486268702740808851774167665063151952281160142058842706033309090561360992781 0.11631464177126001031393195898591746809203509171172128997567417661727322894647707673015497646937411976 0.43277443160330188713944795148740973543836918392966164822641088475567887000590464271407568578592682574
0.51365118352859989461588994376735192717176658947582293012510961692236343521298040999539938948075824309 1.1030781146359977832507567540112799420177660120903921192223008563094805369277496430472238592773931914 0.33589103694832668790620654403367766417873670095443834939426227290964505443071108082129314749520136371
-0.89009610050990119387456843301953978712767826485833470415192623442643160300697606411010998827748003736 0.034961687872892836059187484720648431651420993041116050426165272003935091820193627227880735416017053677 0.47570397152780725620125198332352571294184091543845009140036890095545681084160929982542509409971497436
-0.14606812795105819941797209011853603554696998228988495181881449584857197774131742865902812013769807539 -0.19250894897657076073311024110221247537026440354338640674950234500606333371768469335731163047890950145 0.27284064976514416976273026986697456716638153221336632089162968700979386477026115801195579576430785764
0.89760873700378103324039263170261947059431388784883116167212243317460152050038367645385177933877434531 -0.93488723654724834391837578177137389714657178486267297210010956017187049733405834608038290634963310346 0.34202286101181798421658451024321983500942452783581290292956264807274678003164427367131583542114833222
-1.4575069969726842883504615889017814027133091658027526235155515459212132987949591921758905316519046058 1.0784419330060794845626970295797140958949917813174965731404476419755475763353408900215314109109984171 0.24030217337912545300988307837014419950861848612187217663589764283451286728451637343355021368384423777
1.1632149857119608772334841135666413511557819732119018805047669007477096627480997085034705678293438931 0.70763666351343767411562019850309049204165218360564514424588021470881380848761180321819342236908133265 0.042795818505994004661052448850230717270113163572547265270271137806430075215172285837032243653526563651
0.046426426259894019050986936334432755274707654551822094945838900700078856092768334525666894145690571982 -0.1007401301657030744156112351174388398026361095795411607402022272402336724175145965819069604678430696 0.0016982718337033658997733410827573098559272776553665241255979708079493478031019557281285444955384394778
1.1443357712985177173163627801213003944266843170891118706133775010578227691570397524250348447453190059 -0.89037959089565396793719152468727262717814745222767087651905394302462796588289525378574847060135522624 0.49846587002933429731601073823605699104826140941151692818539501230077208103067311016822856902078948914
-0.029895806144775624274235013888881534915197558264074734403184770626868801880319079170843126948457129996 0.60228218494611985092105813046964310551716563072372717087396508533765302828010888434434720164007009443 0.046207031814900941195916516016193523518724012807477154164137414525537903112582860702441368966248678117
-0.23287059678389972187896846262296782606690251996041357752443538911288077659872489220975015643225563882 -0.012780642540861895213923664428085273747302076488857312248304811791074891931853686760497971518710840818 0.25989172973771059624767329501803735339326406676115688488939444489523964163437241389140356527598502037
1.6658857907255221894262329203728083028808145508518619961381960105379650608402939392279084125851687392 -0.054316123367311973396579937979531490035823518959572212837300399088950658940787945007532168289550318375 0.094578678472472860362066610462024783650444204411780983062157653808045776829010118524397973726028478512
-0.057164578703780410770577362775970489131846392716735960135052881904965793784759928455500819729647580896 0.054144376653417237498437961219786451494231056525446919069488134709456433508637424940162373379082749725 0.040723619183516896014323255382913415754862877944712985171627763088971928075093703865255064269824790908
-0.055428526845248580993385431019158417377388859267327176239472934917000943615444869043913431048345719952 -0.0075905788376293701812001716503462821909756565062360896229818135964610609059717032940610905360644587573 0.10717285070684064167104877048462755403567442483640457978010102067171342722488916616035787420239431628
-0.73314965239361792419206182646640666182322278069705143530043196088992623842817022742753285033316586625 0.83042081612140152008327570494728419262188844099006564261553199511172186186710824141098121793406055204 0.19066238227818232746273916870459437069746294679169771273933704534795043657193115147796586340664639029
0.046721604304301512408763260976174091498066091142056839510806757045797130253151599035229436575707654754 0.027433272804918414041623291337216659122057055071249257923298042793960998593816140532395748656734086755 0.47290389307359367260448960302112746953956447212082990615983885837455008758741920807520725516205597187
0.16979848200606952854492485475540811123378254576259139236451728017118767170619909506482951464925316931 1.9717301950683684782037586066374364741830249661494602369771036959301809642083257967283248429323217975 0.017398768918219421306229582318723715843895551387929310456295797263415220316004729786930200790253981886
1.0927248509828274591710296987592018853142826727585945764790467665469258754882004314823927782525927855 -0.97189831507097770188843041191602997975895313560026642484542552863113970260269719863613042219042489915 0.41077463001885370756199178805981935797078855759820084610377535212966942798530176602689800355058507652
1.5513911777489341552615636871320087850347705043311303710276705330656026713436669339561022270616895271 0.059034549444450856050746469714623040510260306883557091730003827895580750295312549231467482694512459403 0.050665004439804600953949284336474917836086599284028724062255887647872562430513289056961094900682635955
