-1.0700295969012336108489954999453765648575894487802303082890918019522897777323761434819097796049021817 -0.73370466405649917288315629362123468299016407584113068133312101200201610106471919946872804160703138302 0.54240499497970820695280498968766557179606744600984085095921871134919210079957167578984794807887297867
-0.89940572239975016983532821559195088254130940610087964566278155978760029552413604697540593386795031229 -1.7094338233226080521185861266687518270263773749690980272890410300009048706570098248741444425805480054 0.098359835210079177606061201097329248878701667978562389676201729774823875933637658669558893703759997582
-0.35063511391635923565193907382472116414295155987385664095474935772594734848389833528023472695081592685 0.48276320518571634568698479726318673958641866068367291132017809834429143556186649989673211869531982505 0.62139510081862864626487799880904621891253929100673489690078493370356295794009802980860170827140496464
0.44075960482820928211059224289237737428445826893553988430437283736182986598059150498327411929142654151 0.50378071297633144520281363275762193048267621975977907086926767478579006889098100813214106289961111525 0.32309345108269078480411791610696011863942977694400938778976266659742578250939223328298174976517597613
-0.4538749132289099131878387052608412616062825358396599665163064026277819415996165083002301122157710011 -0.68646237441993548410367477211361723371897842954218284219969763598458465554738422559586065384651408056 0.078275128231384730540995180409874731787416515952665910810571423923205528637500563328620849232558305713
0.14786542118968265942001798082835733983952417358734157404531830375865178022172590688655656200998579058 0.620599353504191691408355939620230293698218654044909392270110104952194868371392799153770744261662062 0.26962728362067502997495780589400934441122808385355505743422333956318907093930065230605896702217377669
1.3534255640624852321202526568059668538914215766545572574152463423327777274300285810649094767434881925 0.93680109232267543452669613981872196492059895183729324894817733653992127371434880491392414725734825178 0.40778332700735334207847480505245661958004072055650664131215227395202072874576520978211745038818508801
-0.92993679544177114337233193379974633750665419210041742543139081811472419443576790342406184227246922454 -0.10990096243022294269599633630428811821078040958952562753812844672861232399203197901727799711697660526 0.55289971164657048160648542706364411335980633530118952543368885517308536441612955199521187723989374676
-1.1118791252976474659039674875745801079917213617768512586049791281462157264689830143950602597227358386 -0.46753263831179355801546373489433339062867167055327855235064080631073823945378037003114628370319956402 0.25629207664981235775913824261842596973214597993308163373086268001419764138053704468846615591278099621
0.043199989750559574861228654936433185918288448740416532068490849972456049472829504933733105735637722199 -0.1233870084137257631951410046255517051102625773778704075902180785980596743195498213744515034089436896 0.35514584247190200179361416368949586330174422527204438813717561921548805284731753017363295268771710434
0.93596637000664718865619829521947079121993228834975118993885047784924462623539845947344851530385744696 0.98877308970952797363825236166473678847088548558009589510043002800883403146266138465229162436934368017 0.10305448419063065240598990362847910894053370650998714614291129843199753219367736076670999381318477728
1.0829993240862573697463189032961357098850111750236613362461272428224810479869447106667493251065061305 1.1658716650074023795041247327171942883933946489191632088207034413734530682111009435850804342195744275 0.29515986572481313629580048683602174275482656571439104687899761660926396130309919012819846121972846993
-0.44051067945986534509766616830950564221386879907714688172149794084414817620777975292837628892550324939 -0.43617793691655657537160225736871678294572641840413694460225004633787580536481579000714979841593367722 0.58620734515632882621896102404478895886736364591378466202644889909410994783371995094166341449532875433
0.01245122042160034012235037438518532036186123915399572107528994379548281519439710849771444099563317531 0.079141602638264186693308644500679179156227432231506898898623802092437891666540543392959135910064237254 0.42873587895052654692201390792330502284248358377572206837765347198800432814093057367353697007079205249
-0.078720336119370316849229726833380087091335575972476166769666382045991192270618046684312424557583976798 -0.37984950148099632469073258309163766670251294007716299484042171103896933398089977680417713050405552414 0.34240476246829030406660930901918837146081060515480142804474495420459315259464405076677021263266876654
-0.33361698761212761625068174886959942348566106004321725987846627550346394091950258172236454763547391954 -0.012172110068357808939712638963505398891356234327921169307435408498074795971024088645766258889145727839 0.52307901626014007213196175996892033369252681585696453257704938877716414337871489270711868613051394881
-1.3548192271815323700087547025792104681724283866574392762164316541459051795437965895180037537797876989 -0.19519402210822153298438305668515591598733036313994774286477201723959673050592096994916886051884757958 0.26346878232337215205137386515631427830766300353648472599427060599629509703328840682008176288313161876
-0.19911096645737448995117720634810444868199592567449828158444500634941007039045532203619825401658730746 -0.58374505194710546700315731663031126709444473857579202694099539507993318537117273394355975346144680321 0.48389857254338226648965841828519250766588509129397587473041617426878790378935274264146263938456339901
-0.46259200690011838006153506396307072273314927783625167151213161349416007324229550946459222358634396712 0.31873217488485603212316347131447652516637482973843220213794368854482821864517087407377687505214755645 0.42598006892680616058502030084502188353816274044283862899216880708454417123717472615710962583400969819
1.367363707634745302444230038002658232873605906218082627535869275393829086722359183355939331771837779 1.4543558790243549877681094656384726668131713893731962899367149201168031724729167863080097439578052471 0.40763648348136556741649480086082032360401275069321447756367831185944363971906493875459383912364283882
