1.4197267849668781596598354962505742700019426061189819797372693344615317762954391332575519962791992013 -0.24214254786742175095589846625847407681252197341411655190674154972591155640002739548484384346801092855 0.39188813645813838297053389306081028763305753701219386552378515343710672958973489300170322642078695909
-0.6042438373232702182501047728680092242728879760157420170317799940516573216014046508752966834778279067 0.2223098363872414474680621775649716369244225571350365417866149710341175332138799250187383198286291202 0.25602448771688878620209959291570726265014102984070979880428564459974808787183461181015241101619454547
-0.90992984723483896421844748575676724656816163704400558849779217647233426725046439940633552734770946703 -1.1655393325904700368821743977907287034868946686304707799839656948073243510489419762615021310505196882 0.19501243538520222309168341788111668888790172534956719717819674895319455601917341314607872892495259399
0.23449054608794767425382703872249912150983020471124374918173031892770083520798066024383620378117609515 -0.53816456122368890149450060057652413350133554720374197138872437908139166526830249787509246798700485507 0.02402473477264997067853743526355180830125658105505916904663962990059078891399867860176387139274985421
-0.5980941472588100271247009484485711960582169148300627416296288713436121084811467480191524391702348986 -0.058818770241850064015886121466954832792883679750812733871146825362406568313923685814490502251063323894 0.45726155951145479662596124055097127955844773925817212586109669400933445992541536544596896566746853519
0.5872073483919952622206070002496596823394234687787317926144939590561669913551496455263427468660756389 -0.6841623894667160044554360902409842261992927280210195431157984079437329001725776668892670114929060796 0.5120868632046414840288160146993334765718253829554628768244531823406868498251599936782574832991699849
0.92226023485204233001442628961667808382531498523796898925909618104108837934013950803623093949688118169 -1.5777429782735470139679581627004451367818852508354894915742717664729901344093447858334689503926650467 0.39416054726513698684067223980367249054139887248909594591296181390285151612683846524709467618116409298
-1.3070576332773232101405650887589537708219285731829313531622167703517636321682494458503475460277979413 0.025086953636587263474776332819540158588189742961228460018089592390393066800373213912127054715555982599 0.073295274307058520839499600524355521014047506245786134878411480268834303521329268857222071576680692446
-0.063011478013053434609150325042959109815007856627098202848693403095523897954173225867064474209788312736 1.4577247443935461322017310445343353430581325496635697691018133814150199984345917316273833654078294197 0.030602382405228960800345086676302826803362149476960889843581680685658713275245772809270116089998172065
-0.11104381591458769112858861716267079521374821104178911127755490696154923737993965052007269171667896929 0.85772441548393340720772125634495930580505091762606545363241720669701718107445178453338968996733228574 0.19923549523447204675550588545678523096782376500809430934719515835629592900539760786104357156043870065
-0.3658815241439730441491185914260759649697526189006106242456537203902289174207083142156187633614963654 0.25474283608945765453285070957213713599544180433697390534093904004195178435433589372278679076146407148 0.55852386338588651004328864699299252516303547345881629265365137261317759248852991227753164603655591625
-0.052487686120205950121229939017739921200398315000768799150106459550848193797731424914921780938674620979 0.04123303643295412428835773523488384675388935571292296571370326039155767658893358062377592598443284405 0.21296655613182536870885345490199156527408540431965985844611471728550758285744660683735273012296483228
-1.17933494961923190724099939435962100040003712423567082693380456498009874381176413840064417991062104 0.68281756015911719634426011548817095231269903966942248143828810299040428082386033128881879932427767253 0.32930245681736757097642658502745345256768305658170577371062834317034072752022157996390750514201680091
0.1001103616405926192755988676707328969470696324407633555448198991076978833171094497043546302449529964 0.056315878001244651243084680359400370416589383163825021211892071201677144433380153484468903374093411903 0.54955757757658663693511967294524361014626805451802671368281542133343176636028077003921640528547651356
-0.96143828061199047058031856347180142271356347843873600552603274318599954267634519333351925581031709705 -1.3936789573717908732399933639640251775989651748487932261320171996875816436015470205347439933007883026 0.27109057498363862655045661831856421049021400653500319178037289927058345128430104752601674541457098903
0.034485258922860641351510586171173312894547523980221430790116938087576518758685404638412355777179526631 0.022698099118810822854311491451405846361460932338126085229066069997067958661728024821235819614245551458 0.62707313188037429671145003557037842133582827486420651763264391657744241188784532981392325953669154229
0.95461224260762162149078676877911650323383430945512227711934712498210138130683616474090458359636951294 -0.5364708341908081740156250444387709925460660215618613818317443781633734646235545935100028269941296503 0.32476470942725645902191268100638799795342218383883594970758386076474540461606174596394877807026264148
-0.006075449865530620197374597700179400229992916746590806150963625470523257349660045609107271466595825326 -0.21283101803446875434491264556952277616892581119778884486309124437446779236433098049494067459786199814 0.06314848168378363558813967685567928649105694877123310441800643888695103021265968237755112056086725927
0.96296740105302737046064636989608590509770126635294362555956680079272444144702698136061312093662477188 0.39547532704326461408244961778231174689517693845405783162631335291174734786406753940945315262790440984 0.44819718602393277857708918090475301576410002177592578731436983577347509418306550946693911059088027145
0.23661414823924476008255044236187383557871745957293575434735747500527184917658674832155894294256217221 0.23236279509564406073458051230314893502602287739804798349691299723398080930909754735359277821996801587 0.41727025997893886939069401046147126168924658736713836216466055389350212631477709581494324567825606651
