0.309646944573700575306735092035880548671099481016998731580571963520718881431903869283192744429659676 0.14765215712144206074166918035247382592288749894959464685990493336393112071206774429252252812639051699 0.24968224394744048227323179715507168789252509973254529502825950838199547609102694500369658804122810079
0.80578164185273960913861673154375694370330943962866278335832082857128223924050713685595266009023020512 -0.21188157102425052806711900980752432823498883076981188538991884432949656279752658544950181287101439033 0.29500379565908231714154228472893960860845854329540735870116177216087347679975135696265511721431473526
0.084782911739149805479024718023508648186704339856712015631451356687157885955329268069282595195847899882 0.81111695765799873226697216421124225014139260298407154263839583818018183134930022493929757799273140038 0.056701505041966561821646063753457715524260253710591250222191367764549704960840988880725406106018350252
1.1851646525400531593848453702743198969823609738514808408017450590326518619947505364081564960345763674 0.50248047707227255702805322989033707150809470867651404234870635753146982927115948428343344972955528727 0.14628802516980937402663421511834134325331343449497942114049520623423911581327233926843401232399421227
-1.579585979201234971282033262450153262748768836300775347434316483075672069027539945315118854476489324 -0.43825214065034203516727036137189882018715157511503142628158783386727734370970808165438348279971435359 0.1343840294446055547775669283736321782593100447678140757967304167461023730321452790472536757636583919
-1.0065852506425887879382317360089629139160006489247837173242870801059546379653446207223314006085750881 -0.53611085539470215111379444954219755048239527212705661332095072990375644438973422472480644961563896214 0.20586460848463121376341374524178528514757740717610550993416191509325230317212936655300658042013964438
1.2902922363714019158124116244985665742014365481847608610965202914694937299289532202957705650223523132 -0.46416824415704075601441056257708204415512886856993573031244226233253791903676133182612112064831667806 0.38084540465466367123590331053330547823132812138008550270693327935810902175651753204182535260415667024
-0.31443802272734270868163899034868048154660173505519361836180695240216023880048304211033405728887437771 -0.65966008960696757800194835867195443882611679958265465613280978748734681824864965734308378538683905882 0.57576891404124691303539505841307732141603055481160949504383083338274960902848405677007650040882345282
0.25888127904722410423323522806243173035264155228449128489428119789146156251352650672878571988174139175 0.27360330647635743097690103811786524190907586116983107757828057210561291949578074071082570759561047731 0.45057714337315238676247675396567633105380108980851957498430751261091747308886128715085856813153668783
-0.6367147068328589429507598495423917679218511231480419098874730202180285486511005100365521653859646228 0.31487270507685752215357552478853440115127441889004112966307759003334964972224102673884039505272869913 0.16902406549591001017104476331720450587948472103244773391624567228672963120071874773410101427349706806
0.3819764384960542859129238279760497807821821026519952987659768424369583629079304592588255755469305571 -0.58233625915114288275615164766337643878991917962623066854616120372647306443216568260248505370789643419 0.573264672782293910017234681416691139750357543631235250579291586389548935120266489585790733142373963
-0.52610315983867655921582694206634639173508295117716474518898963405840087681840813256902908176539381992 1.7555081277480999296146602312205661619060211072392985895760713630075074855344517851919702332091896544 0.61129759088503972710469690249468334940291636301104166535895514970811506702645913255382441943552336563
-0.16532114145310416390564842855055557064789142464370786955295207992412736078448227876475721431626202152 0.22199547726736916833074879195838597707321175489470514938241350017117829321834422724634790256101342823 0.3768903737177229622532558718978051210233927916989678165040890267997844466168330722037697262357777248
0.12859300829017914104898806266176615036735795366394557291333371950284758322348721033374758888802553978 -0.4418675354512541068110998932423710879212228060317455603723626476652598008445522082846359488020837054 0.045713421340626851387964559665976884855689582563057401211571297635536355460162618202152447000701685987
0.2440551481853856142271591617133931737478912917982177909791963622993666699023236364507161126240853315 0.11852128243434277558384059237420456807832509040638373193884113158926640252289784791432959490189059414 0.48260534869841929596100427192039256094768207193506105980242351343654080527285787033962738623790927245
0.36528702644545426334280411552651641427076059863814845062475779143491457599752785904422730941110646903 -0.17160073577164195891208595630485332292124526858037338003857561664050626206467963634362808821200439297 0.13095263667081038082541353814473441879436521263744825841208812097848094387921289314719193705410061958
-1.9480675331382133664386351457968496867842068353914098675889195520087222055350422189208900282530062711 -0.25930954955911316330993959873962155595986773795021416898724289952893610101996506785131327882597633115 0.41088233069135177694701981418206922700752567845019793351325240254980194574632777849878868888706650254
-0.18818751429354510984722265190354309811646762464916176800163576130558228214994964971187178201282802388 0.076615462990956528929292917512114064000325855881848789494469845938541663641801576131995353487773232316 0.40037757281279132429653175335637122359207867429043614014477146497173880272814114476814281098410727424
0.36299878601618429534547949923148389079808544020494165917256161758594833177392972170418749814873680544 1.3821378710795268812098329660594918766081368802429362457112051641936292881247276337121824210974288192 0.3091965831854881656836229973627721025638370123294199872859043070037151943512455125105292795483263823
-1.8667299255745391863751082631625021233501663171510687076314547942940165266355148908435923093784326286 0.091690760896025210078194114608189244066764492172495873216604437781630623894225544093059965478241884458 0.22663028993671093301635144875037040692958152225872476004243749812614529859043057510589113882662035129
