-0.81451806600466014207310981262841463798587890216178573327670465604549762574841491204480044848928315208 -1.0335168084868536514858585208458153319346616970481018335297335602409676078163362006704819613653048971 0.19327382468732266505406319833303963345940221867637719992168390053977930966787328330125678663672552548
0.576715694622849204405178857311833952208075436458740966819432675548073642895259165951732020180828155 0.86111192821678267810322835597965784099610971340632788410283746279451323790705624311585189651581769589 0.029631767232254158871739585955079842008029705827408788158582876275120446017047203390155845872335752438
-0.24946416182430000633942231029667069906514864753752492067912596601418822422875428766811180061144419446 0.3231858816560337885528776245732072205766214142165151056975898043785073557788087664833495330963757618 0.23713814080617600747969126134392338411709057571360202933810496868600550504318934795026070533522178296
-0.81892587451201161675964008007352336990334984244097542934022598438148325099183473393180033352019549477 -0.73959891621027445764227325734502783110237194262550077828548098878387233208474667040830646142416976634 0.39423938616111318569984390876912344046643003354919820097450122007218193043061136718973584951689114442
1.6529470726079366281104221991149257106452628001702478146655776487437890136736622131873919610313454356 -0.24849574324527716013263658450605948845215893539711434643530741423648905552754231822158512386413184102 0.50048706971744089725740063594949033288409064891036440868654148404553769459247834532814777953992481404
-1.5557246747663228081884135142885143645531945782384085766815668390527630534146483465911151106398427201 0.1659553212198691754492059637489069277142531067085763380319555382250462066569836430933816373818603078 0.11764649644118746480676327578618369802596757525105504828544837820683239154832173799605889591536794048
-0.63752671997608342874261763057963614845371560750793005847143675296782334800210649705205500642039404057 -0.37164300076080828999131599739300008854027369405116886401872647122168667793756705051773551253738732813 0.11231382691713932595234304903562498439914134320946687382344751105774438130209829957609519766319099065
-0.6376883798787068360284463666868705469280057707125847472089931023809641248973912808643496962608117868 -1.0373843660741886337813437707519824218799099150843690203436210459391722571173430912832166512846019777 0.17639470187245757568851543674978793150444167498019088865217269454839901579034145591477982036513643651
0.021147355668792756282081651702246673098930300421415945218465516554692889064383582517232606636087380748 0.10572386765017708353531570233219894914418508004050477722872176220778013854759648657084453006748148731 0.38245215132169752298515404872285763174012609591088544402428860214944081536236414796827814801501659794
-0.3919622414690110450562330012920845693741244154678036722940690715162030107082648764943100571886797742 0.39085778619896271138746436719985263322436702306424930972206734772113508068278346210556309816595938479 0.54134485044894080471503946675109281037502899819640609275428630289469481069166317204927357027123007114
-1.9464641714972897559416075786690177088435042100221749784892683117785864555848159335734076088557099252 0.43546613776026905078636777727250391460430115278698884272282373184678341541785266805131533298619119903 0.0079543982799233801997050126745615009963790170779892092396961485312991857536604308422158318277960784373
1.7758730864269938433591055436340014381268719996309189777596072702648658651984106951405700431867657105 0.80622830075541057237518369227383745742574907567029542147199250958836275291852067337985262978883803357 0.11632448069308894349528961467928400285820366665980152634398285567832583007203022190651180818925859443
-0.76837273109527122720173068223422044627595792364053730781693248516994640170541677809775412621095099658 -1.4058931002146663155132744395318139744169406601005139697707497619259108263908357376472461844579948642 0.26037611787187874341082220690258620355661091650639214219935021138370631239964243531164356714943460367
-0.61799686342606750818709882056027479670398190229660708349156324608723758963700749149230058503014411239 1.4220541962189517372399405001932015717318084867723247273404146005941266360921926241490578071117421643 0.46909444678591248926422248947429854601192258450616791225538651136248841157309217713470798737863429327
-0.1689298434490215639026564310271741707431713785627605390963129282011416278630828082793992427779079373 0.059414398877317231050722563245526093576100247455702995492801135290805138848558574813817880772559014682 0.20827672855191757102748046288161334297864079700941783590878292250570559625330318624108501603726248412
-0.95197270212904717120702627877489325275044761473279449771791861612311083558882369126903415628823263483 0.077517238079176624844657054557052919984774633602586573244094404480738434514013258620692221033852453664 0.45481069022393905130579895567757641085306568945120840190816902632959498867753694563053875325105928835
-0.94479503243372980450752597863304367581166959361089987157787923481130703813060450957924450798545288024 1.4945507541298590113530565122601726713992786839911634115840528833832440558471843277551172501955918418 0.41498559781809755212732770354482015945510372034849393342388283789334917994900164719828154896156878397
-1.0560258991391110441157356811700334914145108934455450784615773947074845399500826190562128698837472296 1.2580489915083524905863781274982864674914348007392816796179355342469219420540519646054400453500129237 0.49655380843997086380594576953294210126683521665689662141044324143416051400180936428023687666243344173
-1.4671854963730561269386703456432008138860859822144303713707783532232998284879662348653505076679815821 0.86123733203045318683997497852277583974240225956075250491133804238019707831760475639389069543053381588 0.46648074086155854116615768150661219251712691936060709821474348926272954491462949145276514442246065294
-0.97609970173555801610872863551314579614625832317726476507545362040237774257509723062331741542868358814 -0.49305448215818303997044043594110588846375465050196514316843106927253375010302264475490694838684173803 0.53835308345644802433098168280789076169179411898988184944497476200552727780309265828677296257721641862
