0.49437241590437303199565804560208844842003234453554410896413241735597102750656248610557941447261276062 -0.41947641303134176378387973183086142382928770849276492137850404809341931617784145136988235731859072424 0.43244639121848750869933431282153894387349867212628163314206141722041752890926866204910580215516794526
-0.53420913132077418101694263609940012503705212252150863173363559774597983770468972416901831318247138288 -1.1368024081521384785650915024692909796049792915882584974780325792508899485657090932677387796949679535 0.027630566664246428354262895858919832887429571906966238669816588655876347688934054299381087990252004639
-0.56889236908793870092648385738580396200841210584659234589445599314434864145545959022170157795255840434 0.78830380471306398790728892523174765540548092682111656437271522244676961308283303335752384756628463734 0.44645123248257032801863998015450028711319752552151332373060613824321662605801012201328653352624501321
0.29724601702751137666786473933374659827758881846389698253304201782842627624403956569925572690829610098 -1.6275421143089616487925442828241163009162499392699758229809135352711853826394688439613233280923608787 0.56499225693722180538371170109417209189005875106478687348762627132284333725769555114828220334309763457
0.90883267149044462892680417091420882223061384029976307458310096992408524636954868280579614338550547369 1.7183244491923934288345683252986837842372218222813547555008053280123270091224154906287287915233830757 0.023660635896384030788754566455553620840592201935499982891053545381014249509643636235971700597407017703
-0.56236394694899047486674513378204329658824126310503347686352835289806890528275567306511065372439578671 -1.0613784970039506184183346165444052356913806438485220173565238373163498460232201834042460198995601068 0.20018581869498718750547503779140884264980415605331415038453769562315886971694055042240526186619178259
1.5730080225642821578503713419339855991115998413906752874578084112871069590008703224420966363118307506 -0.42534158488947261922422161315257159531356778920466325081927504448335154151879439162953360575487207425 0.023829626994848959064423285697313133841202427159145088405877924343694943525101843816194320341634816563
1.2143060376910399394630424963380390644824412033231847556587518957535927520648245870716441456480559147 1.1484385724245884635550080065219813274605139374035301596869577239726008433519083667356038518007830606 0.34371572740500363490227765870026118712494566911087479200485813706222728390027272630209757224792611762
0.82121139926170734821451522230501540258678516755093526297929139777451832854882867640597372736149919177 0.95613372425626337055767058876387024685818377750967218435797204533741067476768636182839115295250871461 0.15791559135371654935053284510573983159275542903127084053825047793950297916262298048119021107676032763
0.13587262659265432105820742286036919544248975537046805684794603345033341525283761167094194818620218919 0.05221271248624660165914668816905804639993810708885583127351123394128110760143454315361078343322466288 0.48390020578026570403859328358252698211178681304863922673024258537294529351797239979147711633559039911
1.0039729464474056152446600748747769483146887441450988555857296863934883310933113844463239291969508783 1.0110112959687374049395254612910036245467063995170172664678616165365599588153543818445283798907105932 0.16605210639282338972073570188170864574921871684478047154030432066333228713437748143214859710409200715
-0.50901764170357246290827143430496569153433010870391265490346389869762456590031174004572584576811168475 -0.56436905960829545863489826964425114970498394051590971052820263025482685881193899896906896130664542133 0.53711317930030693078083620980511588418588981359777343999373196000354786665645383738311457968620764073
0.92356218388686901070288186581067322174718152160877069946732592507093010800146581513160774841578680393 -0.9037844248536227189173146877779297201550587516718078302459407128136255633139873400177256542152610696 0.011921304085765426298721076369684896520779734493110401179286173178396204578283894055022981957405999671
-0.12084486052567741837789425176390752136387118326570060068968185767992097776316887400672924999984678968 -1.6512504621603395255648016147134197854908305102422195770022771016876789516810924575784293521308862183 0.015330917535158705994889775013192685137243132459724046015184305477893076125272476196742573650265617838
0.1605773305883477815053725684401987831740409692080190353758687506789103269077166131967564066572666359 0.40059306879396085784130960286353884928383041938790989577370810269526330205476166910028582522383118653 0.17449843523178188967637128665990435427647084139719669473394710578465609912699760956527597822172711758
-0.92040455444273344733904542518280253404623825913803396422167443963614482529058947627155045373016936559 1.741743608878338910758631517845955067001659314285268470264255055525495625665707439722873526038548845 0.6048256382690766661037047611748945200038762899352182678303588829656862648753694801885197728003993359
1.1347597654723150334458404986734490955834758717427147248322694577263700084349727044398698420852969885 0.47532715068609073622855844531025755032728642846513761207938092846596624773633502633583094269947992095 0.49679927715249886981628500971548444594042009742921066025143831610932552775096364040347676546558327113
0.26546874577672340664016363553560819389936227757336260022677317707821605048990506409082847557290488195 -0.11261007179626175217681363324358237947769407461931633615046320258600418626558333208617810081186097048 0.54670196262752121326878714793760316410746051497041363793258495653112454971423228825640259882381644614
0.029140904025600491527405085107574356276458757531722803255540300218390504225308277147204936517120348118 0.16455694897608256086185894663315306522808735049600455367904444437229116853573560636891657398631749985 0.59861825106794080319109688091373451557409255775958645485842152106498314639676398130985870618026525263
-0.50578806046617827470376087989057975783048971523542299470607372474659955402209439188219157445291274796 -1.1201942783233343829468873817584292241180653263494271852848485023221483627585615535771294847450947734 0.08720389675156145937561710246007621573138530910964528965325035324975451927464261363695981545940226591
