-1.0964938717562291738349898335088426671109270387710649069879637079963543344568095641875734603176803437 1.2469066403800592545089601558667063180196913126390504413585935808665404644165443528203901403135560318 0.59580692424217153257004267532075313595189940989359651937021882895124813561000854928956322193144765253
0.52189316734542084200957002030090681320288457865089068645343151801622007151800824450231495487937746366 1.0035517629189717569709347496234518286388958352728824826661568490768009160698880253549348705919902846 0.58076472399112020970047501891245453452056667654301643774771833232577230942736028035032820120064699316
-0.99553065637135035291294481485938595506200760454491269461353915642789549601833336272994824688824038787 -0.38420288929232289202645464151858822341703316154362913399294251773792756589070398524706721730752212996 0.019367257875108745417106583487538055575342824504836919580724154182810429488088190407871771078802840709
0.3732937558198558113274828762828963288530219769125392441082012548200301668377657317172546051776182459 -0.20308334067364565518682581169481303460170935176475347541215311103525582727032770934383100571881876027 0.3395967891357598295999533038491784533482908158481065832315941328640586364949455402282353171284766999
-0.23499548163321252067195513535513879605211394210995048291499604970955393668652369431250832807549370949 -0.38197732356358450080884119866246834878322253627389712326643740820833678948207504866847593598487107804 0.30260725972997335900096559982761717225753741234686640333129326191842149852033274903801804824368643221
-0.55444134974818262888993397160473074289254090753060341598780604141678168086345435702781744238566627938 0.97378585218366097440063988340898512796673594670460251276189516991960205023505961863000728431628013628 0.41235657426232688485797238418649112647421056916232991485188927298156956884651463736110426500870596562
-0.57235813471054774638019877185443282713242665087999578067880013864516765003650001220088448865570596635 0.017447127412739533652493658301425907817489271609393466913155538770433803855850296211015818462243091027 0.42007996812128760603225063716788782013445641684465622030501827437334101126482606542207377971997944954
0.73771544890134509662505290334407177786391707853309644122062899497800271718718012693136055124270550404 -0.1101866721196798477501066473027282428666947534954354518773085036317694287582927053730755705615234397 0.46279023663929471909436656640740101694297523103776903126106143803942277168204030475584510641512561088
-0.40720545311403583500110310187152868862665366842552346944751283883501811324366172681644580007682303406 0.16507967507370841575490248676716307811319457471703509942671204363021239236064366656228880892291058174 0.37892135970653289817269266404554524444682548788129377611404999198496150899793366301951534130493066149
0.32525544103219114793201127228556026094932551267338826609957362221309813626712916752786670088268512643 0.0024265727779092918354527161048983955430814049906000543582410004164844185072082521817889929154540917947 0.16377671228879973989757400615065420207800241163591564390539033855089048546728253153492553854043934872
-0.36378585622627761046839046173196062899422039355185862387220624123737404405987395056889687751662795235 0.18484864035195699232606220354370903031431851991689905604631179757537823103823276190559165370144235436 0.6214044463355650212778415919819792421376141560228695972273567057777802253456283045033393079205342585
1.707111713740799849992513990782369095545233771515260466631763427255445959845081531309109481099990581 -0.56712520616173129933984358270864257761979159494784341836822447473376689562043529390493797244907145972 0.20977408032538869445062525539821489725573473033897602616233102558184335001713044979947560932834792122
1.6527369542227460118139882701642322383635654342676594356108784937472727281615827475694285659881765784 -1.0920700685305161996018324280565221407436940167174129628155637731458731874710953251348766202267297933 0.33752637270338241175549869824551905729761640478457579189343932824422775841097115993599848270216604969
1.1708381645560696682551351623079318228392920616577491557902119428324591204534599400293961115062483336 0.16955864986109755744625596972453326416743488906037113918112695219899258736836960255108786724084347057 0.50919329117210332393638660226890701701623307711737153172989090970395390525223248952215140371339660983
-0.36611861065313935002803149254832910500112090214031078173583118013588312941827108494084709087298756751 0.11694415041732641982287070705287440612269226654774641803870163729145322969133633142735940593165669184 0.29510762782495446291511669979859232383517225351406834478630695237255553188242027445300959948293900265
-1.549828329931200077070412898699424834213853697577706771132524064238491446509314622029640930625848826 -0.24179680473612626866581932876949838087974969549240557310062176088600248937633942509847435703202170225 0.16751558677485710703236052746920773304964002717236992466795377853524232563278108003682026107452926852
-1.152716504925678198616557262354047833668712156498265589015558470085329386399636676746255568159757188 -1.254143383023175232030521113850739006482166872590670626622410935387296819587194921857606118727478659 0.16281882820930897136082044562821660643732030194128572765602312240746916504954976290321186596591893153
-0.82621175416639823344063560744296484268492141439538189278970962855144705441865609676760264009482858387 1.1852598952675222532964122889742088310887867752640265673637041081401412951528284802533592542754206879 0.31181089898154454681182407804189093118927529208501399673563782689547486220952583858393789147127255585
-0.02275996426867641480136923085744545799406210055629649772744633897964270347984957785814608957201437935 -1.1429356336958149956963152114488394021313258178556199242895748364996219776892879016853140894153585249 0.015931286637495725217957616002890150664003958200107835301026586757560168058902825789514863260602141986
0.70962048832755819048876314269021910244033712473233306959307517220247612938358816289982234787963834214 1.4373511606684791207750185495875321070356012440543982902859021508354472037835330470639547545394197933 0.52489038210745452474920788745244057725545159918483794259346277338694196562690357136172306978603747839
