0.46417785022055964991289018821844394327113305184988109650273885189706522216148048030504024314962807757 -0.39397160891982195943925502991905983160618970536887119508246077865964213788400675585801976305559811638 0.52380253825973759809423222590509092341957426989002196133525162843846035106146626161159144853655161175
-1.4499532788556343309781445491734752857709427692204717244121378922987324728494550949761135071021523678 -0.34119541417828734235637626545667563246516832548466955229337495392393470558274761281304237170313484263 0.44112239453373364209463029708469939569587625000456634882260254129291381656301306847814657622996328052
0.37864285036671492396225919370198031825510723966025489689186719937844712053227195337893852840862299877 -0.54166691337727810702442083763372116499618501608414207788470705162747085839388448430260499634329258487 0.43874848313026841749862951119370334159686976497707563711255176522612080224544070788953048985163152675
-0.46501074981301453009811171444629982885704265450766480653847841512852353508144170525680858358164816706 0.43561974128701551568402563797155085584195950484876804992717621146317617900964870000654552615964126601 0.53829286217090449844941193047971808447595946750018714079427222069215283946486559696276096348436022186
0.69255078929608499511309901450853189067731187850204910125418377088836055713043769327952788929354014776 0.57566065694008803990344889174247173611426954901373192820516342054752147518285604709262690426795372183 0.57841607938741760173681314329377020489216081495389514618704658590903785888519200834610531312902786213
0.33760605880741092337720987121131864638412858824466233461247468556959935293468703019840131540864615715 0.38409378363060309164086748037819696575753684173460011566537175097336217430744489394827124576572366209 0.21159235456354324676347455859427119266586466759725114638115477029740701663199903933284092340715126198
1.8226548022881119630388774726888998156652918428094679045250397839402041674780530207934990640807736511 0.081676164392702934767634543478331962788785553043093227094524764094140825029422978271572479914829852413 0.29073886793747252927105954764956236607963655337924468582147971246410267217321319035767123277137981432
-1.2711904798799685982286922886018262585648372695928468499414162903581232672332554694261821348283456859 -1.362311265810511920654049056836036997407651079823945499279340844451533984476791663158856775440768685 0.2288368867929536763301429942962069274982633811537801292618565384085056523559934939746564137500498827
0.57353747095158299380432840877478345060710949208908402597631112426938353541115380373807626989329228526 -0.13770088109617170037615260281312491068305483844433327839478241748910234205105176027001338491216550734 0.4347255155921575523130426428804546953086096544633686745439666874920429238504414620906815693465520386
-1.2280896162862908561199936174903516104274155528514738440824004190182404785816013422412015065991131962 -1.0916396435781452026662355253114059373832748318696646929640070898182406188142291678561741715150658787 0.48194350996535380191408608778414388430060463286513661770949668931225849918744769040348481659638737144
1.4924021745972456612988292139971475802284603610316577789823981081490359216855818214364223773123277737 -0.81351410449984186859084684611909884199442621420553904792251209025757381928808181376394333317171716445 0.24281906353304682569409015473792321346309783825805217980887586526254916072242192486184704730896185277
-0.24732324555275563212008881965698456932790472308653642099129127306445538849770963160228104102543490156 -0.24556228147837705807867418096334678859793633040163536070545065452851372525956140566041053339996156504 0.26001080972357461644495361439026049063940725012941149494621480490622799565030320871008352220839385118
-0.31460174234438711764952938586204100034944755404960981679797024998517295915199844859556981894386433041 0.73831905714598868665384805663668423731667264864001181437382826471501463333070684765708074432887882761 0.035690119768463311192818851126126059789357059097680704797999443630755285472117730730039820265194175266
-0.080508508295973256038852489068749735601637155826461539475236336278099492917906025053134367959795092626 -0.39341839112299708124610509764508750590560229162996670942707709839205660544389371288990802329616339249 0.5970656770424913898483671028497914859792773824245237404416171687122113711854360870655757769755225109
0.58560201748975562786777786513534274080430889185661550744189348427395595957548488959118872376268191437 1.6943923068330322119231419545473809582617484085051513813842019535148738446258292152006730729265389155 0.29672913656536988697164604811021536727718438147328428557743509209689133317874158000017037151328681044
1.541611461941396419338666972069768582598834048919140237112865023872840850623806918961068319987872233 -0.52588116808053595286188503546525148417248939705667839309517450824357045285125286105574448591625393829 0.066420198246324890298065971957477541080648979553838488453075683779774158024538721961291865603419852685
-0.076040889077802577645741736944868926309000817626458663738599506138908793507058430270062309734416985232 -0.54299011528431469812712773397532844037385140477602771037330854828070613463253387997648656926738191317 0.3184658666853911493997320454976442276793675122450214938876627177457597368113843402576965030351669964
-1.1980680498569404294851140327856941115491822901176641905594206381446750319265300880053396758447583163 -0.22920075010981825071876657344387868703575218142676459165255463089912435804530914901289255631307629442 0.15076841400723728456966457036710873050761066548687190036843594038321453464816781362078302565511352069
-1.6559912777192449349349665203417692384655159078036363604506346969029557568746420617555081314759713748 0.46412433200257403070494886464674224756303052916652206513601829840315276417222474399641027922003301864 0.42310077665570021075015440902637824898847663169515896273718006005059250849221271897772029407616538151
0.035124392068451009787914793390538726639971239637112491591391306414351280369652439962804894602379922517 0.066104806794020769695752188392846038641965816864014954618869152355322132885842760062248488448155622793 0.54877533209943641590471908696343353721364371047129089160495299356852318217007794172656887309738401771
