0.34161465564418277311036188530428582730445321545169786652191988938313089099706302220362418289953778504 -0.16193492685991796686438044115421002737598368623837177201582843307651896858316477428629787643531400883 0.15797441967493577706655730749532072768824333773721076740089107815187755177600101779714167457806034087
0.14264376703256933976335886218588878625335950378531658147328977343909531388291158147905779081149882122 0.71665748594929180549278619160958579696363844626338728371644355499521789594630782655141756760752994932 0.43500986472935660379426706877921032086837216226656883755938731885246054702140752557169502771164915231
1.2994639420788928880253156246188284475315604795420984812692087990374876008372637435916891678314157407 0.64614250619337505335388242835520461100166305148140179871842259791457093840653044092311026287595634146 0.18552511331322145191076596146067896423251374023277175848909515113223033999409032901999799809242833686
1.0593261004704151209248438636450071649523705475001526890382892139510044155787476387734635045216000908 -1.0701034032221701284264311481459663180246670196276682467017998446427668870116471815669738037666786703 0.24023018621077283363596343847809579395295307802289627290346301948171163260670197665201816072275890332
0.38504982824679863291353850772691594720106675221141404834843484737214149902680417319532033849241563296 0.10480516511358201278540857489769968890721514524755196218145647571756809037179759795211292693390023719 0.067704811847130640305829762295155560329818515383831873302911644150240033030526421230855739918757960744
0.0017708056888324861904566596144429237768819146194969691761846953913787488791458429861708577790099212303 -0.0057034042423821755367005583649952278249519518970412214230516489268263027146943886532889319173842553516 0.49808700033681578722661321119426879527490376393174398352520453502050145611874038264613217107549282764
-0.95763233702085059903181495769669174430373367177391592371372238893897529347942220135913781443096359166 1.1454530023232946334280476701832941673650638301226476729671316327067396254603829531879649890724230961 0.37598047913854337550494591664549942327322036730994085958477257291601814773256049804372521951890708223
-0.63185684243050319552466561319403743289123907508410457892250661790113739273787419478322223345534609305 -0.21290011538946234252219660937064200699959253501136369935082843456155777982505522152924805731050814227 0.48712025068096430707145443276357753742628959409575546688114982835333901988662869866149745496499969928
0.65827805115183921744292563838092295078345018456882029571808919925383826348505588938515769928561451773 -0.71713676746075609937010076467753321621640219049063622015179091788583743417585566058112721596915373621 0.12765476543033815069800427112796112358023331518480752825836561282503896026979536283684594082989458917
0.60059117480616915402234343817589961402846830828661323296852122432815959066939755882175008893085743338 1.2900740635894955140480958846254151578790993637849338694465262992503344887659110541932772738164336648 0.59625281314177422606487205932213996338484549300525613952734897596363829383586515155536274050758882937
1.1963918349136202676336842101621308893121352635817605215927428937010736425280895409093244240819528161 -1.4037427697736407427168231043646497273414568655331894139947775794825250153621115121081147708127681067 0.037803611952398887685318008596047302261463725742825712458623248300671246551051939943006908397440892634
-0.029923686494364871995710759786608725691007480875496091260443426688019674291431599457858351356202662176 -1.1631945060239205097552229207383527397414146893360314242909718255317169158319059872763181475052106278 0.41442609509420095004135829608701289004355315242195166900820747033199111740065053120591532480059728458
-0.29482171317313718964917554384781530998075035894750212880906857733727338492817258219854570678623974448 0.84465990957347614244318508066177613459259076898403915704495004078850461072974440080450308791375345876 0.62175840987414678308263298056155685173233105620102090537282174170494939111598028495205506434354787431
-1.3862414615340033401113855597438975525819183566850709860372671570523201610158980849216735943318609183 0.11372127680277013075815337247486801097499519363801091462543092135082514658436305779426473487167972188 0.29745221975190841875037533482881498063420751886903932177065440523493450208226904375292710319091828925
-0.24261230802271323615503209164595065413122958619535946131051270202622320074256776116142545585123394327 -0.0068378320563711821011599514072396955367792426202111386891381094294288917832673074274872319534553259633 0.408663067050795070154534281716044985689912588107385987844449925361958006541900813019347085702559767
0.18061045837679411157733507964915339658122629909634121672201470264798014997125363800070682927912286487 1.2586219129833023569003281792897163469332867865561380725309347827383438625195149758224586598455004166 0.38518273524568188223495304955402165858458357066422718454727670015455938340490141651668859270313930782
-0.038396042842236334155884926471653485476548662942621469433390349182657308825287008693358480672688235354 -0.32796372685960305215695035429082994395989418770390621704443259685763959771650658939407175845894170168 0.083623545549798951015396662287125455427732595042306456988915593092388218871067017236473383425451159525
0.60589099029104675977216244784887923734051407367890738403911403659034491522550899173106083088694566102 1.694059326170254980554363067700593047783760933010796152553183644583869189006210864751926280834862621 0.42552416333549507903023839303135499864304721315093007377437569020807316748121305436157938595908188228
-0.79494604946122225046627331458710023739474929453449809097237003923215568859995669254472658261723625292 -0.31355345378334424883848572129568821605496647596499667447145378391537770003997769612130370930983655407 0.44821153965648762260987259334003413575268840394148919984668750662777510345928163379741260701004831947
0.58350437356344400886835549326184675179945605455003140571153986655589797988234586527180616394081335359 0.1902742844222696093397267454193130905101610336522265320767327233641502215720662372107021164204208816 0.29465317653519614619420068554624944905065096716371360800959641961949303735258593957906645537973458318
