0.39999916890613017998094260718578937686572034710859458023394368846308458585719885612662731978849793303 -0.26170790766972185121607971534995817624050401362897231399113398745207375876427051499699910729016198456 0.59811485686375445127606745678588843331652108136280267217973648547171450961146924677298391895278896011
-0.050920844884316446064389364662238074178861961164390181842806909289318314904144270205094782676118457215 -0.20165959367597286900114330198134243457581885166365951169445172592780008188454034239631753899703362236 0.062594953342261331794904138653427457536958788491880492592862419743071055584019140782341281620040263034
-0.10322838175948222358518910360697324871437366532283108320740782712789068001551987857488903047415810386 -0.053038604821392014974226810373896588930050948049635622589135742329132599893890163545859743723913822177 0.10326782849646739231701212925063095638368777222075670022596063731080891723447961613483925139496448238
-0.43181114732710673303124957760478203286079937733299732941418511645139300942490880522073880329967501937 -0.047776844306406638280887343466496409685067539713222160151693980589297479948179669958741268335567631096 0.40103955555418891417109504471817148664538130845980357704066075123819796574551732467017913188420090702
1.2145452089524111049740666958764950462359241490383568824178811095253781407661642701225775232254336354 0.048238100089675955971026466293357332091383614372522118876146589430623125139587515437267224024500588149 0.50439622292756889904917727092616142582776994201545477361425378664473382692810765351068973027300431683
-0.27165547246565361270999708574063876389783173838376052470405767916450707984604898491706585428552748976 -0.09921818670401048564577234052738251003836525156998147297405949396097598860890187527420743160858469812 0.18655827208775525526073969319622504459527151258280437643734861253309644260828009480338247711917837678
1.0745936865419260781884340619818346324338863491150976957562225411202251366148064129313633063597032448 -1.030174104700853924852805285263565001762543070237368391977081613135187478504343420429292156183304444 0.42200837212632214154987972226324842858819226311998925369137066381799181681910700152973228201036236038
1.8672564654167411813487030132752499242719584405959523191548137222311154902789574068889930824173697571 -0.13323233017316958089757386968306633472095702440035899872746234268299589759781078229768997875733604188 0.35088265948882038261846975985745979512262727216367778130245836060311887070675089039627463973834543183
0.42077050618465750081724991421057549693305742209476295721390982139456079093506228967970687270587053958 0.042448525094315950383720130448039718292424540524613122543236932773055949393102914489042085854172441853 0.61839571283660586929015858970678901294968748950365080619830968203778555609782368351867197282590777378
0.87305452245845794061095585144354768381532803309937872679685536552069527820504241816522037495641340422 -0.81032139439243716296508122997237818018989449759243833161327473040044141011934291427552334967474237026 0.60477650897751108990808569306826801393732918580352582775725492547505936982526371518149820409257656295
0.83477551688231567946867820889751714752030548152426038168749929435873536858805413373759265639568092889 1.1709482114837626767829583253186013849120828118237567812979431454508965473857511312583121629437934815 0.065896737881606521170073767178691199149957699491058776913836854139874122366791843051579134549459664999
0.29891320040644221413181063035140520797348246272735597531558187202631029441157893566003886819362188088 1.0835631374357656143885984988602530954928118649373758014195418938106990516817955673789858357909611327 0.13290375541898516690838450588786402557171225658081905966147949260474794311412199535427360263418150531
0.021459187458207894194750815256462891045377806103237848694688680156854077966167277171699295063330770329 0.058990425024142665081524899587580672144917292179816701152694084254746487116511062042422066695949642289 0.35562572122609407084126630660797854815405824775760582965513815086690775669761251431184143768690882875
0.26862956697539639305630336723584852583296660648727960058316264793787689617335675467499688577502155319 -1.088448538308996717894616225399587901953269472886811636698603690842430244643129992827064816613472589 0.3022594190788293339193001935556620279249587723471032674541166161419988822745702890908431355841065942
-0.081683662760808945404715357389111433531676570424913258222099510991805514479923941107318631265027376063 -1.1920055941871724811124930466272519733117507457386011604134043014617398844594428005557319990845047606 0.53559127306517668943056915927583884853363140863000600963081050953002103308536648195940368584594240485
-0.19144204360093986625257343060142023400870043111806316257934777243420556359532926135288539882557689616 -0.00025239902037718981787777531794629829068870685189542568865308185347744775721691178070958255321262158471 0.042102813705031008489390322481461153026682200249569135734456856981980179200396424900941253049501026217
1.2313984970486390973991493227440940377887965972696708519564421108884769993975301338016398963569867 0.66310040731995768216178102682310390653974692732555855617845487600995119725914082353037592473755712139 0.29999339255942035641358359012667352109283939715255445156121916278316025191421542431041669423798719994
1.2066072882804583178449617847667604863869105547641906925463433353920705858403862956636948418936186776 0.52146144929275849693822289327244629877382102210702430234526420962661076603741699989134115883867097094 0.39516806123065944079787029738653454662322842119616018830200211732115596987983421748431337839661054401
0.92303293822143261477512954382715786724431069293395850812179151382888651437339555374973478603000840901 -0.1242134721742581216946009219436062065387774431460232730216231490472971249703180524324582880111903332 0.34915815898608020871967940938579602076708055415170009871032208231866981919733870381883116726025922753
1.1706131366897070746776127292073499670362760241861052901666041215086228265797029857805718802220875059 -0.32646006485020682560891099008484888916690601299354892620477335655227346906052568578558427889065829486 0.51854506910929930348513799191314270307398975440316571788887337275444879058543810213578191523059332198
